/*--------------------------------*- C++ -*----------------------------------*\
  =========                 |
  \\      /  F ield         | OpenFOAM: The Open Source CFD Toolbox
   \\    /   O peration     | Website:  https://openfoam.org
    \\  /    A nd           | Version:  8
     \\/     M anipulation  |
\*---------------------------------------------------------------------------*/
FoamFile
{
    version     2.0;
    format      ascii;
    class       volScalarField;
    location    "0.2";
    object      CH3COCH3;
}
// * * * * * * * * * * * * * * * * * * * * * * * * * * * * * * * * * * * * * //

dimensions      [0 0 0 0 0 0 0];

internalField   nonuniform List<scalar> 
1800
(
7.64735898567063148e-65
2.14718770042798857e-63
4.64941641369430416e-62
8.84650485434665304e-61
1.52967492198492874e-59
2.42001235310632957e-58
3.48147849477765422e-57
4.52007496154939536e-56
5.28208470190200686e-55
5.58936168632781409e-54
5.50415892651194111e-53
5.44789060674347256e-52
6.08199882360541233e-51
7.5358011442293349e-50
7.89690712425453691e-49
1.96597319913471e-63
5.00383121390991239e-62
9.7810663872295108e-61
1.67224731767083686e-59
2.56803348478818551e-58
3.58000279865540695e-57
4.52789438152048567e-56
5.17904133078086502e-55
5.39319917792365011e-54
5.31474150779289312e-53
5.60127990334582973e-52
7.67966891356806972e-51
1.3497477164577174e-49
2.30011632181893723e-48
2.82393963975393252e-47
5.68415507013140979e-62
1.44739339408437461e-60
2.81258984499248511e-59
4.78309301206368043e-58
7.27206253222365288e-57
9.97539090170955874e-56
1.2376474698987142e-54
1.3910281735588341e-53
1.44538423861452246e-52
1.51480935620271082e-51
1.98139934139554428e-50
3.70308642205456607e-49
7.93503183492608816e-48
1.47309272224813965e-46
1.88368104229356862e-45
1.53533838289279338e-60
3.97858945828191839e-59
7.82877957305837771e-58
1.34747563642214122e-56
2.06896255525081646e-55
2.85385135432477345e-54
3.55372186540475763e-53
4.03406148372379233e-52
4.37960197912957517e-51
5.36361095123806443e-50
9.49639870589900126e-49
2.2770475572468965e-47
5.46241474619950341e-46
1.06756233554824715e-44
1.41102260591693193e-43
3.80705748230469485e-59
1.003854411097281e-57
2.00347960016377653e-56
3.49607765071282621e-55
5.43961235517268305e-54
7.58937135769705707e-53
9.57420452390672616e-52
1.12046565394809101e-50
1.34933152260213837e-49
2.16194914982858408e-48
5.26340271732240487e-47
1.49401343048574065e-45
3.84440518369751338e-44
7.83492916743042139e-43
1.07338025469216272e-41
8.7033502158170825e-58
2.3376938943660666e-56
4.74559372874801178e-55
8.40780773231391597e-54
1.32667076160489055e-52
1.87645156518007928e-51
2.41869455550316128e-50
3.01671695858793004e-49
4.44092823527638946e-48
1.01031382297692317e-46
3.15304182123385638e-45
9.88870189787855839e-44
2.67180797742688732e-42
5.67425116432492057e-41
8.11042008764017519e-40
1.83353366553549455e-56
5.01613624750545626e-55
1.03578603186945269e-53
1.8628183718153275e-52
2.98125855839437977e-51
4.29023041721130843e-50
5.75902144308681183e-49
8.21461863678345368e-48
1.67172967932792923e-46
5.31165251378854507e-45
1.93481718357757163e-43
6.43380931270509824e-42
1.81351918407517022e-40
4.03831539156616514e-39
6.08321777763927502e-38
3.55169496809658159e-55
9.91309176213367558e-54
2.08766834325442711e-52
3.82189479064495564e-51
6.22712020249243117e-50
9.21980840816994427e-49
1.34835985089338836e-47
2.47818712550410983e-46
7.40242581455106287e-45
2.9714524741150665e-43
1.18236284658914878e-41
4.08344125375484451e-40
1.2051555356185465e-38
2.84490833125988935e-37
4.56938069719651053e-36
6.3184560384366872e-54
1.80679978153496709e-52
3.89173781791248279e-51
7.27693140959270185e-50
1.2162388198338774e-48
1.903042532697603e-47
3.32579705277088628e-46
8.88129924213876279e-45
3.6541044154483547e-43
1.68402349838050431e-41
7.09765422065796537e-40
2.5226715628299747e-38
7.8845207262283731e-37
1.99931608512385209e-35
3.46075585510688615e-34
1.02541391035085321e-52
3.02962590002207951e-51
6.71769037706837771e-50
1.29541082438314403e-48
2.2693030372409178e-47
4.00211699966476702e-46
9.57029105296360367e-45
3.755412093020451e-43
1.8881633719113529e-41
9.48104464316609305e-40
4.20164138207502877e-38
1.52755605189288e-36
5.13181634677554812e-35
1.41230790413706081e-33
2.6526535499739248e-32
1.5041422288571776e-51
4.68953119823584424e-50
1.0815035355554719e-48
2.19522062987955971e-47
4.22286110667749944e-46
9.43267530254761012e-45
3.36349684434987781e-43
1.74785434898687962e-41
9.86765450082476613e-40
5.2975171410067559e-38
2.48399150652196877e-36
9.12278968023529322e-35
3.33942810532146567e-33
1.00181570206604326e-31
2.04921751351558055e-30
1.76675763607399786e-50
5.7447288355342623e-49
1.37047703123627685e-47
2.93438030448651839e-46
6.61950089315720852e-45
2.07984738500375732e-43
1.02532551457056618e-41
6.31590408194613345e-40
3.85083319846092292e-38
2.21159768052725181e-36
1.09684085645476532e-34
3.95220616393620738e-33
1.59331228219264271e-31
5.22656166363868266e-30
1.17275028055467299e-28
1.77430551680188607e-49
5.88931676406509512e-48
1.46758836977248071e-46
3.45631825499757051e-45
1.00805394696896448e-43
4.5258868046363551e-42
2.79190079550310785e-40
1.86875573168722072e-38
1.21928104450621681e-36
7.40110920283467248e-35
3.95071994761059323e-33
1.69755205576174163e-31
7.55104241227907412e-30
2.70986998423682273e-28
6.71643882132719349e-27
1.55776099124109339e-48
5.32985407503219225e-47
1.41318699903244329e-45
3.93300280552997955e-44
1.5325188125241737e-42
9.13537018511549819e-41
6.49663559059852117e-39
4.59378419827297106e-37
3.21529936450131346e-35
2.06256244168390149e-33
1.12247250917341981e-31
6.32996322544461604e-30
3.07838594669254053e-28
1.21596604958270063e-26
3.37093278017999093e-25
1.20969964388924872e-47
4.29953993704296151e-46
1.27771828448341434e-44
4.63492999103872844e-43
2.57102343299141872e-41
1.71989750630249496e-39
1.31252355515340674e-37
9.17336898200370009e-36
6.85632524358569156e-34
4.98901218006132231e-32
3.36467055659091693e-30
2.04432333376479641e-28
1.0888770255299439e-26
4.78056932931899126e-25
1.50531939218195742e-23
8.37245430971150345e-47
3.17311616340281055e-45
1.12230492732852808e-43
5.56213525614339741e-42
3.75826953172624162e-40
2.73191419276327626e-38
2.21052449273668418e-36
1.85600427773641002e-34
1.52808492966826929e-32
1.18623572450090196e-30
8.57968030851605505e-29
5.67987035082144959e-27
3.34137118371345628e-25
1.65021159083296656e-23
6.01244709240236743e-22
4.83721709308390365e-46
2.02194414103508656e-44
9.2199339596539945e-43
6.2327521786530929e-41
5.40048771324554906e-39
4.68929636605491832e-37
3.59236808294265396e-35
3.28692834967249087e-33
2.88345181194917897e-31
2.40241162042647477e-29
1.88117106632200242e-27
1.36442281133861137e-25
8.9370391040816627e-24
5.0293317389512673e-22
2.16734708874910994e-20
2.2980937606442312e-45
1.1332441216130415e-43
6.61903720907598029e-42
5.73109368882240667e-40
5.75474129029569015e-38
5.57445836058845498e-36
5.01776498218694994e-34
4.9077515229594425e-32
4.61957593568408147e-30
4.15242600413783476e-28
3.53867366402225477e-26
2.82903023850148942e-24
2.0810013778451566e-22
1.35400936364728156e-20
7.09378939479199851e-19
9.03543381885112834e-45
5.40690342797497521e-43
4.1921471448304606e-41
4.25573242920653048e-39
4.77087480631628134e-37
5.39984507776500839e-35
5.97661197570598592e-33
6.31399045866926408e-31
6.41994621749130251e-29
6.25801008466448122e-27
5.82585707218534306e-25
5.15040716683319446e-23
4.2771366224544929e-21
3.25892715763361468e-19
2.14543453881743568e-17
2.30598015279690669e-44
1.84057733002589389e-42
1.82410204022896887e-40
2.15437173630450312e-38
2.6947388061766485e-36
3.34458303337259038e-34
4.02115076478625489e-32
4.64903960802362016e-30
5.15893239225727649e-28
5.49150020788969445e-26
5.60638689277044015e-24
5.49060324349350023e-22
5.16094140850945286e-20
4.65946141647320029e-18
4.04415538582502088e-16
3.30860792481389655e-48
1.51721044761671677e-47
7.29273522453399695e-47
3.40855617962859111e-46
1.46964774567715818e-45
5.71459282480518212e-45
1.99762238232005243e-44
6.30693125393093533e-44
1.80750484803163185e-43
4.70916397488915032e-43
1.11918066819956159e-42
2.44803757392534549e-42
5.07723527600896065e-42
1.01824072850508782e-41
1.99059297330805603e-41
3.8093309171521868e-41
7.15451937677163758e-41
1.32115191779091892e-40
2.40172081142970926e-40
4.3022287340369009e-40
7.59887768716736296e-40
1.3239545348482184e-39
2.27594309354809622e-39
3.86053311889631887e-39
6.46151455868724978e-39
1.06720688317007947e-38
1.73978000074538571e-38
2.80091005082257348e-38
4.45952492219560669e-38
7.06103133384644841e-38
1.03878120308477309e-37
1.35677694700668378e-37
1.73735643318117336e-37
2.29856273342966397e-37
3.08307000906421746e-37
4.20070093933856451e-37
5.8532209308237387e-37
8.44317406226728123e-37
1.25598972637356455e-36
1.88077742693496742e-36
2.78817988442549809e-36
4.10119620692568473e-36
6.0401318207949776e-36
9.02567878167925051e-36
1.36220563970696297e-35
2.05022576839317913e-35
3.0459738463729535e-35
4.43550736349731881e-35
6.28188082299049141e-35
8.55278805726209903e-35
1.1319317025850147e-34
1.44695988713960738e-34
1.72810770033190873e-34
1.85255510512346465e-34
1.87513629594122552e-34
1.92449046639465476e-34
1.96842380936037163e-34
1.96968206058901994e-34
1.93173129497041669e-34
1.85356866469887524e-34
1.73672217595724574e-34
1.60112558592648624e-34
1.44422941978031502e-34
1.26920864033375769e-34
1.08223229136178748e-34
8.98225333360211469e-35
7.27698374803782047e-35
5.77119617752384441e-35
4.75498439243262143e-35
4.18460865575597528e-35
3.61041810003542412e-35
2.92016595273281156e-35
2.17605203972371933e-35
1.92999790481782281e-35
1.94425402060343261e-35
1.20178405120623458e-46
5.61176757805334872e-46
2.70474144058471944e-45
1.24339173552328619e-44
5.19586164629865765e-44
1.93671231781483395e-43
6.43385694448669889e-43
1.91761717277741816e-42
5.16473846404506283e-42
1.26021893062645619e-41
2.80267573578200099e-41
5.85093605649905287e-41
1.17485040794265631e-40
2.29203748844839764e-40
4.36803538983175806e-40
8.15939962402101136e-40
1.49751879543721456e-39
2.70516787702259106e-39
4.81631015411507801e-39
8.46063544628719248e-39
1.46772450603686462e-38
2.51629603829862663e-38
4.26609341990490441e-38
7.15630362391657285e-38
1.18834384651081333e-37
1.95419664085891049e-37
3.1838207211022302e-37
5.14209674622090129e-37
8.23768930699366288e-37
1.28889779753569396e-36
1.93492544389838737e-36
2.77708176167596618e-36
3.83622025828916553e-36
5.05457698672064167e-36
6.39925442437577025e-36
7.73988324886486819e-36
9.07251124310168544e-36
1.10411386361921865e-35
1.38423692719327144e-35
1.63717894471999116e-35
1.85545212318781072e-35
2.13599948768364755e-35
2.61769130331303109e-35
3.4470890303399269e-35
4.85073839539556735e-35
7.21022304482060142e-35
1.10190390825140881e-34
1.68565629212294515e-34
2.57251603985605692e-34
3.93410271728872441e-34
6.04610523188520718e-34
9.30128599933900027e-34
1.42338997623635084e-33
1.91436399778969277e-33
2.42218635665437059e-33
2.92432985409287312e-33
3.38577599315735822e-33
3.74618536980532053e-33
3.9766941481000307e-33
4.0747144417662627e-33
4.07405618684668358e-33
4.01591089066854009e-33
3.8980702939344249e-33
3.69412925120938599e-33
3.38170082421302367e-33
2.9666626250626298e-33
2.51477588217620404e-33
2.02159003112910606e-33
1.61711182847163617e-33
1.37100808049071359e-33
1.09564325922077068e-33
8.04339399817220831e-34
6.0000778134168448e-34
4.5774826250017554e-34
3.69379554590316576e-34
8.11755910145440251e-45
3.85114971420945765e-44
1.85909738090871691e-43
8.41708103084048656e-43
3.42417577543921281e-42
1.23221962667379626e-41
3.92370868503664546e-41
1.11307337110860693e-40
2.83239385179100413e-40
6.47121628438657376e-40
1.36770532869209782e-39
2.76238533630295773e-39
5.4001205868697502e-39
1.02854910931130096e-38
1.91660222087992236e-38
3.50389761516797138e-38
6.29767648068795822e-38
1.11455021287162957e-37
1.94464263676782047e-37
3.34829387080197699e-37
5.69371900451826301e-37
9.56860649288890522e-37
1.59016280487817363e-36
2.61472616238707115e-36
4.25668478000494589e-36
6.86590130694246499e-36
1.09831609589567812e-35
1.74482878565467732e-35
2.75729375268105104e-35
4.31413056445517059e-35
6.54063194601669273e-35
9.47793949741352371e-35
1.31049780731619056e-34
1.73607438400379152e-34
2.20419187669079026e-34
2.69632517251570653e-34
3.17776758473897577e-34
3.63161282355243479e-34
4.16934388901050419e-34
4.57430866595715052e-34
4.87008879359166408e-34
5.30614476669024762e-34
5.95118287358037268e-34
6.92713422927471792e-34
8.44533470523873187e-34
1.08544125315431366e-33
1.46443122594676022e-33
2.04602872897195607e-33
2.93584271723485902e-33
4.30714275443703721e-33
6.42297798710656103e-33
9.64802123959372727e-33
1.44297707795028729e-32
2.14361285591653282e-32
3.05019684319534058e-32
4.11523853094897598e-32
5.24762109210207697e-32
6.3246740727451283e-32
7.21277435808417854e-32
7.84963483982780276e-32
8.15922717830526133e-32
8.20537780877970384e-32
8.14645847765565761e-32
8.0049458680487141e-32
7.74083561062340357e-32
7.29333412806254315e-32
6.59113314780858724e-32
5.63860837394989195e-32
4.53045933732084036e-32
3.54386734639592877e-32
2.77037338538243249e-32
2.12938212602429678e-32
1.58451741442086484e-32
1.19233512824393588e-32
9.2092336593911237e-33
6.21276732229171324e-43
3.01925354109876582e-42
1.4656943655170315e-41
6.54692252742817357e-41
2.59728006199773492e-40
9.04351475580620048e-40
2.76662206248737714e-39
7.47980756681622314e-39
1.7962714505986904e-38
3.88733702310642717e-38
7.95904895322482399e-38
1.56877537895342369e-37
3.00233541447327066e-37
5.60762530587072527e-37
1.02569648669761726e-36
1.84188147011929708e-36
3.25328576294288278e-36
5.66014766333339992e-36
9.71106381343185036e-36
1.64444871893645901e-35
2.75031037023142902e-35
4.54540285801357658e-35
7.42610643238813284e-35
1.19975078178822322e-34
1.91739963398303141e-34
3.03263132256569597e-34
4.74979163204927877e-34
7.37215927655510281e-34
1.13472650829743199e-33
1.73460688357578249e-33
2.58623399407381138e-33
3.71041726658859917e-33
5.09071565498139797e-33
6.680633106768176e-33
8.40349644800059057e-33
1.01630993719348963e-32
1.18946087659806578e-32
1.3517440338426686e-32
1.49419561841913415e-32
1.6073792859736829e-32
1.70427790697863684e-32
1.79355383023001773e-32
1.91497983706931776e-32
2.09451762051461158e-32
2.36349386141727475e-32
2.7721707763914896e-32
3.39986861297323607e-32
4.36603853966206697e-32
5.85723064086015559e-32
8.15457471389740731e-32
1.16737978246642973e-31
1.70213001118483863e-31
2.50666372962896625e-31
3.70420193134807075e-31
5.32447332979908171e-31
7.30252589363683199e-31
9.50614920907249401e-31
1.17146555030067169e-30
1.36301969520206222e-30
1.50556342473640772e-30
1.598056095667707e-30
1.62557715944555105e-30
1.62159344299858646e-30
1.60190816326861197e-30
1.56315463182391613e-30
1.4943510408576067e-30
1.3821952352604152e-30
1.22194500938766037e-30
1.0227658324642937e-30
7.95023225691579187e-31
6.14722137785908105e-31
4.69313981176683982e-31
3.46521173459279723e-31
2.57454356236616831e-31
1.95459554867634743e-31
4.86933495644449106e-41
2.43869294181963807e-40
1.1911055746509554e-39
5.23814685062546022e-39
2.02274570519005767e-38
6.80650165156055753e-38
1.99830317081988832e-37
5.13567858506901861e-37
1.16151634428335631e-36
2.4337131866588885e-36
4.86576185958814243e-36
9.39835325291975365e-36
1.76563358788097287e-35
3.24020349409173412e-35
5.82635197460543518e-35
1.02890999187065339e-34
1.78770946506038653e-34
3.06035732994708498e-34
5.16763681439186195e-34
8.61476347885607235e-34
1.41874676725704075e-33
2.30904345064759567e-33
3.71419900173853908e-33
5.90429581121368343e-33
9.27446987465930348e-33
1.43950552632615807e-32
2.20792741511532332e-32
3.3473057768330398e-32
5.0180102754428634e-32
7.44943318911147605e-32
1.08152749558981769e-31
1.51373558189098671e-31
2.03018313409417631e-31
2.60659725634925964e-31
3.21297225755677022e-31
3.81667714532773155e-31
4.38920058270692091e-31
4.90274784618237043e-31
5.32819518261316478e-31
5.65492800392942863e-31
5.89274631569446953e-31
6.0902910354453021e-31
6.32959716154989732e-31
6.68443513708576956e-31
7.21809017377970853e-31
8.03388513476599611e-31
9.29592872282956353e-31
1.12622603027660114e-30
1.4324367205138256e-30
1.90667925030524025e-30
2.63505068814754085e-30
3.74190747840290741e-30
5.40224561524060908e-30
7.85819424647232159e-30
1.11219949067688748e-29
1.50408901697151576e-29
1.9327174456554378e-29
2.35958246786015769e-29
2.71014303526277774e-29
2.9611742205257963e-29
3.12655420286015482e-29
3.17465768329085113e-29
3.16373880232625251e-29
3.12138218878667502e-29
3.0389794781591326e-29
2.89433655742145485e-29
2.66407308035694206e-29
2.35226470384658159e-29
1.96887400020386955e-29
1.52765259303168252e-29
1.1726875167280816e-29
8.90464123786227467e-30
6.51014965447630902e-30
4.78771240196910763e-30
3.59394642774950097e-30
3.82576788235087472e-39
1.98362892366535867e-38
9.72521283266521073e-38
4.18961009150890915e-37
1.56770997173519277e-36
5.07767143109122533e-36
1.42494506521297228e-35
3.45960276062066633e-35
7.50322688493478105e-35
1.53218261020134363e-34
3.00163012404155835e-34
5.69329806357428309e-34
1.05121963852816598e-33
1.89641247862687312e-33
3.3519294912811136e-33
5.81781387340145717e-33
9.93430405779645377e-33
1.67134734417737795e-32
2.77382547291422203e-32
4.54686784137513447e-32
7.36851843484057442e-32
1.18092875617851003e-31
1.87110990372959728e-31
2.92874499803112514e-31
4.52528123771364399e-31
6.898614326053425e-31
1.03717100098083247e-30
1.5367083658253145e-30
2.23999031844323466e-30
3.21183254977861339e-30
4.48372382973145271e-30
6.04271634406647384e-30
7.83582957164375831e-30
9.77220451168674769e-30
1.17377122754249022e-29
1.36263267366726055e-29
1.53381578753275853e-29
1.67853362753328439e-29
1.79062895599673823e-29
1.87003465335949225e-29
1.91999228379556901e-29
1.95355946849826722e-29
1.99272967022673679e-29
2.05178435347035037e-29
2.14380697443464318e-29
2.29127550437129214e-29
2.53022100567954163e-29
2.91627456549873304e-29
3.53330392584797985e-29
4.50534919107451422e-29
6.01325025398862706e-29
8.31757574486651811e-29
1.1787641713962919e-28
1.68445487240248474e-28
2.34719749728964966e-28
3.12776457491313406e-28
3.96165088894497517e-28
4.72220798743374832e-28
5.30807812164468599e-28
5.70349220172746781e-28
5.94074188047482147e-28
5.97884546595264167e-28
5.9367169973779959e-28
5.83285321269712994e-28
5.63764291149886157e-28
5.30336300955443314e-28
4.8058113720707821e-28
4.17126456515686658e-28
3.42964415846933984e-28
2.62718847758506159e-28
2.00554399789152786e-28
1.51481620082075714e-28
1.10372186589305112e-28
8.07754339406582052e-29
6.02105261561408698e-29
3.01701961824333589e-37
1.62425510242349625e-36
7.95778850054150971e-36
3.33584352347922243e-35
1.20297127410187699e-34
3.72808084353295377e-34
9.93648645354168538e-34
2.28156630556809842e-33
4.80595091751808405e-33
9.60908957115735767e-33
1.84905474935300616e-32
3.44933282170664808e-32
6.26521183953681136e-32
1.11085936867621353e-31
1.9280267747958853e-31
3.28329928073915213e-31
5.49866031439620129e-31
9.06701559411310525e-31
1.47299939993718345e-30
2.36496399209351309e-30
3.76205330709094206e-30
5.93100232557485916e-30
9.2534320658888746e-30
1.42505592180690336e-29
2.16302013798581708e-29
3.23496803572500571e-29
4.77077537161803642e-29
6.94919921405674226e-29
9.86700750562748246e-29
1.35312268779080159e-28
1.79096149690778393e-28
2.28762032317186407e-28
2.82368298154908e-28
3.39116713081936663e-28
3.96613064471404617e-28
4.50235660925316516e-28
4.96405945516145506e-28
5.32799285094967003e-28
5.57936062855217158e-28
5.72704205578214144e-28
5.7951445958199393e-28
5.81681143740642659e-28
5.83499780813279239e-28
5.87317442525903603e-28
5.97526240955936272e-28
6.18074476966655102e-28
6.56580022647057171e-28
7.24313829651378286e-28
8.38060449631949637e-28
1.02254240500207554e-27
1.31364950499986746e-27
1.76286198114865492e-27
2.4436505685667668e-27
3.42086953408774674e-27
4.68197787036335871e-27
6.14802296407240932e-27
7.61048077065120964e-27
8.83182633969595031e-27
9.73228697453677616e-27
1.03360949549547761e-26
1.05877285526474114e-26
1.05785804109583144e-26
1.04567253535549665e-26
1.02096513581545816e-26
9.76342756639141021e-27
9.03017772392604845e-27
8.02818244302251682e-27
6.83138229853220955e-27
5.49052901880511115e-27
4.16371903900829325e-27
3.1664193397511534e-27
2.38997277316110363e-27
1.73967403905993261e-27
1.26941586492773588e-27
9.40634049221002081e-28
2.41133073030843257e-35
1.3473834664328467e-34
6.5524657220914765e-34
2.65295218671625948e-33
9.17778843013034615e-33
2.70202580999615191e-32
6.77728783041946088e-32
1.48966983777319036e-31
3.05972762486035302e-31
6.00217583722319196e-31
1.13624226934025954e-30
2.08821685807889271e-30
3.74108642849658087e-30
6.50921212903485247e-30
1.10775694430861174e-29
1.84443327458102886e-29
3.02697907354134955e-29
4.88677592160437829e-29
7.67786680264612322e-29
1.19680356882041886e-28
1.86474860571734452e-28
2.89448807437132028e-28
4.45864734999309051e-28
6.73259042958814904e-28
9.97658923488431989e-28
1.45101438612105585e-27
2.06559545633045241e-27
2.86800309719314068e-27
3.8703193089645997e-27
5.06503283522451878e-27
6.42598266903280408e-27
7.91137289361303622e-27
9.46685736701000921e-27
1.10231792898401858e-26
1.2492596352402488e-26
1.37729062915031696e-26
1.47883297161017158e-26
1.55091795272077791e-26
1.59425901586228167e-26
1.61096478124357699e-26
1.60863918456994564e-26
1.59221094562648295e-26
1.56282604798019494e-26
1.53828942815867834e-26
1.53316442192628388e-26
1.55340229280409585e-26
1.6042160106479295e-26
1.70312056815961732e-26
1.8826123350696709e-26
2.18940831234882653e-26
2.69000250394058431e-26
3.47815614946248475e-26
4.68740088489666291e-26
6.40261520269257981e-26
8.59374440346824785e-26
1.1025011158807742e-25
1.32602455366050764e-25
1.50508971241313e-25
1.63291148171993141e-25
1.71603724292948251e-25
1.73384389169938554e-25
1.72426436989514838e-25
1.69678220791903933e-25
1.64418272970893111e-25
1.55253849823649656e-25
1.41117587766965585e-25
1.22987595222131137e-25
1.02502950654669274e-25
8.05951030353851e-26
6.08888488247445949e-26
4.6460075119063011e-26
3.53513609433107593e-26
2.59134758648558448e-26
1.89318042565954635e-26
1.39423355243093355e-26
1.965626150819359e-33
1.13452023998033192e-32
5.43022098422959538e-32
2.1082195099413938e-31
6.98366550949987529e-31
1.93875458124968896e-30
4.55200173010119774e-30
9.67575039870043412e-30
1.94080817492850042e-29
3.73437891599415296e-29
6.95269151396164102e-29
1.25831660735601142e-28
2.2093065625167124e-28
3.76197483985905856e-28
6.25775499128894582e-28
1.01568636603368941e-27
1.6216924195016725e-27
2.5506907279314206e-27
3.88711992833190723e-27
5.84504151622419042e-27
8.87022095180604393e-27
1.34883633365520058e-26
2.00272235477062506e-26
2.8988983340898574e-26
4.12409513998914671e-26
5.76580374645518917e-26
7.88952086533150396e-26
1.05261154411769532e-25
1.36470724355603784e-25
1.71690984672431561e-25
2.09799552280506813e-25
2.49333597437884791e-25
2.88495878742376886e-25
3.25515218773627112e-25
3.58692419710311749e-25
3.85738823577709282e-25
4.04746123824359421e-25
4.15952900541029578e-25
4.19885802917016041e-25
4.17939045514042157e-25
4.11539034855237598e-25
3.99511848011892536e-25
3.8392919613907799e-25
3.68997207613447298e-25
3.58976660515178981e-25
3.55834647087785672e-25
3.59503113630537578e-25
3.71130993034835195e-25
3.94407847558047808e-25
4.37454880474539047e-25
5.1154285889823668e-25
6.32212864088868864e-25
8.21156277288355099e-25
1.08808334837656561e-24
1.425271869645781e-24
1.77428953908599952e-24
2.08055282160720534e-24
2.31908215965907094e-24
2.49165527414606226e-24
2.57673091517901493e-24
2.58337095389588289e-24
2.55986524466459756e-24
2.50786583763552638e-24
2.41109912622138698e-24
2.24651016319887116e-24
2.00627860270757276e-24
1.71171296403573832e-24
1.3984562235166757e-24
1.08358475214516478e-24
8.26073964737852518e-25
6.39474587168482435e-25
4.96082212953314437e-25
3.67680205688954444e-25
2.67945843219930817e-25
1.94771354961550581e-25
1.63845831005130781e-31
9.68054250167285985e-31
4.51598194411727374e-30
1.66939148028840602e-29
5.30100472998580553e-29
1.37635199576368864e-28
3.06014667409187244e-28
6.2993306908140913e-28
1.23235386865090985e-27
2.3200695421859137e-27
4.2177789837486128e-27
7.41011004486298387e-27
1.26201430636801989e-26
2.08746688393867112e-26
3.3734096813330142e-26
5.32042220537910002e-26
8.24095371975690259e-26
1.25762250493390277e-25
1.86772849209971635e-25
2.73251997246938106e-25
4.01806890556882081e-25
5.83131434761152397e-25
8.19590269498448265e-25
1.11706164977821047e-24
1.50901691005111006e-24
2.02007990100143801e-24
2.66035247431415299e-24
3.42665046195541187e-24
4.29185537880272439e-24
5.2176788791473177e-24
6.17232441825209739e-24
7.11490656333405441e-24
7.9905629975880037e-24
8.75682912369457235e-24
9.39703990045127115e-24
9.88309226441692602e-24
1.01107642050345252e-23
1.0156642308222745e-23
1.0080312156279135e-23
9.89182411109884608e-24
9.53449554169693391e-24
9.0333468688180889e-24
8.4806503299521666e-24
7.9528563982141853e-24
7.53395924833335221e-24
7.28085660384047966e-24
7.19752337013854514e-24
7.26906625865374784e-24
7.52102319173476053e-24
8.02597738082713996e-24
8.9519449710941091e-24
1.05261710548270468e-23
1.30618100303459238e-23
1.67008915020727305e-23
2.11776780538499598e-23
2.56236874823223035e-23
2.93897625286881932e-23
3.21934491256174304e-23
3.42023716519055013e-23
3.48285749176084303e-23
3.4756257495357863e-23
3.43362552101624857e-23
3.35000285518462663e-23
3.19524922502695978e-23
2.93491531259756141e-23
2.56355306627741144e-23
2.12578572849842198e-23
1.70027814303289363e-23
1.32547606465805228e-23
1.04505861986581703e-23
8.29569918628365255e-24
6.56310134538930834e-24
4.87068062911626933e-24
3.4854177860709867e-24
2.47694609308986848e-24
1.3916808543462251e-29
8.31802462126943578e-29
3.74242915950736565e-28
1.30734022824175308e-27
3.98984688813794495e-27
9.6600708320225545e-27
2.06959255555092723e-26
4.13982726615399166e-26
7.90465654446312789e-26
1.4397209666791268e-25
2.51445317005320035e-25
4.23978322122432927e-25
6.93838224749603808e-25
1.10569467788417845e-24
1.72283685178237212e-24
2.62538473367354303e-24
3.92399855922681443e-24
5.77065924177934538e-24
8.29621129754005065e-24
1.17293534245556844e-23
1.65955662422426254e-23
2.2614518518946674e-23
2.98680925478742814e-23
3.76733713958944003e-23
4.7973968600210171e-23
6.12995682011111615e-23
7.78075160583137761e-23
9.70409052162386747e-23
1.17875435835384668e-22
1.38868999222629941e-22
1.59651614666489768e-22
1.79287848719447837e-22
1.95504874734911374e-22
2.07095187363855194e-22
2.14963553414362904e-22
2.17360415092635536e-22
2.1830279747850705e-22
2.16098375618559764e-22
2.11435775506212925e-22
2.03236553654770581e-22
1.92591126012684185e-22
1.79472439958679748e-22
1.64850032944971165e-22
1.52077039488336169e-22
1.41133246625527403e-22
1.32360513098398524e-22
1.27181613295622449e-22
1.261633213496414e-22
1.28138717104208e-22
1.3327613684587224e-22
1.4317976195451779e-22
1.60766137389631952e-22
1.89907793713316335e-22
2.32862266964710941e-22
2.83890673305941359e-22
3.32633512779634064e-22
3.72337449413317484e-22
4.01335701435088117e-22
4.17787617355351155e-22
4.20350767131893924e-22
4.17740478687575193e-22
4.11434191835230567e-22
3.99807143552431041e-22
3.77479248053316408e-22
3.40199061231415416e-22
2.90236462157104616e-22
2.36144848206977021e-22
1.85697838185919861e-22
1.43725111369035564e-22
1.12671790003538881e-22
8.84749582870997431e-23
6.94706453450334438e-23
5.1760888356055697e-23
3.72283666642998633e-23
2.62759099870116979e-23
8.90891375290119506e-28
5.32938396054887249e-27
2.29468942793001426e-26
7.53925439681356956e-26
2.22939890422013023e-25
5.13427657161233499e-25
1.06491766069711497e-24
2.07664397100198381e-24
3.83907971442782926e-24
6.75917661915462957e-24
1.13993333078502722e-23
1.85181223271999228e-23
2.91161423324860878e-23
4.4489930605634509e-23
6.63167261600667844e-23
9.66509507358827108e-23
1.37990201502664161e-22
1.93636370389465373e-22
2.66602590683035358e-22
3.60676930012494924e-22
4.9045880357657527e-22
6.14982330842543199e-22
7.68426065118168599e-22
9.60999844167293112e-22
1.19930426882982181e-21
1.48761836987865481e-21
1.82503850167944011e-21
2.20367645673996534e-21
2.61158162983161074e-21
3.03425843074482598e-21
3.40632708776643227e-21
3.7074738518193133e-21
3.92985544302396752e-21
4.06284906786135307e-21
4.1177604569366653e-21
4.1012851695424457e-21
4.02871336106287841e-21
3.89071825969574804e-21
3.68513440823956579e-21
3.45994464511735816e-21
3.22871580822656478e-21
2.99476352814901636e-21
2.75624406294437455e-21
2.51825736797132671e-21
2.29719875549683539e-21
2.11472484496531455e-21
1.9929803485804823e-21
1.93809824672773908e-21
1.94226121171179316e-21
1.98485751321306194e-21
2.0745124377459036e-21
2.24025214033727264e-21
2.52195762544055238e-21
2.943808499841918e-21
3.42443448455152723e-21
3.8613253022536412e-21
4.19482012022800807e-21
4.43239945562880679e-21
4.50877457763998814e-21
4.50523499141283926e-21
4.46457810477319339e-21
4.365664700102473e-21
4.1815971403467033e-21
3.88197579048264296e-21
3.42829633557682314e-21
2.87150456120976973e-21
2.31036171887323808e-21
1.79948500541458477e-21
1.40234592716753281e-21
1.09717903799441269e-21
8.53697049785916437e-22
6.65645847195155662e-22
4.94451831667270451e-22
3.51733597710334931e-22
2.44281793047202631e-22
5.81281598815618189e-26
3.42374845879305188e-25
1.39308060404938377e-24
4.2613690862949222e-24
1.02019926970554846e-23
2.16977732688065858e-23
4.30759128342780273e-23
8.02200401767432035e-23
1.4120081021020292e-22
2.36705111868639699e-22
3.80494629003299375e-22
5.89806856488404374e-22
8.85676400787840979e-22
1.29381323351479458e-21
1.84535482463033116e-21
2.57667897785748582e-21
3.52835973715530001e-21
4.75017741878315567e-21
6.29661112562317797e-21
8.22113985601572651e-21
1.0572042056830961e-20
1.34538715403827172e-20
1.68736339756891269e-20
2.08365092148820031e-20
2.53029751427173283e-20
3.0180951122585898e-20
3.53249344828679223e-20
4.05519608223791361e-20
4.56843383284240848e-20
5.06989609177477885e-20
5.58940240942581632e-20
6.04515816940781675e-20
6.32129424959160043e-20
6.41880099352632519e-20
6.42050317289967365e-20
6.34553664469103178e-20
6.19795432574922203e-20
5.95655339077916208e-20
5.6312978581135244e-20
5.2516681696362598e-20
4.84990846703692023e-20
4.43877811919431609e-20
4.03167208839966795e-20
3.64039226850891951e-20
3.27375662600392618e-20
2.95810308902423766e-20
2.72591212201304285e-20
2.59445141843302924e-20
2.5537856884781942e-20
2.57593600548157259e-20
2.63712988118494818e-20
2.75471198306878064e-20
2.96724565400471586e-20
3.28574397069778372e-20
3.64043760862692719e-20
3.94479423526608435e-20
4.15058680152597127e-20
4.23492468804652131e-20
4.23794939185234709e-20
4.21535223251265207e-20
4.15380385158584011e-20
4.02817398427460949e-20
3.80228606281896351e-20
3.43675237222003356e-20
2.94295569567294297e-20
2.38255411373021425e-20
1.84073076162392051e-20
1.41633364974212e-20
1.09372260818696823e-20
8.49715785931302773e-21
6.58761897447125337e-21
5.06386950989427171e-21
3.73229169606896972e-21
2.61077924223534611e-21
1.78638149527085894e-21
3.40824306548911755e-24
1.93900654023987213e-23
7.355755174880235e-23
2.08598798515991931e-22
4.76619614037249268e-22
9.8013349702295253e-22
1.85007029891529666e-21
3.25912448169672537e-21
5.42373518998140959e-21
8.60607094263091285e-21
1.31157309605304292e-20
1.93050832058104086e-20
2.75650198230220109e-20
3.83514144576742999e-20
5.21721651313684764e-20
6.95616414975608661e-20
9.10424062166887436e-20
1.17385266873887633e-19
1.49195503928314998e-19
1.86871139880500362e-19
2.31044421190347715e-19
2.82614740096438613e-19
3.41173617180295843e-19
4.0647867517630956e-19
4.77344273590558176e-19
5.50730154460706645e-19
6.22030949558229335e-19
6.85592241964863082e-19
7.37622619034525846e-19
7.78158612507375012e-19
8.07906514901128709e-19
8.30870356573987815e-19
8.52095270597915399e-19
8.76598394176294409e-19
8.8692585305732139e-19
8.76388729540667779e-19
8.5322414056196932e-19
8.11629307164097863e-19
7.56545028283677693e-19
6.96833898132706587e-19
6.37648218698484634e-19
5.81207199763464262e-19
5.285018217281877e-19
4.76465856155138751e-19
4.22911741013286334e-19
3.72664199480368653e-19
3.3221287597329217e-19
3.04251034088321697e-19
2.88370032346246147e-19
2.8176614483178466e-19
2.82943448408821173e-19
2.87323933448480031e-19
2.95533886324398849e-19
3.06932351812135324e-19
3.21560534013388221e-19
3.35020237851720432e-19
3.42445687078995318e-19
3.4304698968680986e-19
3.40788331638532874e-19
3.35784340540912984e-19
3.26194679018340051e-19
3.09240143476386501e-19
2.82671084550427817e-19
2.48142176619443098e-19
2.06358613640962728e-19
1.63337094765737474e-19
1.27484165707510058e-19
9.83471443754181278e-20
7.52061046251228607e-20
5.70031925197492349e-20
4.28486852378694739e-20
3.1756143790878135e-20
2.3245610433100124e-20
1.59981346627073696e-20
1.07821948760675539e-20
1.83048749807476646e-22
9.81801085779583467e-22
3.41489902115295168e-21
9.04451154161643528e-21
1.96549197646356203e-20
3.78137771927040749e-20
6.67519915490752437e-20
1.10258779170833294e-19
1.72602528051932051e-19
2.58443982147439752e-19
3.72696232557382028e-19
5.20187786893624525e-19
7.05841134798162124e-19
9.35807097274130567e-19
1.21557724928252392e-18
1.54956589439948511e-18
1.94246288643525304e-18
2.40619289434664669e-18
2.93994746998484863e-18
3.53717287506526735e-18
4.21692169277401623e-18
4.99701502917118887e-18
5.83589425206725161e-18
6.72809306911791713e-18
7.65001102262380137e-18
8.55192961484017672e-18
9.36999472181583728e-18
9.99951669410980781e-18
1.03567789725673016e-17
1.06016073170514226e-17
1.06968741835178131e-17
1.06904297836172708e-17
1.06078890446532523e-17
1.04426266365446016e-17
1.01862031690765107e-17
9.84816160979292203e-18
9.40599653622036053e-18
8.81532559336293332e-18
8.16227863776297897e-18
7.4542030747878534e-18
6.76658476017664927e-18
6.1275692195998734e-18
5.54718474712615369e-18
5.00343021599308783e-18
4.43466660895767408e-18
3.83397023945393894e-18
3.33156945899727111e-18
2.95750529084725503e-18
2.70234051845415993e-18
2.5503671013824975e-18
2.47008163915778409e-18
2.43329295222873208e-18
2.41863341242809581e-18
2.41871393933066933e-18
2.41726467297749101e-18
2.40529342066642304e-18
2.38428721899608563e-18
2.34964557512005771e-18
2.29464746539774963e-18
2.21046611344503247e-18
2.08682020886158025e-18
1.90844618196692718e-18
1.6819688231208416e-18
1.41371602970133427e-18
1.14179619890983934e-18
9.0349733323509537e-19
7.02435276467698393e-19
5.3775678097076924e-19
4.05856527033320572e-19
3.01328841228006692e-19
2.21310838202641408e-19
1.58161434589225295e-19
1.14756863367241263e-19
7.68616732751345255e-20
5.08969519064273263e-20
9.11087193532899223e-21
4.46782095738449476e-20
1.39556616679843518e-19
3.37378813576914902e-19
6.82330194049950054e-19
1.21598843821841547e-18
1.99536018604803783e-18
3.07722166053694475e-18
4.5173339226841527e-18
6.36764226119285281e-18
8.67140696728672827e-18
1.14545531071097346e-17
1.47552072771316011e-17
1.86434126154843044e-17
2.31294420073978612e-17
2.81606519115420194e-17
3.38793325464185463e-17
4.0410818701627968e-17
4.75681600518611584e-17
5.51404243220975748e-17
6.35438468561099399e-17
7.28942726611191399e-17
8.19784569510983519e-17
9.17730008684207076e-17
9.79064709027591986e-17
1.03764456971846834e-16
1.09373647629562798e-16
1.13125626363054812e-16
1.13937396066245289e-16
1.13214471630187967e-16
1.11656044473050501e-16
1.09840441595273296e-16
1.07688293958839478e-16
1.05032904036716424e-16
1.01459728346708877e-16
9.69967489264939502e-17
9.15149546785679891e-17
8.43841775801629257e-17
7.63639583420863486e-17
6.8351817933011085e-17
6.0894420749074232e-17
5.39413259382471649e-17
4.7845337097845248e-17
4.21238620545691555e-17
3.62233681137591979e-17
3.0930058526295989e-17
2.66914954361275888e-17
2.33042690316596581e-17
2.07578048585154498e-17
1.90914203411344885e-17
1.78512682551676294e-17
1.69240027733872869e-17
1.63458079968544792e-17
1.59198264912865236e-17
1.5410413656814465e-17
1.4757843204023545e-17
1.40581828496818568e-17
1.32342166056301474e-17
1.22727437335726041e-17
1.12247952576976849e-17
1.00604832372885964e-17
8.7063035250805416e-18
7.28884713974955766e-18
5.92872179362104642e-18
4.70423086263236904e-18
3.65250070635102615e-18
2.78224699324146259e-18
2.08292693078084734e-18
1.53392719490795924e-18
1.11011541036077595e-18
7.92495297043811304e-19
5.53239550929890747e-19
3.95074250152872591e-19
2.63809995626931299e-19
1.77502507154427587e-19
4.27273025155047304e-19
1.84257912253912e-18
5.03880991814458642e-18
1.08194661303374551e-17
1.990773387557361e-17
3.25940257678562504e-17
4.93472125522209091e-17
7.06238143676893724e-17
9.67743386437823571e-17
1.27936479722719935e-16
1.63934342186605842e-16
2.04156134703604156e-16
2.49237719779992412e-16
2.99977932677864935e-16
3.55498319239222213e-16
4.14304379532001462e-16
4.78304668687519208e-16
5.46498162478169005e-16
6.16993082956611162e-16
6.9333247361841565e-16
7.50529083136638713e-16
8.0434890968623545e-16
8.54452710631069905e-16
9.06722121102874367e-16
9.58038981097988544e-16
9.92049697477360553e-16
1.00090976689715996e-15
9.92669141821876009e-16
9.72703696165638164e-16
9.35620472439632537e-16
8.99762589811838311e-16
8.66471453872665002e-16
8.34844343058388073e-16
7.98185410539821065e-16
7.54571141482375096e-16
7.06149132294909284e-16
6.54644856749168932e-16
5.93224177248734826e-16
5.22757133075624074e-16
4.50778741776713483e-16
3.84206194737667392e-16
3.30899783208748533e-16
2.90643634410065964e-16
2.53968057996111929e-16
2.15529973086260154e-16
1.82127480357556331e-16
1.55020126530682458e-16
1.3389920935051049e-16
1.17623467302797783e-16
1.0511716966894535e-16
9.56761768387879631e-17
8.79582886532703845e-17
8.17359048684205975e-17
7.65301224245022502e-17
7.11166888386872579e-17
6.50788286431504576e-17
5.86216404066306594e-17
5.18086849306962649e-17
4.48429733198550218e-17
3.79110838691017864e-17
3.12627370582357994e-17
2.51483819409880094e-17
1.97508588438441936e-17
1.51672065338075165e-17
1.14057910460766009e-17
8.40925861509120366e-18
6.0892405669819755e-18
4.33901932875687682e-18
3.0497694576859833e-18
2.13093037183010262e-18
1.49890270984363033e-18
1.06562597924690765e-18
7.80229133485829269e-19
5.66074701854664761e-19
4.34163725579021631e-19
1.92867933791573228e-17
6.94804213285383212e-17
1.61255085926945661e-16
3.0068186284419273e-16
4.90624701533242396e-16
7.28835647399472222e-16
1.00802689322432035e-15
1.32784373779296422e-15
1.68823228918102335e-15
2.08294923728591872e-15
2.50150835992931983e-15
2.92987869103744166e-15
3.37637781683901251e-15
3.85325294804165074e-15
4.34699441212106796e-15
4.86095787932783647e-15
5.25421278972900116e-15
5.56602074119910204e-15
5.90265083388764107e-15
6.16301545676205941e-15
6.53597074044017437e-15
7.01892373814732327e-15
7.2524612022472747e-15
7.22279100786710055e-15
7.11467563344197355e-15
6.93722215844444277e-15
6.67297330320312103e-15
6.29854236586000389e-15
5.73037075221546451e-15
5.40772010657733075e-15
5.12488290285468018e-15
4.86077928763516323e-15
4.57205893754461026e-15
4.23112133191824286e-15
3.81800490271821591e-15
3.39502226901236871e-15
2.95665563067023773e-15
2.51691785491320348e-15
2.13452003307033481e-15
1.79310312991574228e-15
1.45923760520122073e-15
1.19430266542550508e-15
1.02656048043111384e-15
8.69024988674310628e-16
7.32292194478861538e-16
6.16130428352272145e-16
5.21893548641684111e-16
4.46523953334104627e-16
3.85694974664585122e-16
3.35741751173796568e-16
2.94278714176441103e-16
2.58229072222340611e-16
2.24511201102165992e-16
1.92636824612021385e-16
1.63538505408159136e-16
1.37019016005761796e-16
1.12313689287923261e-16
9.00958011396433552e-17
7.08865390712678178e-17
5.45809552773867702e-17
4.10222579130086994e-17
3.025487923647639e-17
2.19403121839252995e-17
1.56760180472141842e-17
1.10558594442391423e-17
7.72232798567132574e-18
5.37842071532653035e-18
3.76565672017595777e-18
2.68344247361441961e-18
2.00408470580509057e-18
1.60356977222055696e-18
1.35909992475734095e-18
1.22447049117156763e-18
1.16915516427475582e-18
1.16080067244837694e-18
8.78720678125917627e-16
2.45584541795232288e-15
4.63455891666351863e-15
7.29171350816373107e-15
1.03133029321839544e-14
1.35874250219371254e-14
1.69586829289279001e-14
2.03492176207733505e-14
2.37781398579310461e-14
2.71390212608690986e-14
3.03220985187936278e-14
3.33028405022506175e-14
3.55559074093271384e-14
3.74976051112529336e-14
3.93689439204628858e-14
4.10456447492892135e-14
4.22885634762648024e-14
4.28345843051725329e-14
4.27431966137586949e-14
4.22240937249796406e-14
4.12789356780491006e-14
3.98197719120652184e-14
3.77670129539591818e-14
3.56831250302569349e-14
3.30935594909435681e-14
2.94482356769671065e-14
2.55045524163012641e-14
2.34772350575153664e-14
2.14141471071063131e-14
1.92988114476526575e-14
1.71806023398797819e-14
1.51206945623062198e-14
1.3150308880552268e-14
1.11100786350130844e-14
9.03658062612409493e-15
7.27091478492574489e-15
5.89303645790959576e-15
4.72533818649005246e-15
3.78681853205071466e-15
3.05800253212789661e-15
2.49734730338051741e-15
2.0638902591072367e-15
1.71999422808343935e-15
1.43855296784463611e-15
1.18694603792256874e-15
9.60433604548678921e-16
7.69141357427195596e-16
6.11301105061062066e-16
4.8090235485185099e-16
3.74678878898626434e-16
2.88880554636528365e-16
2.19668789976205587e-16
1.65133153317242476e-16
1.23896103701408548e-16
9.31301207626776624e-17
7.02458454447548394e-17
5.27320882167519456e-17
3.92507468441429333e-17
2.89375365938181491e-17
2.06353072900544832e-17
1.48829019498309349e-17
1.09218332074249361e-17
8.1475340644453934e-18
6.2253108618156608e-18
4.92228286987550494e-18
4.07124122260570636e-18
3.54466408540895866e-18
3.24419544096575548e-18
3.09672044551491943e-18
3.05032921339750441e-18
3.05731554659899593e-18
3.09298023350902267e-18
3.15763404364264106e-18
3.26450365240430389e-18
3.41502037699089137e-18
3.11842632209082868e-14
5.95033664612890636e-14
8.59242520479890905e-14
1.1018307188502387e-13
1.32242311228671182e-13
1.51991498157356381e-13
1.69253883351318813e-13
1.83832057995119166e-13
1.95405785146251952e-13
2.04309182705996808e-13
2.10622898615676387e-13
2.13984867720245861e-13
2.14361068207030112e-13
2.12560874212425612e-13
2.09115408202726792e-13
2.03479217434316866e-13
1.95246199328844113e-13
1.84380922747341619e-13
1.69738796018822783e-13
1.51784056785075168e-13
1.32770983871043051e-13
1.14218306282816915e-13
9.71238470764687324e-14
8.19700813420885545e-14
6.96907280485627308e-14
6.24487813960642025e-14
5.42732207833849227e-14
4.60680197391238969e-14
3.79044760194949587e-14
3.06460342312976793e-14
2.49042828151464311e-14
2.04293282540467181e-14
1.7152026594300432e-14
1.46409113221763012e-14
1.2570080401805294e-14
1.07746617228751924e-14
9.18272493555645237e-15
7.77837558647036336e-15
6.53987247449184958e-15
5.46621663469789203e-15
4.56197311598621703e-15
3.8112245137121266e-15
3.18610444740863909e-15
2.65122885657945543e-15
2.19247248507329056e-15
1.79950826949447372e-15
1.46242091162602538e-15
1.17570627053514925e-15
9.32629938876766537e-16
7.30229452705583399e-16
5.67988738821919873e-16
4.43790953916123541e-16
3.4953458468141063e-16
2.75054428636663312e-16
2.14422505884131596e-16
1.64181113465063179e-16
1.22779951941090869e-16
8.99589268427134712e-17
6.56726240178803741e-17
4.85623499558856066e-17
3.65270245672383938e-17
2.78729360450463427e-17
2.16832341220432569e-17
1.72744284894862655e-17
1.41489707948502546e-17
1.19529659747774305e-17
1.04261506977633147e-17
9.37546207925537832e-18
8.66138395299061165e-18
8.19143942168632144e-18
7.9115896608728405e-18
7.77166907793418168e-18
7.73785656589453278e-18
7.75049868511684606e-18
7.82658691032685117e-18
)
;

boundaryField
{
    reactingWall
    {
        type            catalyticWall;
        gradient        uniform 0;
    }
    inertWall
    {
        type            zeroGradient;
    }
    inlet
    {
        type            fixedValue;
        value           uniform 0;
    }
    outlet
    {
        type            zeroGradient;
    }
    defaultFaces
    {
        type            empty;
    }
}


// ************************************************************************* //
