/*--------------------------------*- C++ -*----------------------------------*\
  =========                 |
  \\      /  F ield         | OpenFOAM: The Open Source CFD Toolbox
   \\    /   O peration     | Website:  https://openfoam.org
    \\  /    A nd           | Version:  8
     \\/     M anipulation  |
\*---------------------------------------------------------------------------*/
FoamFile
{
    version     2.0;
    format      ascii;
    class       volScalarField;
    location    "0.2";
    object      CH3CHOHCH3;
}
// * * * * * * * * * * * * * * * * * * * * * * * * * * * * * * * * * * * * * //

dimensions      [0 0 0 0 0 0 0];

internalField   nonuniform List<scalar> 
1800
(
0.0800000000000000017
0.0800000000000000572
0.0800000000000000711
0.0800000000000000017
0.0800000000000000294
0.0799999999999999045
0.079999999999998142
0.079999999999975091
0.0799999999997109135
0.0799999999970457953
0.0799999999734512385
0.0799999997903787091
0.0799999985481415765
0.0799999912529186508
0.079999956190826671
0.0799999999999999045
0.0800000000000000017
0.0800000000000001127
0.0800000000000000572
0.0800000000000000017
0.0799999999999999878
0.0799999999999995715
0.0799999999999953804
0.0799999999999517486
0.0799999999995435196
0.0799999999961696351
0.0799999999715359511
0.0799999998129789364
0.0799999989218249385
0.0799999947675357898
0.0799999999999999739
0.0800000000000000017
0.0800000000000000155
0.0799999999999998629
0.0799999999999998213
0.0799999999999998629
0.0799999999999997657
0.0799999999999990719
0.0799999999999915501
0.0799999999999243677
0.0799999999994026323
0.0799999999957947544
0.0799999999736349943
0.07999999985385918
0.0799999993112841951
0.0799999999999999878
0.07999999999999996
0.0799999999999999462
0.0800000000000000017
0.0800000000000000711
0.07999999999999996
0.0800000000000000017
0.0799999999999997519
0.0799999999999986139
0.07999999999998747
0.0799999999999073119
0.0799999999993816768
0.0799999999963049019
0.0799999999803232137
0.0799999999100030473
0.0800000000000000017
0.0800000000000000849
0.0800000000000000711
0.0800000000000000572
0.0799999999999999184
0.0799999999999999045
0.0799999999999999739
0.0800000000000000017
0.0799999999999996686
0.0799999999999980033
0.0799999999999858463
0.0799999999999100181
0.0799999999994877725
0.07999999999737957
0.0799999999883621998
0.0800000000000000155
0.0799999999999998351
0.0799999999999999462
0.0799999999999998906
0.0799999999999999739
0.0799999999999999323
0.0799999999999999462
0.0799999999999999184
0.079999999999999849
0.0799999999999994882
0.0799999999999975175
0.0799999999999854716
0.0799999999999237987
0.0799999999996330313
0.0799999999984366689
0.0800000000000000572
0.0799999999999999739
0.07999999999999996
0.0800000000000000433
0.0800000000000001404
0.0800000000000000711
0.0800000000000000572
0.0799999999999999462
0.0799999999999999045
0.0799999999999996408
0.0799999999999990025
0.0799999999999958383
0.0799999999999815442
0.0799999999999215922
0.0799999999996951622
0.0799999999999999462
0.0800000000000000155
0.0800000000000000572
0.0800000000000001266
0.0800000000000000988
0.0800000000000001266
0.0800000000000001266
0.0800000000000001821
0.0800000000000000294
0.0799999999999998213
0.07999999999999928
0.079999999999997129
0.0799999999999884137
0.0799999999999550376
0.0799999999998397965
0.0799999999999999878
0.0800000000000002098
0.0800000000000000988
0.0800000000000000711
0.0799999999999999878
0.0799999999999999184
0.0799999999999998768
0.0799999999999997935
0.079999999999999738
0.0799999999999997241
0.0799999999999992523
0.0799999999999973788
0.0799999999999892047
0.0799999999999587014
0.0799999999998544931
0.0799999999999999739
0.0800000000000001266
0.0800000000000001404
0.0800000000000000294
0.0800000000000000294
0.0800000000000000017
0.0800000000000000155
0.0800000000000000572
0.0800000000000001127
0.0799999999999999462
0.0799999999999993772
0.079999999999997351
0.0799999999999890105
0.0799999999999580907
0.0799999999998524669
0.0799999999999999739
0.0799999999999999878
0.0800000000000000711
0.0800000000000000017
0.0799999999999998906
0.0799999999999998906
0.0800000000000000294
0.0799999999999999323
0.0800000000000000155
0.0799999999999999045
0.0799999999999994604
0.0799999999999974065
0.0799999999999891076
0.0799999999999580491
0.0799999999998524253
0.0800000000000000433
0.0800000000000001266
0.0800000000000000988
0.0800000000000001821
0.0800000000000001404
0.0800000000000000433
0.0800000000000000711
0.0800000000000001821
0.0800000000000000017
0.0799999999999997935
0.0799999999999992939
0.079999999999997351
0.0799999999999892325
0.0799999999999585348
0.0799999999998539241
0.0800000000000000849
0.0799999999999999323
0.0799999999999999462
0.0800000000000000711
0.0800000000000000988
0.0800000000000000294
0.0800000000000000572
0.0800000000000000849
0.0800000000000000988
0.079999999999999849
0.0799999999999993494
0.0799999999999973371
0.0799999999999889966
0.0799999999999576744
0.0799999999998504824
0.0799999999999998768
0.0799999999999999878
0.0799999999999999878
0.0800000000000000155
0.080000000000000196
0.0800000000000001404
0.0800000000000000572
0.0800000000000001404
0.0799999999999999462
0.0799999999999997935
0.0799999999999993217
0.0799999999999970735
0.0799999999999875255
0.0799999999999491673
0.0799999999998121103
0.0799999999999998213
0.0799999999999999184
0.0799999999999999878
0.0799999999999999739
0.0800000000000001404
0.0800000000000001266
0.0800000000000000433
0.0800000000000000017
0.0799999999999999739
0.0799999999999999323
0.0799999999999988221
0.0799999999999932709
0.0799999999999658901
0.0799999999998401989
0.0799999999993315919
0.0799999999999999739
0.0800000000000000572
0.0800000000000000433
0.0800000000000000572
0.0800000000000000433
0.0800000000000000711
0.0800000000000001266
0.0800000000000000017
0.0799999999999999045
0.0799999999999988914
0.0799999999999928546
0.0799999999999567862
0.0799999999997559191
0.0799999999987537486
0.079999999994458143
0.0799999999999999739
0.0799999999999999323
0.0799999999999999323
0.0799999999999999184
0.0800000000000000572
0.0799999999999999323
0.0799999999999999462
0.0799999999999998906
0.0799999999999990719
0.0799999999999925354
0.0799999999999448375
0.079999999999633406
0.0799999999978095733
0.0799999999883194979
0.0799999999464795497
0.0799999999999999045
0.07999999999999996
0.0799999999999999462
0.0799999999999998906
0.0799999999999998629
0.0799999999999998213
0.0799999999999998213
0.0799999999999990857
0.0799999999999933681
0.0799999999999422839
0.079999999999546989
0.079999999996819865
0.0799999999800912048
0.0799999998897403114
0.0799999994811010362
0.0800000000000000017
0.0799999999999998768
0.0799999999999998906
0.0799999999999998768
0.0799999999999999184
0.0799999999999999323
0.0799999999999995576
0.0799999999999952
0.0799999999999503886
0.0799999999995342492
0.0799999999961084063
0.0799999999711924065
0.0799999998114374195
0.0799999989178423326
0.0799999947827122471
0.0800000000000000711
0.0800000000000000017
0.0800000000000000155
0.0799999999999999878
0.0800000000000000294
0.07999999999999996
0.0799999999999983918
0.0799999999999759931
0.0799999999997209055
0.0799999999971503784
0.0799999999744271384
0.0799999997983807526
0.0799999986060080659
0.0799999916265786565
0.079999958313540967
0.0799998727381509844
0.0799996354660994086
0.0799989790374202037
0.0799972349075353667
0.0799928244397051652
0.0799822840755884945
0.079958601767055798
0.0799087635754657244
0.0798107758485962215
0.0796311074290542986
0.0793249709930344549
0.0788501498658265437
0.0781556965097332523
0.0771861197269461397
0.0758994309574579223
0.0742767922823998616
0.0723249966038445463
0.0700686808223797558
0.0675356018222143251
0.0647438562265073431
0.0616996876548273204
0.0584073719823325829
0.0548843015249266819
0.0511723293881292257
0.0473518644019323282
0.0435363109214385036
0.039863816707739641
0.0364343645093239479
0.0333154913625690538
0.0304808750033701385
0.027701388210829795
0.0250003949943688013
0.0226463360897355068
0.0207617036126472934
0.0190927113697711114
0.0176541445755647522
0.0164479349594529936
0.0154329994492623818
0.0145580728032294673
0.0134803504865053936
0.0121406527829676075
0.0106823508701915978
0.00938990058240432753
0.00842262233732412116
0.00760547272219474439
0.00687221261211977321
0.00618539334402932236
0.00547387710373199721
0.00480225407116573536
0.00423749519184222784
0.00375885884954762269
0.00332345768108007877
0.00288740458333958897
0.00247528848872952643
0.00199326767974595002
0.00167533082421143049
0.0013438928799684312
0.00113843491464882328
0.000947954872818057613
0.0007727094411751472
0.000610493475942644167
0.000479254664105025667
0.000368557363461104843
0.000277606643217730934
0.000205762332823706704
0.000151259558826102685
0.00011100164412369945
8.16167870534463682e-05
6.11800379632540888e-05
4.7195037029680901e-05
3.5893976552431832e-05
2.56934893357987958e-05
1.69485222834155765e-05
1.21098017326299617e-05
9.4851721996631369e-06
0.0799999854054869036
0.0799999596978701322
0.0799998906467350723
0.0799997113280054989
0.079999264643496798
0.0799982042211729583
0.0799958175686510398
0.0799907436371579267
0.0799805764329649532
0.0799614090192422577
0.0799282099093150677
0.0798744996610646074
0.0797913679177419261
0.0796681460263838764
0.0794930232536858045
0.0792540369148369422
0.0789401114277408639
0.0785417244658847269
0.0780509512803830435
0.0774610347087004852
0.0767660154476826478
0.0759609957610697523
0.0750432398703221731
0.0740148311754537935
0.0728821118525325579
0.0716418146717125864
0.0702964004444176505
0.0689528316162731636
0.067791420723933668
0.0666783558699125256
0.0655269214573167558
0.0643011946523628919
0.0628270420089115517
0.0611213935460965044
0.0593461679012250096
0.0573050185804310983
0.0549605021331969826
0.0530566030383316858
0.0511554776088612231
0.0488643721666257372
0.0460242430778661504
0.0427594112446389174
0.0401688599700439491
0.0375315829802808434
0.0351036041865092491
0.0331578462033085344
0.0310910906060636247
0.0287390496533901814
0.0264815369525330108
0.0244647491075669979
0.0227029120105969665
0.0212256633646721211
0.0194982663366611367
0.0171739069940880507
0.0148220480795702558
0.01269567223433604
0.0108962353044455805
0.00942224849799532665
0.00818307912879108999
0.00716407206049787977
0.0065527604121045956
0.00582030117928829509
0.00497305643220565235
0.00401213406291709308
0.00308310307604935368
0.00230271980424232459
0.00172807543300731179
0.00128126192381583753
0.00095347493269080561
0.000728723800348362043
0.00054724270556187019
0.000394541700203960286
0.000277720839864559752
0.000192053211123683964
0.000129714196107553684
0.0799999981303329694
0.0799999949789211989
0.0799999867282350369
0.0799999657613425647
0.0799999143656873329
0.0799997935003071564
0.0799995222234532594
0.0799989434038798214
0.0799977725133611123
0.0799955730268548104
0.079991737294322407
0.0799853327285762056
0.0799750882872690277
0.0799593446447761785
0.0799360433340352561
0.0799027610044813902
0.0798567814542110316
0.0797951807189464513
0.0797148970210948132
0.0796127748104223931
0.0794856099887769202
0.0793302401484684699
0.0791436595446973062
0.0789235559260324793
0.0786692822321972546
0.0783789792432430799
0.0780481957941301374
0.0776979871829664576
0.0773864079210200423
0.0771523941903737992
0.0769298317544731408
0.0766342200258500611
0.0762102239807501136
0.0757489900500659119
0.0752418332781835675
0.0746636930825769485
0.0740802424588161007
0.0734966764034683528
0.0728549527441002681
0.0720828682544064347
0.0711817965905568173
0.0700199447645340756
0.0683780355576892318
0.0666235146659836658
0.0650117575414554255
0.0634516423870039176
0.0616002491019582779
0.0593519442850268183
0.0568901137417483216
0.0543716109923179716
0.0519766251718567773
0.0497333458984517626
0.0474062504626895712
0.0450157758927818286
0.0422945538927575471
0.0392458852834397451
0.0358216175298753312
0.0320898731752712954
0.028211738342102239
0.024316200471663784
0.0211926320548066448
0.0196379472923003812
0.0185564323933558456
0.017251489537471007
0.0155895490431902286
0.0135224526308752417
0.0111543282381082499
0.00875216654427859488
0.00657779412603799046
0.00495702174591789758
0.0037983723655229196
0.00288996465820405384
0.00213015837199082795
0.00157053504227826191
0.00113013647390371955
0.0799999997610908314
0.0799999993744339166
0.0799999983877638654
0.0799999959363761753
0.0799999900356602595
0.0799999763312738421
0.0799999457612312059
0.0799998805308931582
0.079999748520339517
0.0799995056734753157
0.0799990745484025073
0.0799983392240558172
0.0799971325131200867
0.0799952225742718431
0.0799923002901675034
0.0799879692352976068
0.0799817394701346357
0.0799730251715558699
0.0799611452789066035
0.0799453265418779008
0.079924710687111572
0.0798983741076022824
0.0798653411949689779
0.079824668923159578
0.0797756725057592736
0.0797178666723921819
0.0796509093545492292
0.0795763826689183662
0.0794992546471861711
0.0794227064832266766
0.0793470666868973523
0.0792673407698615412
0.0791751413698761897
0.079074321551336757
0.0789601921772636328
0.0788180950428941929
0.0786694888253789693
0.0785391078798745729
0.0783820600415478935
0.0781987044543554777
0.077952222841797883
0.0775805881035763617
0.0770211488795560228
0.0763656434059023503
0.0757158135445599317
0.0750101650605474318
0.0741689948617515193
0.0731502468503801573
0.0719189220610159663
0.0704594105336233123
0.0687776390620595673
0.0669125981548401305
0.0649440835230754715
0.0627918282926943072
0.0605615604483096606
0.0582648464970648913
0.0557086741837603955
0.0524594562741371728
0.0481669547063685657
0.0428859271078372711
0.0368731644372896974
0.0330750956108641428
0.031586584832589755
0.0301192330344326221
0.0284541781133423009
0.0263471084192838934
0.0236414751168519573
0.0203706121472480087
0.0167606632291415203
0.0129458519337575864
0.0100256873010318628
0.00773838443223961916
0.00583713794005349951
0.00444892616701923153
0.00335974260191925075
0.0799999999696475728
0.0799999999221769065
0.0799999998037729115
0.0799999995155595972
0.0799999988336338869
0.0799999972699501072
0.0799999938074746342
0.0799999864385111253
0.0799999720285988758
0.0799999453079907052
0.0799998973916017375
0.0799998144154357438
0.0799996755237168677
0.0799994504083359481
0.0799990964865688464
0.0799985558380458955
0.0799977520771241596
0.0799965872506390452
0.0799949390821333151
0.0799926588785767612
0.0799895698397474764
0.0799854681534121481
0.079980119212803083
0.0799732593021386107
0.0799646455150312685
0.0799540701467676557
0.0799413238711786933
0.0799265753957185965
0.0799103971457617857
0.0798928949854513654
0.0798736098549313184
0.079850983024929878
0.0798244453533263065
0.0797939429032701736
0.0797596097820322675
0.0797195029788965448
0.0796714428024723892
0.0796187356924500378
0.0795596957794261067
0.0794802968785817271
0.0793625090774539854
0.0791883312021994384
0.0789269222242524188
0.0785984945536818136
0.0782401427710241876
0.077847634474518812
0.0773794492814259549
0.0768135116651717936
0.0761221503367286445
0.0752791488503407047
0.0742574728983912552
0.0730323468012383376
0.0715683166339721732
0.0698576817721604237
0.0680446493185275086
0.0662394629127780882
0.0642541893553914972
0.0615633338665134006
0.0578154965476083901
0.0525722550940080427
0.0455422336159357552
0.0410260339772411942
0.0393056893579268735
0.0377036011506704308
0.0359735434109474811
0.0338625368509091751
0.0311599797769875897
0.0278570606283901415
0.0238433480599908147
0.0190689674714100317
0.0150799396775176623
0.0118338991298033332
0.0090154316426068401
0.00693403866519431891
0.00530172030847193224
0.0799999999960071123
0.079999999989989079
0.0799999999753317065
0.0799999999404138185
0.0799999998592995365
0.0799999996759638149
0.0799999992740789562
0.079999998438948533
0.0799999968453670302
0.0799999938813233391
0.0799999885311162146
0.0799999791613401762
0.0799999632267874711
0.0799999368655757992
0.0799998944128723771
0.0799998277767799137
0.0799997257334071621
0.0799995729511824988
0.0799993490577826788
0.0799990281167303197
0.079998577596317455
0.079997958304988126
0.0799971222410456595
0.0799960033289769529
0.0799945167683126929
0.0799926061284933626
0.0799902726576524892
0.0799874551668957601
0.0799840200220650749
0.0799796172750308343
0.0799740331172295038
0.0799666785666049706
0.0799566156597667221
0.0799438893997282407
0.0799279159983906362
0.0799065854053680885
0.0798783558383178993
0.0798426963311653359
0.0797960881831829977
0.0797271004501409752
0.0796248788490569043
0.0794724890238400344
0.0792407596807378212
0.0789635478772323651
0.0786674984189153631
0.0783386796011299458
0.0779564781104323951
0.077498447993336203
0.0769477575186301582
0.0762834568490908249
0.0754768858950394667
0.0744918484845519951
0.073299394641905824
0.0719135322941639177
0.0704503063396421519
0.0688748280782224415
0.0668468299735373583
0.0640009329085117207
0.0599895418027138888
0.0543099362075750089
0.0469968934756001613
0.0435426308739332441
0.0418036614899422107
0.0400949850871156963
0.0381974814363641169
0.0358864166450236846
0.0330479827293971642
0.0296379721735854883
0.0254415603147389209
0.02049044276689891
0.0163577064319060765
0.0129202236055307781
0.00990505401154421171
0.00763813999351395899
0.00584882909269308308
0.0799999999992545285
0.079999999998207727
0.0799999999957591162
0.0799999999901347403
0.0799999999774759774
0.0799999999496015385
0.0799999998898040521
0.0799999997726995732
0.0799999995525423474
0.0799999991467067184
0.079999998415430873
0.0799999971280793559
0.0799999949173320624
0.0799999911790015006
0.0799999850153195607
0.0799999750415537336
0.0799999593402517806
0.0799999349114277752
0.0799998972234687716
0.0799998408335546585
0.0799997587760274131
0.0799996433020157688
0.0799994806560713617
0.0799992454899419864
0.0799989101427992649
0.0799984500198633736
0.0799978205635093476
0.0799969274600133284
0.0799956573877111665
0.0799938366094151282
0.0799912025948830013
0.0799873628629020061
0.0799817378227694331
0.079973482117169481
0.0799613514388193003
0.079943482219925574
0.0799170121135125144
0.0798786672604476361
0.0798218840539501734
0.0797352483428820508
0.0796015684741784441
0.079391989527256776
0.0790973955732960921
0.0788722809101597283
0.0786227154585258797
0.0783348421722090682
0.077978958535189255
0.0775437009080781753
0.0770188718073609585
0.0763863268758255554
0.0756188907138344302
0.0746962868468946384
0.0736220382008121038
0.0724271519151496318
0.0710987569635946337
0.0693866334434165843
0.0669785307957879439
0.0635971354048906617
0.0588029378963713587
0.0517817254376227512
0.045669900315082862
0.0435540858239066506
0.0417525902891873052
0.039985158987295745
0.0379378171504922632
0.0354090899141050464
0.0324277044071763776
0.0289139404858353467
0.0245806653526164341
0.0197707701042158131
0.0157828865428084331
0.0124621154135671885
0.00953118699820385169
0.00730660541301171584
0.00556033325648039398
0.0799999999996251487
0.0799999999991381355
0.0799999999980485627
0.0799999999956502034
0.079999999990458856
0.0799999999794322042
0.0799999999570850939
0.0799999999159966141
0.0799999998409560986
0.0799999997058125217
0.0799999994659185282
0.0799999990476412681
0.0799999983232568546
0.0799999970883389228
0.0799999950173785473
0.0799999915968992587
0.0799999860259120593
0.0799999770647708275
0.0799999628068378404
0.0799999402969094608
0.0799999069547859126
0.0799998586101173248
0.0799997849612061329
0.0799996729507171378
0.0799995025738127891
0.0799992433862291158
0.0799988488119458968
0.0799982470226495573
0.0799973266065780175
0.0799959135200033061
0.0799937337136369248
0.079990351727623657
0.0799850684963528263
0.0799767480121999635
0.0799635201503698378
0.0799422712269056979
0.0799077965428969111
0.0798513988804904484
0.0797578340427627513
0.0795943553282531802
0.0794592167712095537
0.0793193767392595811
0.0791063865459440962
0.0788015133166357906
0.078500019881193206
0.0782387631408383438
0.0779291903659825175
0.0775448140657222368
0.0770532294604963225
0.0764391104633840857
0.0756973995995917359
0.0748399958956330463
0.0738728443139381186
0.0727673566013658929
0.0713483901290479366
0.069330106491734364
0.0664720450884220132
0.0624090679567450984
0.0566481103103965641
0.0490164487210223709
0.0448980431498272603
0.0431503102951443993
0.0414736999557799649
0.039659267561034689
0.0374924545710233065
0.0348477984636279339
0.0317950902071811106
0.0282164792351736679
0.0238063808767960197
0.019215539352300158
0.0153956257846636201
0.0121725649128680315
0.00927349418309069903
0.00705563825577251204
0.00533513629843737364
0.0799999999996628963
0.07999999999923256
0.0799999999982800719
0.0799999999962061475
0.079999999991766102
0.0799999999824704544
0.0799999999647965643
0.0799999999327858369
0.0799999998754447467
0.0799999997740651198
0.0799999995962367705
0.0799999992838180823
0.0799999987432169907
0.0799999978207175527
0.0799999962678148574
0.0799999936882911794
0.079999989458639717
0.0799999826102519712
0.0799999716572505487
0.0799999543572321309
0.0799999281324803024
0.0799998879205788826
0.0799998261667136806
0.0799997308070418273
0.0799995825601019367
0.0799993505700370144
0.0799989852589988726
0.0799984064883659113
0.079997483954597215
0.0799960045877032982
0.0799936182856255673
0.0799897472672109755
0.0799834339911861397
0.0799730840829180334
0.0799560302298467918
0.0799278245704906076
0.0798812451220685255
0.0798048619694145395
0.0796764910638332047
0.0795821553770774542
0.0794837098399617803
0.0793403271884797895
0.0791203524455255519
0.0788082566126857148
0.078403203885102607
0.0779983404262426239
0.077717500628054173
0.077370685416188939
0.0769458573213539637
0.07639983492604277
0.0757233798640667422
0.0749290497922714543
0.0739988973867939104
0.0728466823507676053
0.0712169326844310363
0.0688847148476703086
0.0655692641930685632
0.0608318801767766815
0.0539144718194834102
0.0473212660922492437
0.0447823346937720745
0.0431329915922970888
0.0414995814358199294
0.0396643809469650818
0.0374320537006570392
0.0347665564219433662
0.0317229983197379536
0.0281844954030264216
0.0238519014026183744
0.0195775614764464208
0.0159271238333443151
0.0127770569641951093
0.00981695148050917843
0.00749256828949717256
0.00567701348086100191
0.0799999999996586081
0.0799999999992235394
0.0799999999982620585
0.0799999999961714808
0.0799999999917142129
0.0799999999826506436
0.0799999999662120292
0.0799999999366945158
0.0799999998844426741
0.0799999997918085237
0.0799999996277176023
0.0799999993407653487
0.0799999988449949795
0.0799999979991422722
0.079999996574661475
0.0799999942070908493
0.0799999903228774401
0.0799999840299598086
0.0799999739535800364
0.079999957985248879
0.0799999328856956238
0.0799998936214461054
0.0799998322415729629
0.0799997359636118871
0.0799995839335032183
0.0799993418145698576
0.0799989528189982563
0.0799983228356802023
0.079997295587148784
0.079995611074078099
0.0799928359447739518
0.0799882469554889092
0.0799806350060387888
0.079967965567746907
0.0799467742911599555
0.0799113604776040265
0.079854401664564284
0.0797671237054214388
0.0797082128946508678
0.0796404422329113071
0.0795424425775527327
0.0793851518322284955
0.0791506193676687619
0.0788250611323234734
0.0784025399748634888
0.077888441356174315
0.0774121276060971836
0.0771088078426494378
0.0767399969606629984
0.0762921988891668013
0.0757176927586802329
0.0750063400985065548
0.0741166981428613009
0.0729256675499773965
0.0711873404916306407
0.0686862667072261346
0.065106516957129934
0.0600408315147618471
0.0528854977143032312
0.0481549403148713792
0.0464272453160358214
0.0448395954788411155
0.0431440916951149125
0.0412304137209024771
0.0387958698860006515
0.0357998254458552281
0.0322989637491462381
0.0282904731715008517
0.023702495090585772
0.0195971126807244454
0.0161263940063312433
0.0132132747360118961
0.0103533832661539052
0.00799757072555030632
0.00611156638699976093
0.0799999999996583444
0.0799999999992225125
0.0799999999982593524
0.0799999999961664848
0.0799999999917404003
0.0799999999834271891
0.0799999999683628504
0.0799999999416232538
0.0799999998932816314
0.0799999998069888113
0.0799999996549376619
0.0799999993899984663
0.0799999989334202743
0.079999998155550589
0.079999996845866464
0.0799999946666258288
0.0799999910813274928
0.0799999852439203935
0.0799999758256454974
0.0799999607405674773
0.0799999367029273767
0.0799998984999797241
0.0799998377797077054
0.0799997410081947358
0.0799995860073562937
0.0799993360872133241
0.079998930126911727
0.0799982658673977082
0.0799971718064146492
0.0799953600815769411
0.0799923476773312936
0.079987324314125044
0.0799789231869049988
0.0799648022579428214
0.079941039160855043
0.0799027056707026229
0.079845381513957786
0.079807933250322996
0.0797637977432939099
0.079690639624175677
0.0795731931555261895
0.0793965894971893626
0.0791472048712660026
0.0788156161940172101
0.0783934316882906185
0.0778754349318326738
0.0772616127953064113
0.0768083952799755998
0.0764818828344353135
0.0760911552375524713
0.0756017236501144996
0.0749695441142207153
0.0741298987699559458
0.0729131476863188049
0.0711127517957373667
0.0685052102960094222
0.0647487489609931965
0.0592894126670852062
0.0533888106815242902
0.0507047393947264308
0.0493154204510236893
0.0477862037258521138
0.0459334481115271226
0.0440127599321097421
0.0412910990250333967
0.0377696329468003786
0.0335960965275988871
0.0288406679763220514
0.0240166970067643461
0.0198594495534207618
0.0162787673475655384
0.0133190898293093583
0.0104465824137557287
0.00804204290347460687
0.00609825626937867109
0.0799999999996616751
0.0799999999992295763
0.0799999999982736187
0.0799999999962000691
0.0799999999920455174
0.0799999999843826887
0.0799999999704538167
0.0799999999451359856
0.0799999998996071965
0.0799999998188500594
0.0799999996772704502
0.0799999994317526081
0.0799999990104532099
0.0799999982948704919
0.0799999970912967789
0.0799999950854364816
0.0799999917701470775
0.0799999863298490321
0.079999977454317292
0.0799999630360175018
0.0799999396732475193
0.0799999018462951017
0.0799998405386822958
0.0799997409095261347
0.0799995783484103024
0.0799993117563628509
0.0799988720696648142
0.0799981426381666666
0.0799969256750821534
0.0799948847937205915
0.0799914480019899149
0.0799856495052807259
0.079975870517831088
0.0799592518268466695
0.0799296736355524784
0.0799052978875681996
0.0798813934593008423
0.0798518148556036089
0.0798025085814582785
0.079723733223494242
0.0796008698199733855
0.0794150450307842398
0.079150167532199861
0.0787946258443742997
0.0783468768333663579
0.0778157314090063695
0.0772160698261512846
0.0765304905865686613
0.0761769225733185257
0.0757970563517326307
0.0753494370185781026
0.0747591495060703354
0.0739348088795887121
0.0726515806612147014
0.0707321038984378009
0.0679299102703707081
0.0639368980677304521
0.0583103002341521098
0.0545412429166871882
0.0531120002702058155
0.0517424252500970766
0.050409814745366148
0.0488015585131088281
0.046438818846805556
0.0430935227895051648
0.0387904039302447781
0.0336392116555467233
0.0282310681084781863
0.0234503974792316904
0.0193228151255772397
0.0156780503039684778
0.0127234484730849688
0.00995606912172931728
0.00762555552205512223
0.00573292693299509454
0.0799999999996523492
0.079999999999205984
0.0799999999982153875
0.0799999999960739061
0.0799999999920552873
0.079999999984737169
0.0799999999711711873
0.0799999999464939132
0.0799999999023128378
0.079999999824253723
0.0799999996879356967
0.0799999994523617336
0.0799999990491372243
0.0799999983649594404
0.0799999972132344056
0.079999995288051351
0.0799999920893555705
0.0799999868007687936
0.079999978089026702
0.0799999637728984608
0.0799999402737077009
0.0799999016988305889
0.0799998383085146342
0.0799997339482903802
0.0799995617355493127
0.0799992767983565556
0.0799988040393197486
0.079998017514715386
0.0799967058383340007
0.0799945137787341776
0.0799908425953140267
0.0799846568632430616
0.079974010529632128
0.0799546728668675544
0.0799368498220234813
0.079920045346894078
0.079900198525530014
0.0798676210520352786
0.0798153964451008696
0.0797333872175203101
0.0796075698017338212
0.0794170417000554379
0.0791440360154761352
0.0787814606342572554
0.0783279038019705776
0.0777891081485697911
0.0771753011155786595
0.0765044863014288923
0.0758607738714881102
0.0754943888107963007
0.0750528813967411418
0.0744937938424269641
0.0736673472500933152
0.072325017866296179
0.0702607647018690662
0.0671785603533280457
0.062569679012887236
0.0584682724775455742
0.056937250956382697
0.0556311929477026554
0.054273455691940066
0.0528231547098892903
0.0509149206941453616
0.0480906508952054154
0.0438785620066816859
0.0383521219381929429
0.0322932136544659895
0.0269231689166688631
0.0222318906262467704
0.0182057050934451257
0.0146923763781172754
0.0118542280327587554
0.00932831616203920466
0.0071361229418940254
0.00532558340117926087
0.0799999999995514854
0.0799999999989478433
0.0799999999975786608
0.0799999999947150209
0.0799999999894132618
0.079999999979268141
0.0799999999603149548
0.0799999999255825017
0.0799999998629906534
0.0799999997518767436
0.0799999995573307116
0.0799999992210648492
0.0799999986468313828
0.0799999976772705484
0.0799999960573032076
0.0799999933764203863
0.0799999889777414791
0.079999981813556581
0.0799999702152072306
0.0799999515261112792
0.0799999215133778835
0.0799998734029324365
0.0799997963439955662
0.0799996730084036878
0.0799994756737726909
0.0799991587865371695
0.0799986472240027252
0.0799978175004925768
0.0799964699786800959
0.0799942757716303188
0.0799906969372595339
0.0799848303911359915
0.0799751990363117282
0.0799596201222319836
0.0799354420624498463
0.0799195664596972638
0.079902150615296319
0.0798748167833558814
0.0798303163500987539
0.0797610308272451579
0.079655596296725098
0.0794978343174687213
0.079266047675902146
0.0789343890292003442
0.0784976079615561789
0.0779654914960375978
0.0773541649184636415
0.0766712671274832613
0.0759059489630868611
0.0750694663495080489
0.0746471778977989553
0.0741386544162075667
0.0733079249039138986
0.0719224113508015878
0.0697394534476492023
0.0664042666092706929
0.0618341847215505766
0.0598430402959960958
0.0585147206885017548
0.0572316174514460249
0.0558753074776746558
0.0542229517810813161
0.0517005496982876622
0.0480285769037788815
0.0428293878052354859
0.0367911502333913704
0.0312261268503569167
0.0262444185620706281
0.0218558687457025246
0.0180046971761251978
0.0146966150842260494
0.0118492693399688577
0.00948576341290188405
0.00727965577697254999
0.00538421733612756779
0.0799999999983054405
0.0799999999957895086
0.0799999999897962888
0.0799999999765925035
0.0799999999501074671
0.079999999898216767
0.0799999997989705031
0.0799999996133600594
0.0799999992732488147
0.0799999986617682263
0.0799999975822279358
0.0799999957100935438
0.0799999925204396695
0.0799999871789438405
0.0799999783803585218
0.0799999641158617159
0.0799999413476801674
0.0799999055234638795
0.0799998498829280064
0.0799997646162995957
0.0799996365259446479
0.0799994461069249152
0.0799991647474314199
0.0799987529989946433
0.0799981599671361621
0.0799972876684345718
0.0799959280978878584
0.0799935887487000924
0.0799907861915803708
0.0799855375515049621
0.0799794739247389336
0.079972206482478686
0.0799643498915068168
0.0799555550370853046
0.0799442137944688103
0.0799296492045683121
0.0799101318074531553
0.0798812842614561452
0.0798427494370745477
0.0797870085725141953
0.0797056924242573184
0.0795889570572541893
0.07942349344678995
0.079191595821074004
0.0788698423347731353
0.0784454449914701868
0.0779762868219177063
0.0774432038542598872
0.0767514350906720877
0.0758260424040724246
0.0745641248472953405
0.0731368769974293648
0.0717996336987779538
0.0706234940124255556
0.0683977267015278556
0.0661958688873159895
0.0639874741028559346
0.0619723612689346351
0.0601740946822385617
0.0583906660642830311
0.056453603849159345
0.0539054751888461345
0.0503517541357318618
0.0454240598663608608
0.0398056729868881409
0.0343866653990609686
0.0293859333777816353
0.0248727809289225055
0.0208650742951231455
0.0172880605626598294
0.0142634296905237573
0.0114778429682174769
0.00937561608677257158
0.00719336297377438493
0.00522847207388324638
0.0799999999855400823
0.079999999963050239
0.0799999999079904073
0.0799999997797376655
0.0799999995066452835
0.0799999989636662606
0.079999997908030418
0.0799999959034450175
0.0799999921806986009
0.0799999854117161152
0.079999973356804685
0.0799999523391931311
0.0799999164899295317
0.0799998566143323431
0.0799997585142015882
0.0799996008730227137
0.0799993541200712532
0.0799989746751594705
0.0799983958365018399
0.0799975185920129978
0.0799962172813382388
0.0799942607492380581
0.079991273372548452
0.0799866227196809193
0.0799827822913483921
0.0799779263612729191
0.0799705992619093725
0.0799594375618874198
0.0799413635460199112
0.0799286693409060889
0.079912269489671256
0.0798949667035638578
0.0798778818315641764
0.0798601592296359908
0.0798397388375689521
0.0798162418070531982
0.0797868112145492386
0.0797480485385803489
0.0797052412436399516
0.0796501500335603935
0.0795716213267396444
0.0794612458448937797
0.0793091764562226659
0.0791021172012882079
0.0788234492600499576
0.0784529218596178995
0.077984753268529397
0.0774644587341785373
0.0768510387893883706
0.0760452292639987454
0.0749536911447916121
0.0736519427720616765
0.0719927275472423411
0.0697471737813217668
0.067350857782331755
0.0649406063419643159
0.0626785614453008039
0.0606353691478452445
0.0586370003651343619
0.0562825917641438522
0.0531911978306247382
0.0490680745253269102
0.0442439419565418476
0.0391470143694047368
0.0341464667578453077
0.0294602589559204014
0.0251684513407387025
0.0212906740892900431
0.0178347749219926084
0.0147801890278199347
0.0121749858880141823
0.00980310369322064112
0.00797628085512865591
0.00607119804960744042
0.00428859451228703545
0.0799999998579688232
0.0799999996302686589
0.0799999990614650991
0.0799999977006536772
0.079999994635747057
0.0799999883725269617
0.079999976033016798
0.0799999522727963125
0.0799999075725052328
0.079999825340227898
0.0799996775122333026
0.0799994187160092129
0.0799989807400416364
0.0799982585035558524
0.0799970862417094392
0.0799952100692714468
0.0799922985576409507
0.0799878015798397152
0.0799806418009701009
0.0799682912970410692
0.0799565302145344714
0.0799429639595946873
0.0799252339074063706
0.0799001731976362317
0.0798648118682263458
0.0798132639285231427
0.0797294087369336685
0.0796705073551868675
0.0796147483888561408
0.0795378811610231162
0.0794677238480915316
0.0794014518816406889
0.0793371606741654495
0.0792647896917266365
0.0791894029293816609
0.0791026397919595003
0.0789928267148514857
0.0788969275461967323
0.0787867020459615819
0.0786567099455912772
0.0784889705238096258
0.0782587062654937493
0.0779417036849668482
0.0775038930512938207
0.0770090812543499509
0.0764286474381334346
0.0756933254522073051
0.074856566463384358
0.0738713381478280362
0.0725908878904992921
0.0708674891889117808
0.0687455244758331946
0.0663874227754638474
0.0638042644074870019
0.0612429738732840762
0.058828332871584392
0.0563405452227025427
0.0535985405346860871
0.0504714321713446087
0.0468048059493907029
0.0425671019462240327
0.038018280582217033
0.0333750262515218124
0.0288690349574037795
0.0246609434086885008
0.0207944021080805203
0.0173163963728822229
0.0142459607642563997
0.0115772598202250766
0.00925960954239306126
0.00727864214624232043
0.00561981883921930641
0.00435987623624261179
0.00319563559886478377
0.0021199395536704432
0.0799999985961960675
0.0799999962705501833
0.0799999903517960576
0.0799999759238443631
0.0799999424443847973
0.0799998702475260837
0.0799997260771358187
0.0799994445017087885
0.079998908454288864
0.0799979099835638613
0.0799960909445879276
0.0799928764096688033
0.0799874687475751606
0.0799786182512732535
0.0799638421847249786
0.0799374795417362588
0.07990810483568693
0.0798738947716885056
0.0798228294460866655
0.0797468704291823954
0.0796433501330718191
0.0794902542380057642
0.0792388922654488487
0.0790448329078709822
0.078859100161334017
0.0786082120184770083
0.0782472843572787347
0.0778612218648626619
0.0774463909888208485
0.0772388437441402509
0.077021297998913163
0.076745434096780113
0.0763923328374517541
0.0760247448947034693
0.0756818772497574455
0.0753200320287376185
0.0749213146113294481
0.0744313564368147551
0.0738886342504651572
0.0733060583376158592
0.0726155386190287105
0.0716981547784987377
0.07045285190491897
0.068764495896439945
0.0672079186776132625
0.0655880667066753992
0.0636560962063888319
0.0615276496188242941
0.0591493808555895242
0.0562844785724343002
0.0533299269182221716
0.0506300901680749246
0.0477856713148456444
0.0446070828009542675
0.0413183099004302001
0.0382615903889290815
0.0353560251894479219
0.0324628903380370648
0.0293647342752417426
0.0260191650533248969
0.0225666341302144871
0.0192412507474391155
0.016179519223078774
0.0134106746928857289
0.0109206938588754295
0.00877266507446364079
0.00697640165781705963
0.00546006180414158535
0.00417230872321273927
0.00310926534866808307
0.0022792275137703431
0.0016426795419450164
0.00115380528969561053
0.000794155017933182231
0.000623878237678748772
0.0799999855673664967
0.0799999608404447227
0.079999896923400135
0.0799997391806450547
0.0799993677942741344
0.0799985366312904872
0.0799968170109793819
0.0799934121585376551
0.0799868206102510443
0.0799741771581030797
0.0799499616819891595
0.0799033201649808067
0.0798427609811104416
0.079763768853562414
0.0796457387068629508
0.0794644925177564604
0.0791761419776437908
0.0786753496639712863
0.0781169604654923383
0.0775224490640274849
0.0769034595806168814
0.0762321799514976833
0.0753546266232185818
0.0741885095045401871
0.0726084104957993581
0.0705273479182819685
0.068439610656857594
0.0675168047909537605
0.066784577983944271
0.0660933280593357653
0.0653224719847182167
0.0644382892740733709
0.0631545195697131162
0.0615829140629204214
0.0601289227633100623
0.0586786041999980829
0.056724131879263312
0.0545607176327565085
0.0524905405972270131
0.0501248496437452229
0.0473477710824428688
0.0440295593698397034
0.0401268618274751993
0.0361294238881242555
0.0332889926341323195
0.0315153620765512565
0.0296508113108066539
0.0273429975668271104
0.0250421429872673719
0.0230762688839554857
0.0213216081347699302
0.0195286232400475428
0.0174937503313296987
0.0149935164181498326
0.012547238162494978
0.0109342096313093887
0.0100639810248228968
0.00914848808476190559
0.00790859592785110067
0.00640316472863150434
0.00507010903378110524
0.00396535509364812598
0.00307681983698140536
0.00236487414939752462
0.00179309771901315458
0.00133845345143362819
0.000980598075526307707
0.000704483472200656286
0.000499835198206595899
0.000372172156625977365
0.000315342771743804527
0.000263237630713556076
0.000209152730238414516
0.000155468748888434226
0.000103530242197451676
0.0799998800785045872
0.0799996640110753471
0.0799990934587017366
0.0799976622816544053
0.0799942391733383384
0.0799863902589186826
0.0799691200344364028
0.079933638676347174
0.0798718228118453222
0.079758898315461485
0.0795411543638360613
0.0791382700470375372
0.0784251791659952013
0.0777043092211315428
0.076864007605685139
0.0757190862768774009
0.0740339371182773265
0.0716619740877281336
0.068384079301514758
0.0644365674527811183
0.0603643458432542371
0.0564102015302830329
0.0526265285960398552
0.0489926073067342011
0.0457381557662023819
0.0436018574286770114
0.0408934365418544415
0.037814583955771898
0.0342909278356464675
0.0306417565673892389
0.0270823761600347233
0.0238707933803039112
0.0214958863464182748
0.0196242099518240051
0.0180939361565882438
0.0167747334478721144
0.0154951666027447199
0.0143312805289621745
0.0133793752327022505
0.0124096610962639697
0.0111892096752409156
0.00977366661037219406
0.00840592513257791552
0.00742412588833044496
0.00670790787949291593
0.00610472289175974583
0.00554683865590604314
0.00495599979594059641
0.00437591696012823612
0.00384169444385152204
0.00330864714902430685
0.00271894466399289153
0.002160617647619397
0.00176493805376974925
0.0014881763574951946
0.00129062208728915545
0.00112827097762012354
0.000963013010501347598
0.000756192694171563804
0.00054672470564739355
0.000390108310592115028
0.000288608718854216264
0.000213932371626375327
0.000157816748477117763
0.000115713982162362556
8.46398052003689464e-05
6.21165012179416892e-05
4.62688284408475163e-05
3.53824574816273362e-05
2.78736548848924922e-05
2.21213881848370007e-05
1.71081789837481847e-05
1.35481524202153157e-05
1.0511616593190024e-05
7.29789268287708776e-06
)
;

boundaryField
{
    reactingWall
    {
        type            catalyticWall;
        gradient        uniform 0;
    }
    inertWall
    {
        type            zeroGradient;
    }
    inlet
    {
        type            fixedValue;
        value           uniform 0.0800000000000000017;
    }
    outlet
    {
        type            zeroGradient;
    }
    defaultFaces
    {
        type            empty;
    }
}


// ************************************************************************* //
