/*--------------------------------*- C++ -*----------------------------------*\
  =========                 |
  \\      /  F ield         | OpenFOAM: The Open Source CFD Toolbox
   \\    /   O peration     | Website:  https://openfoam.org
    \\  /    A nd           | Version:  8
     \\/     M anipulation  |
\*---------------------------------------------------------------------------*/
FoamFile
{
    version     2.0;
    format      ascii;
    class       volScalarField;
    location    "0.2";
    object      gas::h;
}
// * * * * * * * * * * * * * * * * * * * * * * * * * * * * * * * * * * * * * //

dimensions      [0 2 -2 0 0 0 0];

internalField   nonuniform List<scalar> 
1800
(
-158553.580710883514
-158553.580710883747
-158553.580710883776
-158553.580710883456
-158553.580710883572
-158553.580710883136
-158553.580710876733
-158553.58071079338
-158553.580709837785
-158553.580700204795
-158553.580614994047
-158553.579954397166
-158553.575475765188
-158553.549196209846
-158553.422983215569
-158553.580710883078
-158553.580710883572
-158553.580710883834
-158553.580710883747
-158553.580710883572
-158553.580710883456
-158553.580710881972
-158553.580710866867
-158553.58071070892
-158553.580709233182
-158553.580697046826
-158553.580608145479
-158553.580036402913
-158553.576825593103
-158553.561868314515
-158553.580710883456
-158553.580710883572
-158553.580710883572
-158553.580710882961
-158553.580710882816
-158553.58071088299
-158553.580710882699
-158553.580710880167
-158553.580710852897
-158553.580710610084
-158553.580708725232
-158553.58069570217
-158553.580615780986
-158553.580184142746
-158553.578230208863
-158553.580710883456
-158553.58071088334
-158553.580710883311
-158553.580710883514
-158553.580710883776
-158553.58071088334
-158553.580710883572
-158553.580710882641
-158553.580710878479
-158553.580710838112
-158553.580710548413
-158553.580708650727
-158553.580697551195
-158553.580639942258
-158553.58038663285
-158553.580710883572
-158553.580710883747
-158553.580710883747
-158553.58071088366
-158553.580710883194
-158553.580710883136
-158553.58071088334
-158553.580710883456
-158553.580710882379
-158553.580710876297
-158553.580710832292
-158553.580710558483
-158553.580709034431
-158553.580701432104
-158553.580668936484
-158553.580710883514
-158553.580710882903
-158553.580710883194
-158553.580710883078
-158553.580710883427
-158553.580710883194
-158553.580710883311
-158553.580710883136
-158553.580710882961
-158553.580710881681
-158553.580710874463
-158553.580710830982
-158553.580710608076
-158553.580709558504
-158553.580705243308
-158553.580710883602
-158553.58071088334
-158553.580710883427
-158553.580710883602
-158553.580710883951
-158553.580710883747
-158553.580710883747
-158553.580710883194
-158553.580710883194
-158553.580710882146
-158553.580710879876
-158553.580710868409
-158553.580710816517
-158553.580710599577
-158553.580709780217
-158553.580710883194
-158553.580710883572
-158553.580710883747
-158553.580710883893
-158553.580710883834
-158553.580710883834
-158553.580710883893
-158553.580710884184
-158553.580710883572
-158553.580710882816
-158553.580710880924
-158553.580710873037
-158553.58071084143
-158553.580710720154
-158553.580710301612
-158553.580710883514
-158553.580710884271
-158553.580710883834
-158553.580710883776
-158553.580710883514
-158553.580710883194
-158553.580710883078
-158553.580710882816
-158553.580710882525
-158553.580710882525
-158553.580710880778
-158553.580710874114
-158553.580710844195
-158553.580710733309
-158553.580710354727
-158553.580710883427
-158553.580710883893
-158553.580710883951
-158553.58071088366
-158553.580710883602
-158553.580710883456
-158553.58071088366
-158553.580710883747
-158553.580710883834
-158553.580710883194
-158553.580710881215
-158553.580710873823
-158553.580710843584
-158553.580710731127
-158553.580710347247
-158553.58071088334
-158553.580710883427
-158553.580710883776
-158553.580710883514
-158553.580710883136
-158553.580710883194
-158553.580710883572
-158553.580710883194
-158553.580710883602
-158553.580710883136
-158553.580710881681
-158553.580710874056
-158553.580710843933
-158553.580710730806
-158553.580710347043
-158553.580710883747
-158553.580710884038
-158553.580710883834
-158553.580710884213
-158553.580710883951
-158553.580710883747
-158553.580710883776
-158553.580710884184
-158553.580710883514
-158553.580710882699
-158553.580710880924
-158553.58071087391
-158553.580710844341
-158553.580710732698
-158553.580710352544
-158553.580710883747
-158553.580710883194
-158553.580710883311
-158553.580710883747
-158553.580710883834
-158553.580710883572
-158553.580710883747
-158553.580710883776
-158553.580710883776
-158553.580710882903
-158553.580710880982
-158553.580710873764
-158553.580710843496
-158553.580710729613
-158553.580710340117
-158553.580710883078
-158553.580710883514
-158553.580710883514
-158553.580710883572
-158553.580710884329
-158553.580710883893
-158553.580710883747
-158553.580710883893
-158553.580710883194
-158553.580710882699
-158553.580710881157
-158553.580710872833
-158553.58071083817
-158553.580710698996
-158553.580710201961
-158553.580710882845
-158553.580710883136
-158553.580710883514
-158553.580710883456
-158553.580710884038
-158553.580710883893
-158553.58071088366
-158553.580710883572
-158553.580710883427
-158553.580710883194
-158553.580710879236
-158553.580710859096
-158553.580710760056
-158553.580710306065
-158553.58070847005
-158553.580710883456
-158553.580710883747
-158553.580710883747
-158553.58071088366
-158553.58071088366
-158553.580710883747
-158553.580710883893
-158553.580710883514
-158553.580710883194
-158553.580710879527
-158553.580710857699
-158553.58071072743
-158553.580710002279
-158553.58070638802
-158553.580690906529
-158553.580710883427
-158553.580710883194
-158553.580710883194
-158553.580710883194
-158553.580710883747
-158553.580710883194
-158553.58071088334
-158553.580710883136
-158553.580710880138
-158553.580710856477
-158553.580710684095
-158553.580709559668
-158553.580702979903
-158553.580668770068
-158553.580518050003
-158553.580710883136
-158553.58071088334
-158553.58071088334
-158553.580710883136
-158553.580710882961
-158553.580710882903
-158553.580710882845
-158553.580710880167
-158553.580710859416
-158553.580710674811
-158553.580709246802
-158553.580699402752
-158553.580639068095
-158553.580313463026
-158553.578841848735
-158553.580710883514
-158553.580710883078
-158553.580710883136
-158553.580710883136
-158553.580710883311
-158553.580710883194
-158553.580710881884
-158553.580710866197
-158553.580710704118
-158553.580709199741
-158553.580696825607
-158553.580606905103
-158553.580030839221
-158553.57681121421
-158553.56192299808
-158553.580710883747
-158553.580710883514
-158553.580710883602
-158553.580710883456
-158553.580710883572
-158553.580710883427
-158553.580710877752
-158553.580710796523
-158553.580709873902
-158553.580700582708
-158553.58061851922
-158553.579983278265
-158553.575684436917
-158553.550542579411
-158553.430628190195
-158553.122721711581
-158552.269481767464
-158549.910367809061
-158543.64635267522
-158527.817443190637
-158490.016953082231
-158405.152223539422
-158226.702817531914
-157876.141097804822
-157233.902803151461
-156140.555519453657
-154446.276147638622
-151970.098622854479
-148515.502907304442
-143934.53854389576
-138161.864036844985
-131223.033504649327
-123206.289899856944
-114210.052833751775
-104297.83696893492
-93491.1278686134028
-81805.0495555258676
-69302.0281782877428
-56131.834239470576
-42581.4810951759864
-29054.6420157453431
-16041.6736544761352
-3895.21908882892239
7146.89524325259117
17196.439240235366
27059.5341282489935
36628.5672724455144
44940.1123208081553
51608.0195984553648
57513.9854302011954
62597.0182790718463
66860.6539002805366
70452.6635992118536
73557.2690364584996
77395.484182168133
82154.0176220444846
87318.7765091186739
91874.5052355273947
95285.272951077277
98173.585119854717
100767.565663295507
103200.187307040338
105723.590867057108
108094.231127174033
110087.303537014712
111777.853690613469
113318.76345857972
114864.112503898839
116320.952898458301
118016.963169706476
119144.88416176397
120307.594084150332
121032.474136320103
121704.869710842526
122326.212644448868
122897.552656224696
123359.436101069645
123749.483081420884
124069.298451264593
124321.463662269482
124512.525192713423
124653.617336530078
124756.518487803332
124828.013359743709
124876.966437215582
124916.735079127699
124952.64279474366
124983.150652024298
124999.908457817044
125009.101202563354
-158553.528175461746
-158553.435703022609
-158553.1874593104
-158552.54318971152
-158550.939356054034
-158547.134488153475
-158538.577093250788
-158520.397627240105
-158483.996280434396
-158415.422787855612
-158296.737805703509
-158104.863393019943
-157808.078084487235
-157368.443959626224
-156744.017425598518
-155892.37814522587
-154774.309988029738
-153356.13652253797
-151609.843281358626
-149511.535799717094
-147040.149709972844
-144178.4392797162
-140916.96045375563
-137263.562576645898
-133240.774501287233
-128836.253510691764
-124062.114050938471
-119308.03254608826
-115202.7975242471
-111253.624931283353
-107167.910854195638
-102810.111824498614
-97555.0622607426776
-91498.5443218625587
-85188.5633279253088
-77919.9870156192628
-69590.4057848655793
-62873.5482334274493
-56105.3727025512853
-47924.2302742699976
-37799.2338650274105
-26254.5792215706206
-17078.3173301950228
-7724.95144080101636
848.939602566374901
7729.87711962274807
15100.0917997829929
23446.1562953637513
31427.2966805696306
38550.0584623587929
44772.4365353504836
50000.8487125453903
56186.0589003436762
64454.3233642639098
72778.7444024137512
80281.5209794175171
86625.5003299098171
91814.4556751389318
96180.1196951526654
99722.3984545652347
101895.606476706729
104504.904582451709
107538.725561816216
110955.859074554159
114237.452596067727
116975.194125372363
118986.641639563662
120554.08867614172
121701.011293757227
122488.834933938284
123126.896226476121
123662.218231033869
124071.315753532675
124371.017103430597
124588.951922895183
-158553.573979076347
-158553.562640052492
-158553.53296894618
-158553.457610846614
-158553.272999810928
-158552.839133564441
-158551.865981676965
-158549.790973145282
-158545.596280205704
-158537.721640670585
-158523.997828170337
-158501.097369965806
-158464.488460363093
-158408.259410431405
-158325.082297250949
-158206.33695768597
-158042.36819405228
-157822.787760066043
-157536.721382304677
-157172.964421427634
-156720.145290970569
-156167.050530673703
-155503.045736401167
-154720.04193093584
-153815.861487944669
-152783.662841370329
-151608.254223098018
-150367.740218692459
-149267.84472063763
-148442.463763082545
-147652.367509120697
-146595.671656288614
-145086.759929693013
-143448.288595543796
-141644.164472581091
-139588.886261499545
-137520.703967566893
-135444.906186878186
-133156.642475505389
-130402.715327275422
-127182.053969901564
-123020.162893817993
-117169.585626868473
-110952.379176873961
-105244.618433812517
-99687.2526434384781
-93065.4654383078741
-85050.5090941164672
-76302.2187992417894
-67367.2431387286197
-58887.3361578732438
-50936.3914923815246
-42682.2982278985874
-34184.827000658217
-24497.1432280987574
-13637.6302621995346
-1439.73010841787186
11831.2769297581654
25589.0937824117791
39388.7296097617655
50256.9116446032494
55537.0356104871826
59413.0454792910386
64089.2416302854035
70052.1426921271632
77443.623271181059
85881.4214067050489
94376.1786057311692
102028.165177076415
107679.294902295311
111732.74360189779
114921.155309880065
117581.166946866404
119541.058527634043
121086.690765821302
-158553.579850424954
-158553.578458743839
-158553.574909177405
-158553.566094914597
-158553.544890121091
-158553.495671112672
-158553.385946041264
-158553.151958329894
-158552.678696075105
-158551.808564747218
-158550.264689416916
-158547.632913542737
-158543.316300258186
-158536.487579414417
-158526.044402827014
-158510.573869478772
-158488.33065758759
-158457.228745131375
-158414.843781832722
-158358.423999775201
-158284.916260731494
-158191.036829330405
-158073.319960356195
-157928.431221237726
-157753.969230234012
-157548.225666222919
-157310.064653175679
-157045.357367177319
-156771.89200019656
-156500.497917835397
-156232.423093047692
-155949.075267075823
-155621.350037319615
-155263.196450253483
-154856.636660106684
-154350.405670225184
-153823.994034442672
-153359.862316898449
-152799.670373742905
-152144.650164270919
-151257.763222235575
-149918.921301518189
-147913.72515430671
-145586.583272470394
-143279.560185937124
-140761.277509788546
-137755.502967609413
-134115.388835653401
-129714.681352705666
-124503.076934568933
-118505.442045685602
-111866.136687733291
-104863.918465410534
-97208.1175057527144
-89296.1671517247596
-81134.7821180896717
-72000.9520987429132
-60340.1461193051582
-44950.5294672533928
-26057.1674681839031
-4871.11775088397917
8093.26972471922272
13298.5582791503348
18501.9624403102134
24468.5849994730779
32026.8489795395981
41729.9030429363775
53409.1197952907169
66286.7762094939681
79697.1941142041906
89924.1070106585394
97948.4131583380367
104593.753322809018
109447.56986016962
113267.590142782894
-158553.5806015204
-158553.58043058659
-158553.580004427902
-158553.578967601614
-158553.57651570061
-158553.570896444813
-158553.558460618136
-158553.532009044284
-158553.480309587903
-158553.384485053946
-158553.21273004383
-158552.915446059953
-158552.418063513294
-158551.61227581359
-158550.345992804301
-158548.41244220917
-158545.539043455356
-158541.376383286115
-158535.488444151153
-158527.345110334776
-158516.316190255078
-158501.675365881965
-158482.586272857385
-158458.111173273646
-158427.39150875507
-158389.690649635595
-158344.278101847769
-158291.800871153624
-158234.2878872414
-158172.017491859064
-158103.358509415906
-158022.753668939607
-157928.259616893163
-157819.664100657246
-157697.337068374618
-157554.18266739088
-157382.662647995166
-157194.786116064497
-156983.323104895622
-156697.422753422899
-156273.128544360865
-155645.866923943919
-154704.91799149671
-153533.84961327957
-152258.683663543547
-150858.247467872134
-149185.029280431627
-147160.613187024981
-144686.730985005939
-141670.851620628033
-138016.764586869016
-133636.299950726476
-128404.428038022626
-122306.439358811986
-115872.019077615667
-109461.825968820995
-102357.319994565914
-92669.9109915513691
-79184.6126981759298
-60323.5694913322732
-35334.8539613907051
-20014.2650480297343
-14012.6160405535666
-8344.26023634256671
-2158.53581721008868
5417.17959278220496
15098.264070675712
26925.8658070496967
41286.0989026496609
58224.3117632752837
72196.117012723771
83603.2479976087925
93462.392461776908
100736.761049013803
106459.179649113503
-158553.580696483405
-158553.580674794212
-158553.580621992383
-158553.580496263952
-158553.580204341095
-158553.579544868233
-158553.578100002749
-158553.575099331967
-158553.56937538163
-158553.558732799458
-158553.539529967238
-158553.505913358124
-158553.448765841633
-158553.35426132119
-158553.202129141398
-158552.963426022237
-158552.598014210467
-158552.051082452061
-158551.249877030466
-158550.101756867341
-158548.490504452668
-158546.276154363877
-158543.286750554078
-158539.284984647762
-158533.9693029669
-158527.146016953688
-158518.821272600617
-158508.762411428703
-158496.476306686673
-158480.703227015969
-158460.69470741137
-158434.307496129652
-158398.224587939068
-158352.695114868751
-158295.428172885673
-158218.847640571767
-158117.587658910692
-157989.682538746478
-157821.704900014476
-157572.89686314165
-157204.074038876395
-156654.587765649718
-155820.322106943902
-154833.764910899452
-153780.32871099544
-152607.194078840141
-151240.967906140024
-149602.640058128542
-147633.118207103864
-145256.574680586345
-142370.296629635646
-138845.238875173643
-134579.288473035122
-129641.504505370584
-124439.723737522261
-118813.974619654822
-111515.489954545526
-101272.419048306285
-86822.8095351717784
-66277.2740174078644
-40623.8333835239173
-29017.0778409211016
-22853.7064173304316
-16779.5563654413127
-9996.5682680331538
-1708.63804689520998
8445.22949744118705
20651.1229808481257
35705.6892801324138
53190.3123984253107
67709.5637687370909
79798.4154107985669
90348.3607826305379
98274.1509572905197
104546.362374238233
-158553.580708186724
-158553.580704402877
-158553.580695556127
-158553.580675245525
-158553.580629555625
-158553.580528997263
-158553.580313382379
-158553.579891404224
-158553.579098303831
-158553.577636715228
-158553.575003804523
-158553.570370069705
-158553.562414012733
-158553.548964461312
-158553.526796534774
-158553.49094067933
-158553.434505786747
-158553.346688269579
-158553.211311265273
-158553.008879344212
-158552.71446075663
-158552.30022661906
-158551.716017755767
-158550.87063067258
-158549.666050089378
-158548.014286505524
-158545.751666242839
-158542.53938769651
-158537.967961838382
-158531.409769615449
-158521.916654787026
-158508.071188106289
-158487.781372732337
-158457.997151811462
-158414.230198299018
-158349.759737561079
-158254.252686030493
-158116.089132552501
-157911.187713952764
-157598.290967259236
-157115.073161677283
-156360.653332455491
-155314.150618237356
-154516.91593919383
-153628.207888920064
-152596.718149847147
-151321.600757012668
-149763.991868373589
-147886.83041709906
-145624.060513060278
-142878.455640246772
-139580.626902836375
-135744.509122540476
-131488.012841254153
-126740.35350259082
-120576.886437233348
-111905.69266005735
-99729.7472032189689
-82482.0870323401323
-57213.9009094077992
-36315.1081596319054
-28987.1174001212203
-22655.7933606292172
-16356.2994619173242
-9032.33654052120437
24.3100397675754323
10669.9409321247385
23236.2990822395041
38764.7390176747358
55723.1188572922474
69730.0281143091852
81409.4183936191112
91667.1545092014858
99446.078942485794
105565.446165402827
-158553.580709522619
-158553.580707755318
-158553.58070380264
-158553.580695105164
-158553.580676285375
-158553.580636325845
-158553.58055539534
-158553.580406629306
-158553.580134981632
-158553.579645830061
-158553.578777663904
-158553.577264212654
-158553.574643638538
-158553.570177144662
-158553.562688869715
-158553.550324524316
-158553.530191732832
-158553.497814526927
-158553.44631647144
-158553.365050141438
-158553.244946683961
-158553.070612770942
-158552.804911586776
-158552.400656456739
-158551.785599290801
-158550.849780369841
-158549.424926777749
-158547.251483553962
-158543.926779864472
-158538.821665754251
-158530.945308127295
-158518.72298838495
-158499.626166866772
-158469.544732862909
-158421.709288622893
-158344.839237148903
-158220.066637964424
-158015.968764339283
-157678.235023666173
-157091.307653967378
-156612.854508631193
-156111.728425986745
-155344.951951913128
-154234.978781243262
-153210.014420013933
-152265.256504296849
-151157.465622697491
-149777.22343814146
-148013.462682798534
-145813.651550329872
-143161.876050560328
-140102.826957963291
-136651.28690386063
-132699.001247423148
-127589.517518318127
-120319.936931475735
-110023.924913512717
-95375.8510187983193
-74522.6673515399452
-47689.0927319358016
-33755.8613434306171
-27619.1103765278131
-21672.8748655464478
-15191.5028978473074
-7424.67656647479998
2026.14456689716576
12923.7033456257577
25716.1279963661727
41493.6477333862786
57658.6385746571832
71080.8448711781093
82425.8467791768926
92579.3695273410995
100335.039608865976
106360.884245355119
-158553.580709658563
-158553.580708095455
-158553.580704636581
-158553.580697107129
-158553.580680991639
-158553.580647262541
-158553.580583163508
-158553.580467101478
-158553.580259230162
-158553.579891741101
-158553.579247172049
-158553.578114843636
-158553.576155786519
-158553.572813491046
-158553.567188595742
-158553.557847596792
-158553.542535343411
-158553.517749845691
-158553.478120186162
-158553.415527463425
-158553.320836357016
-158553.175625644712
-158552.952586331055
-158552.608072584262
-158552.072322158987
-158551.233709743916
-158549.912865883263
-158547.819800214522
-158544.482900655043
-158539.130863844533
-158530.49612714455
-158516.486481748521
-158493.634288331028
-158456.165129842702
-158394.41174730772
-158292.224493403803
-158123.390448061575
-157847.09085555069
-157388.889570873813
-157055.924067419925
-156704.613182707049
-156185.260889901256
-155391.794948846771
-154268.676885347493
-152807.121137914946
-151422.348605179548
-150413.999058663321
-149172.726821511082
-147646.012475196971
-145685.870174362703
-143264.09340266214
-140426.924949804263
-137098.049572947959
-132960.021382041567
-127080.010210027685
-118676.142585451264
-106730.74426362259
-89673.0530309038877
-64750.7853821530516
-41905.4396696184776
-33483.5764435360761
-27572.6119556274243
-21760.194977311894
-15200.0574078591962
-7199.07631690301787
2317.97669815763948
13177.3394271091529
25818.9164033141242
41286.9229988062361
56331.0304929222257
69173.6075278835633
80280.2435863085411
90666.435043762569
98799.9731823149341
105159.966539382265
-158553.580709642934
-158553.580708062422
-158553.580704570486
-158553.580696979625
-158553.580680799816
-158553.580647912284
-158553.580588284036
-158553.580481249781
-158553.580291790393
-158553.579955976631
-158553.579361131036
-158553.578320945962
-158553.576523999014
-158553.573458697676
-158553.568297688529
-158553.55972211613
-158553.54565736145
-158553.522878172458
-158553.486416490836
-158553.428655977623
-158553.337898362282
-158553.195961690333
-158552.97410884843
-158552.626105463656
-158552.076473466528
-158551.200888048712
-158549.793701197894
-158547.514076507854
-158543.795999267662
-158537.697702648264
-158527.649327098305
-158511.030811896693
-158483.46360716573
-158437.583859088772
-158360.809936034435
-158232.0969355329
-158024.710110898217
-157718.101778703014
-157509.006537855923
-157266.297703822231
-156910.795157853572
-156341.889919004228
-155496.408335449058
-154326.90697958137
-152812.214229036879
-150965.249866355036
-149337.901374468638
-148252.183616677183
-146933.203107437468
-145323.430979549041
-143261.448702336435
-140713.401131111459
-137517.979294781515
-133223.434161013225
-126956.6667650483
-117939.548986612906
-105022.8497302631
-86747.0957184583676
-61319.3527770455476
-45245.684801031799
-39238.0158274593341
-33630.9351062481073
-27581.0946737803024
-20730.2344994278355
-11988.5989801543947
-1276.6441849098826
11221.8579694445871
25528.394884039546
41792.8254705623767
56231.1738674327207
68432.3729712886416
78706.2552187911642
88762.253402213435
97016.6024761332083
103628.652230728389
-158553.580709641916
-158553.580708058667
-158553.580704560649
-158553.580696961551
-158553.580680896033
-158553.580650731514
-158553.580596084561
-158553.58049912515
-158553.580323830131
-158553.580010976759
-158553.579459792614
-158553.578499478492
-158553.576844716474
-158553.574025961221
-158553.56928109788
-158553.561387935217
-158553.548405716661
-158553.52727486458
-158553.493191307585
-158553.43861441288
-158553.351666194154
-158553.213499853824
-158552.99391005811
-158552.643932882667
-158552.083298897662
-158551.179167531023
-158549.710181066068
-158547.30591644824
-158543.345047072653
-158536.784611978161
-158525.874655467429
-158507.680870946904
-158477.257784496178
-158426.109224269137
-158339.73006208209
-158199.707016412576
-157999.398078358499
-157866.263119966752
-157706.930308936629
-157441.299802911934
-157016.699177126604
-156379.841142803169
-155482.630533418531
-154292.477142269141
-152780.741994090989
-150930.024725042749
-148731.922369824955
-147200.08958342977
-146025.851976844773
-144626.238302589569
-142867.126254043484
-140596.110178559349
-137569.154644187132
-133173.842309299886
-126676.545634697904
-117275.733689811474
-103741.82235980696
-84031.7365361573466
-63465.9802891104555
-54468.6341945933236
-49538.4586492359231
-44064.6890288588911
-37477.3140439352574
-30566.7813026476506
-20757.9888051310663
-8151.36323733791687
6741.44635934858707
23694.3921595961147
40688.1814565047462
55316.9071676338936
67905.9495590894658
78335.3259794147307
88436.5527469797526
96865.4495669289172
103680.702576291209
-158553.580709653936
-158553.580708084395
-158553.580704612541
-158553.580697083409
-158553.580682001775
-158553.580654190824
-158553.580603652343
-158553.580511843669
-158553.58034676814
-158553.580054004939
-158553.579540817183
-158553.578651009942
-158553.577124376927
-158553.574531833525
-158553.570172160573
-158553.56290787441
-158553.55090391307
-158553.531209568697
-158553.499084915471
-158553.446905710298
-158553.362365134963
-158553.225491119752
-158553.003652973857
-158552.643128939904
-158552.054810652364
-158551.089851382363
-158549.498070020112
-158546.856845559349
-158542.449521629635
-158535.056917642214
-158522.604664726416
-158501.59001485855
-158466.171194124734
-158406.15646299097
-158299.794053614722
-158213.639933900587
-158128.777208788146
-158021.851705470821
-157843.349219477328
-157558.198875458416
-157113.744840246974
-156443.315476261079
-155489.980935053492
-154213.958902361745
-152610.996614623436
-150713.358569829521
-148581.034717869858
-146171.677030847408
-144939.982400470239
-143588.945108799118
-141981.854315466044
-139856.742576487042
-136873.400710517948
-132234.117588494293
-125301.444186798311
-115182.534019862927
-100770.509036472591
-80787.2321326310048
-67969.4696973227983
-62988.5196773322314
-58143.875071491806
-53404.3436828741906
-47606.1959784208084
-39079.6048099658219
-27032.8215878776173
-11626.1575217405771
6762.27219121245071
25857.682979564539
42694.0513821450077
57226.3646192479064
70044.3903970774263
80440.19914521178
90164.4135581132723
98333.0279449913942
104968.633178643984
-158553.580709620233
-158553.580707999237
-158553.58070440247
-158553.580696629186
-158553.580682047119
-158553.580655497557
-158553.580606309755
-158553.580516853748
-158553.580356731691
-158553.580073887249
-158553.57958003768
-158553.578726754757
-158553.577266454726
-158553.574789049308
-158553.57061926712
-158553.563650149183
-158553.552072322113
-158553.532931873255
-158553.501404425333
-158553.449596510647
-158553.364555759123
-158553.224951263546
-158552.995519424789
-158552.61776180836
-158551.994316260214
-158550.962648888497
-158549.250717892137
-158546.402232513676
-158541.651215700665
-158533.710659069853
-158520.414405577409
-158498.031598156958
-158459.583069525135
-158389.888283580629
-158326.6590649508
-158267.122732505057
-158195.338755319419
-158077.803864677495
-157888.48987143152
-157591.601009838632
-157136.824451389606
-156448.422760576766
-155465.993160779588
-154165.333938286494
-152542.757687897247
-150619.533900330309
-148430.15457744
-146030.082169567264
-143823.397024118312
-142518.50797275611
-140936.796402030799
-138926.45650864896
-135924.444251645182
-131061.807243514093
-123598.449276319734
-112483.643599851639
-95876.81137868519
-81728.3574359754857
-76665.4621336956479
-71942.0378381860355
-67119.7840131273697
-61923.4028612468392
-55040.3668292691
-44815.3410545248116
-29621.6904174178926
-9832.30427446724752
11564.2220685771099
30482.5618870567596
46996.1868338244603
61165.9599139659767
73517.3187989624857
83491.2151546006935
92363.0823607451603
100049.728556243674
106399.53919333154
-158553.580709257367
-158553.580707070389
-158553.580702112231
-158553.580691753945
-158553.580672588811
-158553.580635928782
-158553.580567466153
-158553.580442050152
-158553.580216107948
-158553.579815125297
-158553.579113230604
-158553.577900294244
-158553.57582937894
-158553.572333299409
-158553.566492659796
-158553.556827753258
-158553.540970481496
-158553.515142984514
-158553.473326845648
-158553.405937504955
-158553.297696628288
-158553.12413846128
-158552.846053854155
-158552.400861460221
-158551.688242952485
-158550.543387448473
-158548.694509298133
-158545.694760888204
-158540.821466681984
-158532.884902369871
-158519.938621345587
-158498.700385389413
-158463.762564622972
-158407.383733211085
-158321.574643755273
-158265.692519528791
-158203.151196989929
-158103.907275784382
-157942.786280100176
-157692.247024070151
-157311.118646281393
-156741.005537491641
-155903.495905832417
-154709.808766966336
-153144.548262484372
-151243.612192235043
-149064.401126459037
-146628.505251804832
-143888.330754752533
-140999.675539399585
-139504.59447040048
-137678.517874999961
-134652.628568144981
-129629.062162735805
-121728.288462588433
-109689.858622166095
-93451.5422344029066
-86922.4580671654694
-82158.4982100526686
-77607.5668287867011
-72771.4979253141937
-66807.3295660742879
-57684.5207762146965
-44452.6405810718643
-25733.6734929344857
-4369.37649314894406
15267.1910067983426
32825.1386316532298
48284.1610298329178
61842.5798502704201
73482.1022635842673
83493.4736023118458
91798.6315653182101
99542.1154834214831
106194.751237567267
-158553.580704767664
-158553.5806956944
-158553.580674095603
-158553.580626603536
-158553.580531415617
-158553.580344994494
-158553.579988613637
-158553.579322386417
-158553.578102041356
-158553.575908730156
-158553.572037727485
-158553.565326550946
-158553.553895329038
-158553.534756764304
-158553.503238316305
-158553.452149747405
-158553.370617935347
-158553.242348563334
-158553.043155010324
-158552.737960763799
-158552.279541297321
-158551.597864811687
-158550.590224429034
-158549.116481289268
-158546.992897981545
-158543.867789492564
-158538.997790172871
-158530.622020701063
-158520.517065465916
-158501.628007681633
-158479.951425258041
-158454.001323833276
-158426.069584084908
-158394.549680226395
-158353.931987936783
-158301.640847140807
-158231.363114965934
-158127.446603322867
-157988.682123014034
-157787.418544545595
-157494.033144710702
-157073.096154405444
-156476.707603548159
-155641.315025733027
-154482.336552817462
-152965.006606620445
-151294.327831194998
-149385.805872821948
-146900.490082021424
-143576.658267690626
-139043.628614945745
-133982.282288694551
-129364.736540731494
-125112.595344231842
-117038.731001409586
-109186.600312771872
-101394.586120638865
-94298.9090573930152
-87947.0907268087612
-81625.7760604287178
-74705.8352298967366
-65523.1561516160946
-52739.7107688859542
-35031.6483370030473
-15116.0150879959874
4041.83372424709023
21691.6241781210592
37605.2798903424555
51731.8602587671849
64328.0359157092753
74981.6178558936808
84778.1093958312413
92173.1247825769678
99842.6930976452859
106744.247099080399
-158553.580658778577
-158553.580577795918
-158553.580379661493
-158553.579918622418
-158553.578938710038
-158553.576991214039
-158553.573206574016
-158553.566022476909
-158553.55268532582
-158553.528442349518
-158553.485280753346
-158553.410050314618
-158553.281765458494
-158553.067557098053
-158552.716690282599
-158552.153026585001
-158551.270981967711
-158549.914827291708
-158547.846525437635
-158544.713225722779
-158540.063846354693
-158533.044570716011
-158522.293695831118
-158505.925391931552
-158492.220181651443
-158474.836816456402
-158448.536241942085
-158408.605535380979
-158344.273659733561
-158299.577608513297
-158240.916475773323
-158179.555046783353
-158119.078621783381
-158055.951158854616
-157983.125452497945
-157899.254925054061
-157793.790898551088
-157655.147361756361
-157502.128677391825
-157303.867068943742
-157020.914510063099
-156623.994915486139
-156077.206999903632
-155332.715844678489
-154331.150889501238
-153001.549719401839
-151329.699083760584
-149473.602511458739
-147275.749343938427
-144384.151641453005
-140466.323426680348
-135810.092603471596
-129856.42231332566
-121816.298932133461
-113313.875933971562
-104779.690307724974
-96791.2781640003232
-89572.9025553687825
-82465.2789723839378
-74030.6143753873039
-62924.2634093814195
-48158.471782895198
-30970.5149188601645
-12884.5275226265258
4808.28703809388935
21360.9883591576072
36507.0740331302441
50183.3120350424288
62365.2887773759212
73122.481864220681
82300.5738695919717
90644.9511949648731
97081.5677736204962
103782.899394951761
110042.657559131578
-158553.580199338059
-158553.579379832518
-158553.577333932655
-158553.572443252313
-158553.561442671169
-158553.538992581161
-158553.494775743806
-158553.409663683764
-158553.249594469467
-158552.955213075998
-158552.426166316465
-158551.50031002934
-158549.933930311498
-158547.351474438736
-158543.160626394878
-158536.454060574993
-158526.046560520364
-158509.967634738918
-158484.381980935344
-158440.309349151677
-158398.59967916162
-158350.223855904391
-158287.007451270532
-158197.464915005519
-158071.06903027228
-157886.982269728498
-157588.221235634614
-157380.976514355716
-157183.466910233372
-156909.401410918217
-156661.006880104018
-156427.152366200782
-156198.764676410239
-155941.519013519835
-155674.051461137424
-155364.364747983724
-154974.108444516314
-154634.60720662828
-154240.836438868457
-153776.908252179972
-153174.838704033406
-152348.673915198859
-151212.589719846175
-149643.510871078848
-147882.201370817405
-145803.008493307687
-143177.130019763717
-140192.484055948502
-136666.009338600503
-132072.982373087783
-125886.90700726764
-118320.479705549267
-109928.392874451252
-100757.384174321312
-91690.4632459640707
-83130.4663842574955
-74283.337258061496
-64510.0980113690603
-53348.8114288205761
-40257.1880307924075
-25163.613700607355
-9003.99582870189624
7455.34064086144645
23395.9487437404532
38265.6958018765727
51914.3470174026515
64180.5034922832201
75000.6616022944945
84401.0133921786037
92562.5704617201554
99533.2826974432101
105357.166315658906
109784.711755484183
113876.085632288086
117639.466592046971
-158553.575656466506
-158553.567289296276
-158553.546008365229
-158553.494170571183
-158553.373991228698
-158553.115245622175
-158552.598749425844
-158551.590389380581
-158549.67137395477
-158546.097697412391
-158539.588575835893
-158528.09009544889
-158508.754661499115
-158477.11362568746
-158424.299803024653
-158330.106997354014
-158225.691977045761
-158103.670190310804
-157921.352699441282
-157649.843151270994
-157281.681887223065
-156736.45015222457
-155840.784637541103
-155154.290809575934
-154491.095702296414
-153594.18866703767
-152306.893361449125
-150943.092220017017
-149482.449224862619
-148754.531256538292
-147981.019839042274
-146995.219428026554
-145740.092431328521
-144439.006439316814
-143224.158444031345
-141939.438003416988
-140519.079360803822
-138769.721403801988
-136842.968666729023
-134766.272803623433
-132298.145868770895
-129014.210100654876
-124551.572935302247
-118544.731359714075
-113031.644511767081
-107253.161237171633
-100361.136625637271
-92781.4793326748768
-84295.1069306399877
-74092.3847804039833
-63626.3130125046082
-54062.2031884689568
-43951.3065199802149
-32656.4737403332219
-21000.591049322913
-10175.6349132005853
126.561830091799365
10402.8468770238396
21418.1803600338317
33299.2225645479921
45533.6691221890287
57295.9437813060649
68111.3031620239199
77887.1484730252123
86668.1366129410744
94233.7800726523419
100556.061080602187
105894.754275830215
110427.152689359384
114162.222778255338
117073.431389133213
119305.050979852764
121017.980703515219
122269.139435413454
122845.291570926041
-158553.528759463195
-158553.439825333597
-158553.210093257541
-158552.64354649419
-158551.310704356671
-158548.330544119555
-158542.171694940946
-158529.979911620059
-158506.37999603909
-158461.101435077609
-158374.409668529057
-158207.692430289928
-157991.887627425196
-157710.099127517897
-157288.792532951804
-156641.868161842402
-155612.833893094066
-153825.886895746633
-151837.595004868257
-149727.235073935764
-147528.978152907861
-145145.930839176348
-142013.091724248807
-137857.930165882979
-132219.454779259075
-124775.228617198722
-117509.677478824757
-114257.182130239118
-111673.343797310721
-109217.165105528868
-106477.74541709591
-103321.3531515098
-98736.244531626915
-93155.6213908031059
-88014.6146714610077
-82844.4509588553774
-75867.034920054808
-68195.9572058592603
-60820.0831012509734
-52386.439158280511
-42481.9352287239744
-30656.6209297889145
-16780.3152639965592
-2672.26657825100301
7277.91486433055888
13532.6202500546478
20192.707379500931
28400.6915547961835
36538.6087997634459
43477.8870899754766
49688.3748910178692
56053.4721433539526
63301.5612399354868
72186.9577771009353
80812.592475620113
86445.0492106382299
89506.1599880111171
92772.8269410629873
97202.363830277638
102529.182902896486
107227.145278189651
111115.290104355256
114241.290066615562
116745.387324583426
118755.818197481916
120353.509963388438
121610.286382590202
122578.909299135034
123294.673921759109
123734.713478707621
123933.833608690387
124117.522377337023
124308.724381803462
124498.331962564436
124680.416889763757
-158553.149161143723
-158552.372317419446
-158550.322495946486
-158545.184662439686
-158532.904787930049
-158504.766417933803
-158442.889480689628
-158315.860509724269
-158094.987272100436
-157690.890393191657
-156911.373197958368
-155469.376916981826
-152931.31447572622
-150367.18321387656
-147371.519586444949
-143288.541909246036
-137282.302925422526
-128832.26318150216
-117160.036174125649
-103150.465942592491
-88710.5590468069859
-74697.0940039408451
-61289.2013741029587
-48417.1397421346992
-36963.199867713709
-29370.2458959966971
-19742.4927176134479
-8793.63172426343408
3729.53825286104575
16674.8297059067881
29292.4092162429479
40646.2177680808672
49020.985622949127
55636.8563395403326
61048.8152250232597
65718.9531888232159
70250.1085615897318
74366.6839852988487
77734.7626781776344
81188.4655280830775
85527.1115343012934
90548.2419549805199
95371.9740067580133
98820.6420764933719
101346.30177917218
103478.992080208875
105455.108291575816
107551.667620626482
109601.897394755855
111490.233212488325
113380.158721173691
115470.929014620851
117438.694307472193
118827.702446933705
119799.828988585883
120494.5615957712
121067.958405847865
121655.305172389621
122388.893500436156
123127.061224209552
123674.75848394951
124030.602881541563
124292.644790406761
124489.511947377381
124637.137461610488
124746.00818203736
124824.843795532026
124880.245862106618
124918.266646488773
124944.531225223924
124964.765098457414
124982.39647537467
124994.80851575188
125005.545665645142
125016.851519636402
)
;

boundaryField
{
    reactingWall
    {
        type            calculated;
        value           nonuniform List<scalar> 
75
(
-158553.149161143723
-158552.372317419446
-158550.322495946486
-158545.184662439686
-158532.904787930049
-158504.766417933803
-158442.889480689628
-158315.860509724269
-158094.987272100436
-157690.890393191657
-156911.373197958368
-155469.376916981826
-152931.31447572622
-150367.18321387656
-147371.519586444949
-143288.541909246036
-137282.302925422526
-128832.26318150216
-117160.036174125649
-103150.465942592491
-88710.5590468069859
-74697.0940039408451
-61289.2013741029587
-48417.1397421346992
-36963.199867713709
-29370.2458959966971
-19742.4927176134479
-8793.63172426343408
3729.53825286104575
16674.8297059067881
29292.4092162429479
40646.2177680808672
49020.985622949127
55636.8563395403326
61048.8152250232597
65718.9531888232159
70250.1085615897318
74366.6839852988487
77734.7626781776344
81188.4655280830775
85527.1115343012934
90548.2419549805199
95371.9740067580133
98820.6420764933719
101346.30177917218
103478.992080208875
105455.108291575816
107551.667620626482
109601.897394755855
111490.233212488325
113380.158721173691
115470.929014620851
117438.694307472193
118827.702446933705
119799.828988585883
120494.5615957712
121067.958405847865
121655.305172389621
122388.893500436156
123127.061224209552
123674.75848394951
124030.602881541563
124292.644790406761
124489.511947377381
124637.137461610488
124746.00818203736
124824.843795532026
124880.245862106618
124918.266646488773
124944.531225223924
124964.765098457414
124982.39647537467
124994.80851575188
125005.545665645142
125016.851519636402
)
;
    }
    inertWall
    {
        type            calculated;
        value           nonuniform List<scalar> 
105
(
-158553.580710883747
-158553.580710883514
-158553.580710883602
-158553.580710883456
-158553.580710883572
-158553.580710883427
-158553.580710877752
-158553.580710796523
-158553.580709873902
-158553.580700582708
-158553.58061851922
-158553.579983278265
-158553.575684436917
-158553.550542579411
-158553.430628190195
-158553.580710883514
-158553.580710883747
-158553.580710883776
-158553.580710883456
-158553.580710883572
-158553.580710883136
-158553.580710876733
-158553.58071079338
-158553.580709837785
-158553.580700204795
-158553.580614994047
-158553.579954397166
-158553.575475765188
-158553.549196209846
-158553.422983215569
-158553.122721711581
-158552.269481767464
-158549.910367809061
-158543.64635267522
-158527.817443190637
-158490.016953082231
-158405.152223539422
-158226.702817531914
-157876.141097804822
-157233.902803151461
-156140.555519453657
-154446.276147638622
-151970.098622854479
-148515.502907304442
-143934.53854389576
-138161.864036844985
-131223.033504649327
-123206.289899856944
-114210.052833751775
-104297.83696893492
-93491.1278686134028
-81805.0495555258676
-69302.0281782877428
-56131.834239470576
-42581.4810951759864
-29054.6420157453431
-16041.6736544761352
-3895.21908882892239
7146.89524325259117
17196.439240235366
27059.5341282489935
36628.5672724455144
44940.1123208081553
51608.0195984553648
57513.9854302011954
62597.0182790718463
66860.6539002805366
70452.6635992118536
73557.2690364584996
77395.484182168133
82154.0176220444846
87318.7765091186739
91874.5052355273947
95285.272951077277
98173.585119854717
100767.565663295507
103200.187307040338
105723.590867057108
108094.231127174033
110087.303537014712
111777.853690613469
113318.76345857972
114864.112503898839
116320.952898458301
118016.963169706476
119144.88416176397
120307.594084150332
121032.474136320103
121704.869710842526
122326.212644448868
122897.552656224696
123359.436101069645
123749.483081420884
124069.298451264593
124321.463662269482
124512.525192713423
124653.617336530078
124756.518487803332
124828.013359743709
124876.966437215582
124916.735079127699
124952.64279474366
124983.150652024298
124999.908457817044
125009.101202563354
)
;
    }
    inlet
    {
        type            calculated;
        value           uniform -158553.580710883514;
    }
    outlet
    {
        type            calculated;
        value           nonuniform List<scalar> 
20
(
125009.101202563354
124588.951922895183
121086.690765821302
113267.590142782894
106459.179649113503
104546.362374238233
105565.446165402827
106360.884245355119
105159.966539382265
103628.652230728389
103680.702576291209
104968.633178643984
106399.53919333154
106194.751237567267
106744.247099080399
110042.657559131578
117639.466592046971
122845.291570926041
124680.416889763757
125016.851519621108
)
;
    }
    defaultFaces
    {
        type            empty;
    }
}


// ************************************************************************* //
