/*--------------------------------*- C++ -*----------------------------------*\
  =========                 |
  \\      /  F ield         | OpenFOAM: The Open Source CFD Toolbox
   \\    /   O peration     | Website:  https://openfoam.org
    \\  /    A nd           | Version:  8
     \\/     M anipulation  |
\*---------------------------------------------------------------------------*/
FoamFile
{
    version     2.0;
    format      ascii;
    class       volScalarField;
    location    "0.2";
    object      gas::mu;
}
// * * * * * * * * * * * * * * * * * * * * * * * * * * * * * * * * * * * * * //

dimensions      [1 -1 -1 0 0 0 0];

internalField   nonuniform List<scalar> 
1800
(
3.89398395867285039e-05
3.89398395867285107e-05
3.89398395867285107e-05
3.89398395867285039e-05
3.89398395867285107e-05
3.89398395867285107e-05
3.89398395867285784e-05
3.89398395867293577e-05
3.89398395867383295e-05
3.89398395868287384e-05
3.8939839587628473e-05
3.89398395938284967e-05
3.89398396358625677e-05
3.89398398825086279e-05
3.89398410670772997e-05
3.89398395867285107e-05
3.89398395867285107e-05
3.89398395867285107e-05
3.89398395867285107e-05
3.89398395867285107e-05
3.89398395867285039e-05
3.89398395867285242e-05
3.89398395867286598e-05
3.89398395867301505e-05
3.89398395867440012e-05
3.8939839586858371e-05
3.89398395876927594e-05
3.89398395930588284e-05
3.89398396231937941e-05
3.89398397635749361e-05
3.89398395867285039e-05
3.89398395867285107e-05
3.89398395867285107e-05
3.89398395867285107e-05
3.89398395867285107e-05
3.89398395867285107e-05
3.89398395867285175e-05
3.89398395867285378e-05
3.89398395867287953e-05
3.89398395867310721e-05
3.89398395867487717e-05
3.89398395868709952e-05
3.89398395876211004e-05
3.89398395916722151e-05
3.89398396100108172e-05
3.89398395867285039e-05
3.89398395867285039e-05
3.89398395867285039e-05
3.89398395867285039e-05
3.89398395867285107e-05
3.89398395867285039e-05
3.89398395867285107e-05
3.89398395867285175e-05
3.89398395867285581e-05
3.89398395867289376e-05
3.89398395867316549e-05
3.89398395867494629e-05
3.89398395868536479e-05
3.89398395873943328e-05
3.8939839589771751e-05
3.89398395867285107e-05
3.89398395867285107e-05
3.89398395867285107e-05
3.89398395867285107e-05
3.89398395867285039e-05
3.89398395867285107e-05
3.89398395867285039e-05
3.89398395867285039e-05
3.89398395867285175e-05
3.89398395867285784e-05
3.89398395867289918e-05
3.893983958673156e-05
3.89398395867458579e-05
3.89398395868172187e-05
3.8939839587122198e-05
3.89398395867285039e-05
3.89398395867285107e-05
3.89398395867285039e-05
3.89398395867285107e-05
3.89398395867285039e-05
3.89398395867285039e-05
3.89398395867285039e-05
3.89398395867285107e-05
3.89398395867285107e-05
3.89398395867285242e-05
3.89398395867285988e-05
3.89398395867290053e-05
3.89398395867310992e-05
3.89398395867409451e-05
3.89398395867814401e-05
3.89398395867285107e-05
3.89398395867285039e-05
3.89398395867285039e-05
3.89398395867285107e-05
3.89398395867285039e-05
3.89398395867285107e-05
3.89398395867285107e-05
3.89398395867285039e-05
3.89398395867285039e-05
3.89398395867285242e-05
3.89398395867285446e-05
3.8939839586728653e-05
3.89398395867291341e-05
3.89398395867311738e-05
3.89398395867388648e-05
3.89398395867285039e-05
3.89398395867285107e-05
3.89398395867285107e-05
3.89398395867285107e-05
3.89398395867285107e-05
3.89398395867285107e-05
3.89398395867285107e-05
3.89398395867285039e-05
3.89398395867285107e-05
3.89398395867285107e-05
3.89398395867285378e-05
3.89398395867286056e-05
3.89398395867289105e-05
3.89398395867300489e-05
3.89398395867339724e-05
3.89398395867285039e-05
3.89398395867284971e-05
3.89398395867285107e-05
3.89398395867285107e-05
3.89398395867285039e-05
3.89398395867285039e-05
3.89398395867285107e-05
3.89398395867285107e-05
3.89398395867285175e-05
3.89398395867285175e-05
3.89398395867285378e-05
3.8939839586728592e-05
3.89398395867288834e-05
3.89398395867299269e-05
3.89398395867334777e-05
3.89398395867285039e-05
3.89398395867285107e-05
3.89398395867285039e-05
3.89398395867285107e-05
3.89398395867285107e-05
3.89398395867285039e-05
3.89398395867285107e-05
3.89398395867285107e-05
3.89398395867285107e-05
3.89398395867285039e-05
3.89398395867285378e-05
3.89398395867285988e-05
3.89398395867288834e-05
3.89398395867299405e-05
3.89398395867335387e-05
3.89398395867285039e-05
3.89398395867285039e-05
3.89398395867285107e-05
3.89398395867285039e-05
3.89398395867285107e-05
3.89398395867285039e-05
3.89398395867285107e-05
3.89398395867285039e-05
3.89398395867285107e-05
3.89398395867285107e-05
3.89398395867285242e-05
3.8939839586728592e-05
3.89398395867288766e-05
3.89398395867299405e-05
3.89398395867335454e-05
3.89398395867285107e-05
3.89398395867285039e-05
3.89398395867285107e-05
3.89398395867285039e-05
3.89398395867285039e-05
3.89398395867285107e-05
3.89398395867285107e-05
3.89398395867285039e-05
3.89398395867285039e-05
3.89398395867285175e-05
3.89398395867285378e-05
3.89398395867285988e-05
3.89398395867288834e-05
3.89398395867299269e-05
3.89398395867334912e-05
3.89398395867285107e-05
3.89398395867285039e-05
3.89398395867285039e-05
3.89398395867285107e-05
3.89398395867285107e-05
3.89398395867285107e-05
3.89398395867285107e-05
3.89398395867285107e-05
3.89398395867285107e-05
3.89398395867285107e-05
3.89398395867285378e-05
3.89398395867285988e-05
3.89398395867288902e-05
3.8939839586729954e-05
3.89398395867336132e-05
3.89398395867285107e-05
3.89398395867285039e-05
3.89398395867285039e-05
3.89398395867285107e-05
3.89398395867284971e-05
3.89398395867285107e-05
3.89398395867285107e-05
3.89398395867285107e-05
3.89398395867285039e-05
3.89398395867285175e-05
3.89398395867285378e-05
3.89398395867285988e-05
3.89398395867289376e-05
3.89398395867302386e-05
3.89398395867349075e-05
3.89398395867285107e-05
3.89398395867285107e-05
3.89398395867285039e-05
3.89398395867285039e-05
3.89398395867285039e-05
3.89398395867285107e-05
3.89398395867285107e-05
3.89398395867285107e-05
3.89398395867285039e-05
3.89398395867285039e-05
3.89398395867285513e-05
3.89398395867287411e-05
3.89398395867296694e-05
3.89398395867339317e-05
3.8939839586751157e-05
3.89398395867285039e-05
3.89398395867285107e-05
3.89398395867285107e-05
3.89398395867285107e-05
3.89398395867285107e-05
3.89398395867285107e-05
3.89398395867285107e-05
3.89398395867285039e-05
3.89398395867285039e-05
3.89398395867285513e-05
3.89398395867287479e-05
3.89398395867299744e-05
3.89398395867367845e-05
3.89398395867706997e-05
3.89398395869160031e-05
3.89398395867285039e-05
3.89398395867285039e-05
3.89398395867285039e-05
3.89398395867285039e-05
3.89398395867285107e-05
3.89398395867285039e-05
3.89398395867285039e-05
3.89398395867285107e-05
3.89398395867285378e-05
3.89398395867287614e-05
3.89398395867303809e-05
3.89398395867409384e-05
3.89398395868026837e-05
3.89398395871237634e-05
3.89398395885383423e-05
3.89398395867285107e-05
3.89398395867285039e-05
3.89398395867285039e-05
3.89398395867285107e-05
3.89398395867285107e-05
3.89398395867285107e-05
3.89398395867285107e-05
3.89398395867285378e-05
3.89398395867287411e-05
3.8939839586730469e-05
3.89398395867438657e-05
3.893983958683626e-05
3.89398395874025253e-05
3.89398395904584914e-05
3.89398396042702852e-05
3.89398395867285039e-05
3.89398395867285107e-05
3.89398395867285107e-05
3.89398395867285107e-05
3.89398395867285039e-05
3.89398395867285039e-05
3.89398395867285175e-05
3.89398395867286665e-05
3.89398395867301912e-05
3.89398395867443129e-05
3.89398395868604513e-05
3.89398395877043943e-05
3.8939839593111053e-05
3.89398396233287433e-05
3.89398397630617019e-05
3.89398395867285107e-05
3.89398395867285039e-05
3.89398395867285107e-05
3.89398395867285039e-05
3.89398395867285107e-05
3.89398395867285039e-05
3.89398395867285649e-05
3.89398395867293238e-05
3.89398395867379907e-05
3.89398395868251876e-05
3.89398395875953913e-05
3.89398395935574326e-05
3.8939839633904092e-05
3.89398398698723058e-05
3.89398409953255927e-05
3.8939843885173669e-05
3.89398518932353239e-05
3.89398740346450284e-05
3.893993282545787e-05
3.89400813877113794e-05
3.89404361658863163e-05
3.89412326758786984e-05
3.89429075756884789e-05
3.89461980443927099e-05
3.89522267788660131e-05
3.89624916197535708e-05
3.89784020573667004e-05
3.90016633044703993e-05
3.90341322083134423e-05
3.9077217029835481e-05
3.91315579710859425e-05
3.91969472098042869e-05
3.92725905938744979e-05
3.93575992167674352e-05
3.94514142002494288e-05
3.95538758662695661e-05
3.96648876459095731e-05
3.97839050760558175e-05
3.9909548071628385e-05
4.00391126556924468e-05
4.01687514847627155e-05
4.02937482049226621e-05
4.04106723915327527e-05
4.05171766150707452e-05
4.06142819660768921e-05
4.07097479583556917e-05
4.08025215881202628e-05
4.08832268454693308e-05
4.09480552937578824e-05
4.10055375499475931e-05
4.10550567717206583e-05
4.10966265833820568e-05
4.11316716764825773e-05
4.11619788092480846e-05
4.11994696899738275e-05
4.124598423837473e-05
4.12965125056844086e-05
4.13411195432706371e-05
4.137453856241158e-05
4.14028537717469659e-05
4.14282954709132566e-05
4.14521648319377537e-05
4.14769354677717208e-05
4.15002162742707489e-05
4.15197964984467404e-05
4.1536409939085712e-05
4.15515570173826741e-05
4.15667517476248514e-05
4.15810798937883222e-05
4.15977647986676962e-05
4.16088636730933148e-05
4.16203071187627786e-05
4.1627442575405814e-05
4.16340621857819092e-05
4.16401798699817031e-05
4.16458058046236006e-05
4.16503543325154053e-05
4.16541957107149864e-05
4.16573456042653101e-05
4.16598293262837217e-05
4.16617112739920019e-05
4.16631010649586386e-05
4.16641146867991941e-05
4.1664818953418392e-05
4.16653011750522657e-05
4.16656929266267915e-05
4.16660466474130954e-05
4.16663471768244972e-05
4.16665122567200919e-05
4.1666602813964514e-05
3.89398400797982884e-05
3.89398409476958865e-05
3.89398432775806458e-05
3.89398493243563019e-05
3.89398643770984696e-05
3.89399000876109586e-05
3.89399804029561873e-05
3.89401510265427629e-05
3.89404926733869129e-05
3.89411362794243827e-05
3.89422502315538692e-05
3.89440511717773378e-05
3.89468369253075564e-05
3.89509637773408847e-05
3.89568258091422238e-05
3.89648218876295161e-05
3.89753212380010558e-05
3.89886416368258109e-05
3.90050483651909586e-05
3.90247687790666901e-05
3.90480045122048284e-05
3.90749222512655622e-05
3.91056162719849535e-05
3.91400189140993598e-05
3.9177924721417821e-05
3.92194572953328248e-05
3.92645103913595087e-05
3.93094106144228336e-05
3.9348212026566819e-05
3.93855639968274408e-05
3.94242338543431716e-05
3.94655085749950267e-05
3.95153223437707656e-05
3.9572788761481131e-05
3.96327232482957353e-05
3.97018427577683139e-05
3.97811571235191558e-05
3.98451972040505227e-05
3.9909800797535305e-05
3.9987991059357202e-05
4.00849106780377248e-05
4.01956241924099079e-05
4.02837804914674835e-05
4.03737804501208246e-05
4.04564064984689258e-05
4.05228052189988757e-05
4.05940119066836312e-05
4.06747549985174238e-05
4.0752075443119849e-05
4.08211691156662351e-05
4.08815975769964213e-05
4.09324228822676017e-05
4.09926078966153256e-05
4.10731614933678232e-05
4.11543773461767317e-05
4.12276761105232571e-05
4.12897273978452014e-05
4.13405313468166101e-05
4.13833095847937273e-05
4.14180431371524894e-05
4.14393627929534149e-05
4.14649710694840279e-05
4.14947600997651585e-05
4.15283314008182793e-05
4.15605895946969531e-05
4.15875155735862857e-05
4.16073064188953739e-05
4.16227334228464781e-05
4.16340241982031352e-05
4.16417811412640414e-05
4.16480642853424827e-05
4.16533362604386856e-05
4.16573654734245726e-05
4.16603174195947498e-05
4.16624640911807093e-05
3.89398396499097011e-05
3.89398397563318083e-05
3.89398400348091769e-05
3.89398407420805902e-05
3.89398424747425438e-05
3.89398465467828358e-05
3.89398556802754973e-05
3.89398751552211267e-05
3.89399145244378214e-05
3.89399884318043424e-05
3.89401172367737658e-05
3.89403321699062353e-05
3.8940675765976932e-05
3.89412035127312291e-05
3.89419841941088929e-05
3.89430987298791946e-05
3.89446377666853138e-05
3.89466988507029637e-05
3.89493841182148384e-05
3.89527988458169251e-05
3.89570499298736578e-05
3.89622428499742719e-05
3.89684777326544039e-05
3.89758308994021035e-05
3.89843232516223128e-05
3.8994019589300498e-05
3.900506329688997e-05
3.90167211071447816e-05
3.9027059504713715e-05
3.90348188915397957e-05
3.90422475889060861e-05
3.9052184488978854e-05
3.90663770110630021e-05
3.90817922735301547e-05
3.90987710244270205e-05
3.91181197604933929e-05
3.91375968125106069e-05
3.91571524799510674e-05
3.91787177553416625e-05
3.92046827237181689e-05
3.92350636711897869e-05
3.9274348054601386e-05
3.93296191682490637e-05
3.93884142637995028e-05
3.94424464646649746e-05
3.94951054657393866e-05
3.95579155634630917e-05
3.96340352580986261e-05
3.97172383531444584e-05
3.98023451528860316e-05
3.98832373720889351e-05
3.99591900078519695e-05
4.00381475649966653e-05
4.01195494767239206e-05
4.0212497183069956e-05
4.03168707634039594e-05
4.04343388957086551e-05
4.05624194736883782e-05
4.06955051963954958e-05
4.08293101015305796e-05
4.0934913232768024e-05
4.09862896043526351e-05
4.10240332746115399e-05
4.10696022791961636e-05
4.11277629666162174e-05
4.11999400588228953e-05
4.12824459779952179e-05
4.13656292646640182e-05
4.14406634800324126e-05
4.14961407224973862e-05
4.15359665690111032e-05
4.15673127011250817e-05
4.15934770869778132e-05
4.16127625839063687e-05
4.16279762998688905e-05
3.89398395948043193e-05
3.89398396078659062e-05
3.89398396411802609e-05
3.89398397239062893e-05
3.89398399229233075e-05
3.89398403848669893e-05
3.89398414146887046e-05
3.89398436107741677e-05
3.89398480525647716e-05
3.89398562191606976e-05
3.89398707091671687e-05
3.89398954096479991e-05
3.89399359231612383e-05
3.89400000140853955e-05
3.89400980286092675e-05
3.89402432277534931e-05
3.89404519927405749e-05
3.89407439029131362e-05
3.89411417137977998e-05
3.89416712551809752e-05
3.89423611873056239e-05
3.89432423374926461e-05
3.89443472452127257e-05
3.89457072224589951e-05
3.89473448292624122e-05
3.89492761264901381e-05
3.89515118079748941e-05
3.8953996792783322e-05
3.89565641131255536e-05
3.89591121061593548e-05
3.89616290517516353e-05
3.89642895198637326e-05
3.89673668254860784e-05
3.89707300464689507e-05
3.89745480715820587e-05
3.89793024836052146e-05
3.89842468623177968e-05
3.8988606637552888e-05
3.8993869203653915e-05
3.90000232436314993e-05
3.900835680919088e-05
3.90209395181937078e-05
3.90397901234982892e-05
3.90616753688703707e-05
3.90833799685603913e-05
3.91070818419605464e-05
3.91353852540546749e-05
3.91696812228774823e-05
3.92111716447430232e-05
3.92603475315040834e-05
3.93169943183595153e-05
3.93797691063008193e-05
3.94460522091353116e-05
3.95186126791048276e-05
3.95937004165792806e-05
3.96712615515203577e-05
3.97581922923600893e-05
3.98693703042348472e-05
4.00164388880191801e-05
4.01975192732452068e-05
4.04012692361548634e-05
4.05263140045005607e-05
4.05765982684880668e-05
4.06269090348453094e-05
4.06846542919777807e-05
4.0757888101855548e-05
4.0852042062871457e-05
4.09655790954270322e-05
4.10910295959144881e-05
4.12219641201208331e-05
4.13220181247616421e-05
4.14006458233019922e-05
4.14658432536837347e-05
4.15135109365857789e-05
4.15510539216828426e-05
3.89398395877549317e-05
3.89398395893592324e-05
3.89398395933589287e-05
3.89398396030900363e-05
3.89398396261022816e-05
3.89398396788416564e-05
3.89398397955577686e-05
3.89398400438183142e-05
3.89398405290421613e-05
3.89398414284007722e-05
3.89398430404028418e-05
3.89398458305538934e-05
3.89398504987250639e-05
3.89398580614257737e-05
3.89398699460959965e-05
3.89398880933958418e-05
3.89399150616325269e-05
3.89399541302343758e-05
3.89400093914704808e-05
3.89400858207982522e-05
3.89401893329889128e-05
3.89403267450930013e-05
3.89405059071332193e-05
3.89407356207724769e-05
3.89410239447912778e-05
3.8941377793918923e-05
3.89418040256925808e-05
3.89422965690643105e-05
3.89428363823077594e-05
3.8943420854272096e-05
3.89440652969020391e-05
3.89448218746027831e-05
3.8945708833218298e-05
3.89467281713776632e-05
3.89478764237748742e-05
3.8949220207679466e-05
3.89508303014717062e-05
3.89525939911504782e-05
3.89545791661939465e-05
3.89572632585936829e-05
3.89612468622327313e-05
3.89671366085462878e-05
3.89759729375381442e-05
3.89869722647989873e-05
3.89989518278055465e-05
3.90121112394841481e-05
3.90278380015083996e-05
3.90468716996316244e-05
3.90701402146699498e-05
3.90985198316273462e-05
3.91329245495944327e-05
3.91741966251441532e-05
3.92235308844785495e-05
3.92810877385490502e-05
3.93418849003905e-05
3.94025194351818855e-05
3.9469798932496702e-05
3.95616697872005384e-05
3.96898108223648759e-05
3.98695285087361789e-05
4.01085258345651701e-05
4.02555598348350112e-05
4.03132634523442417e-05
4.03678168930975741e-05
4.04274098722423993e-05
4.05004797637051041e-05
4.05939942371228839e-05
4.07084530921473215e-05
4.08477321837370108e-05
4.10124550063154075e-05
4.11486892730663641e-05
4.12601579542895487e-05
4.13566753831596718e-05
4.14279932737129757e-05
4.14841582859128442e-05
3.89398395868636565e-05
3.8939839587067229e-05
3.89398395875628043e-05
3.89398395887428228e-05
3.89398395914826491e-05
3.89398395976721154e-05
3.89398396112328554e-05
3.8939839639395576e-05
3.89398396931175633e-05
3.8939839793003212e-05
3.89398399732308913e-05
3.89398402887386702e-05
3.89398408250951519e-05
3.89398417120648014e-05
3.89398431398973376e-05
3.89398453802392014e-05
3.89398488098023602e-05
3.89398539430166958e-05
3.89398614627110086e-05
3.89398722383670989e-05
3.89398873607441231e-05
3.89399081434889786e-05
3.89399362004996729e-05
3.89399737590440416e-05
3.89400236493747659e-05
3.89400876893921684e-05
3.8940165821462169e-05
3.89402602292711252e-05
3.89403755411751664e-05
3.89405235806254124e-05
3.89407113726940443e-05
3.89409590336230201e-05
3.8941297696695981e-05
3.89417250252872761e-05
3.89422625236158839e-05
3.8942981304389744e-05
3.89439317395339865e-05
3.89451322917128769e-05
3.89467090151215733e-05
3.89490445365081714e-05
3.89525067995127454e-05
3.89576654136816069e-05
3.89654984781001367e-05
3.89747628692718525e-05
3.89846570135263254e-05
3.89956774840335426e-05
3.9008514637234605e-05
3.90239124124062579e-05
3.90424285884840216e-05
3.90647795854262472e-05
3.90919367118527122e-05
3.91251222505233461e-05
3.91653093298975275e-05
3.92118618280384873e-05
3.92609455909127746e-05
3.93140788613051645e-05
3.93830864534252688e-05
3.94800800867987597e-05
3.96171944000832878e-05
3.98127361252297192e-05
4.00578558923052845e-05
4.01691119099510676e-05
4.02282802572458993e-05
4.02866530080443733e-05
4.03519092834342397e-05
4.04317466222120533e-05
4.05297126063869758e-05
4.06477019303255017e-05
4.07935674954341363e-05
4.09634499212126459e-05
4.1104906947125709e-05
4.12229535512358144e-05
4.13261725536260275e-05
4.14038399086203384e-05
4.14653780384983091e-05
3.89398395867538268e-05
3.89398395867893276e-05
3.8939839586872364e-05
3.89398395870629938e-05
3.89398395874918161e-05
3.89398395884355938e-05
3.89398395904592436e-05
3.89398395944197189e-05
3.8939839601863336e-05
3.89398396155810346e-05
3.89398396402921434e-05
3.89398396837819388e-05
3.89398397584532938e-05
3.89398398846837001e-05
3.89398400927401726e-05
3.89398404292643432e-05
3.89398409589325104e-05
3.89398417831414705e-05
3.89398430537187554e-05
3.89398449536382336e-05
3.89398477168962669e-05
3.89398516046802893e-05
3.89398570877582566e-05
3.89398650221189717e-05
3.8939876327683868e-05
3.89398918302788507e-05
3.89399130660644078e-05
3.89399432148663198e-05
3.89399861199574954e-05
3.89400476718912723e-05
3.89401367696721155e-05
3.89402667167787931e-05
3.8940457148096223e-05
3.89407366909352341e-05
3.89411474727057241e-05
3.89417525761403207e-05
3.8942648993365553e-05
3.89439458049579016e-05
3.89458690783850637e-05
3.89488061615690532e-05
3.89533423130103261e-05
3.89604250879836185e-05
3.89702515517322451e-05
3.89777386099494775e-05
3.89860859180556857e-05
3.89957759052132096e-05
3.9007756922648577e-05
3.90223957616498381e-05
3.90400430013796505e-05
3.90613228512839804e-05
3.90871544519526791e-05
3.91181975291477903e-05
3.91543295550481388e-05
3.91944487134591481e-05
3.92392315925872451e-05
3.92974232870669981e-05
3.9379394893402717e-05
3.94947026179520247e-05
3.96584500998640831e-05
3.98992145663326633e-05
4.00991312654501935e-05
4.01693993795889919e-05
4.02301812535628512e-05
4.02907227746509568e-05
4.03611918873383505e-05
4.04484543364216033e-05
4.05511996428634916e-05
4.06727233463936941e-05
4.0823252909981598e-05
4.09881010675533484e-05
4.11246196235386569e-05
4.12387032997239673e-05
4.13390885304871388e-05
4.1415332949282791e-05
4.14753827482746418e-05
3.89398395867412839e-05
3.89398395867578722e-05
3.89398395867949655e-05
3.89398395868765924e-05
3.8939839587053236e-05
3.89398395874282683e-05
3.89398395881878333e-05
3.89398395895840824e-05
3.89398395921336244e-05
3.8939839596724543e-05
3.89398396048726882e-05
3.89398396190771394e-05
3.89398396436724757e-05
3.89398396855926377e-05
3.89398397558736312e-05
3.89398398719188594e-05
3.89398400608746305e-05
3.89398403647500245e-05
3.89398408480836464e-05
3.89398416108066136e-05
3.8939842738034421e-05
3.89398443742407688e-05
3.89398468679723287e-05
3.89398506620985561e-05
3.89398564347024408e-05
3.89398652178090139e-05
3.8939878590741746e-05
3.89398989895525875e-05
3.89399301935116818e-05
3.8939978107521742e-05
3.89400520310986372e-05
3.89401667439114875e-05
3.89403459779682085e-05
3.89406283097689827e-05
3.8941077276285738e-05
3.89417987589850463e-05
3.89429698628721566e-05
3.89448855599306074e-05
3.894805573191433e-05
3.89535654185977026e-05
3.89580572280203254e-05
3.89627622874417844e-05
3.89699623080038774e-05
3.89803866053381321e-05
3.89900142924425595e-05
3.89988900725022556e-05
3.90092993271117202e-05
3.90222713913553185e-05
3.90388523510669524e-05
3.90595395587503127e-05
3.908448737585481e-05
3.91132808012489147e-05
3.91457865722304434e-05
3.91830317101545089e-05
3.92312190900964857e-05
3.92998505739767143e-05
3.93971998472052474e-05
3.95359926524801252e-05
3.9734178473757931e-05
3.99902399709413809e-05
4.01236619028915074e-05
4.01825269366909253e-05
4.02396233428070711e-05
4.03019242286689787e-05
4.0376672136672621e-05
4.04677605964763693e-05
4.05729755910169045e-05
4.06967355152062675e-05
4.08497476951583726e-05
4.10069461749352967e-05
4.11378026781805103e-05
4.12486425053142065e-05
4.13480242701477993e-05
4.14240524809560045e-05
4.14831930610876947e-05
3.893983958674001e-05
3.89398395867546738e-05
3.89398395867871389e-05
3.89398395868578086e-05
3.89398395870090615e-05
3.89398395873256215e-05
3.89398395879272249e-05
3.89398395890165161e-05
3.89398395909674905e-05
3.89398395944165544e-05
3.89398396004661383e-05
3.8939839611093576e-05
3.8939839629480249e-05
3.89398396608492671e-05
3.89398397136415781e-05
3.89398398013112703e-05
3.89398399450240098e-05
3.89398401776476361e-05
3.89398405495907401e-05
3.89398411370530631e-05
3.89398420257739092e-05
3.89398433886451982e-05
3.89398454819748379e-05
3.89398487153997454e-05
3.89398537436719437e-05
3.89398616144486941e-05
3.89398740111994072e-05
3.8939893655626436e-05
3.89399249740466917e-05
3.89399752055442217e-05
3.89400562468910185e-05
3.89401877347125919e-05
3.89404022151273031e-05
3.89407538856102595e-05
3.89413334829663446e-05
3.89422925929921467e-05
3.89438772735994164e-05
3.89464707267621514e-05
3.89507718472404844e-05
3.89538975939370614e-05
3.89571957517362451e-05
3.89620718679815949e-05
3.89695224259613838e-05
3.89800701010868509e-05
3.89937992062473963e-05
3.90068102001277982e-05
3.90162863425365421e-05
3.90279536502610318e-05
3.90423073446933254e-05
3.9060741463536052e-05
3.90835255096697138e-05
3.91102295054058128e-05
3.91415779930584206e-05
3.91805711627989697e-05
3.9236026536530787e-05
3.93153812765738021e-05
3.94283730777050505e-05
3.95901213141430764e-05
3.98272918034650955e-05
4.00455846164485743e-05
4.01262724115034787e-05
4.01829731948920126e-05
4.02387844662275692e-05
4.03018419547248582e-05
4.0378844794296697e-05
4.04705756595877104e-05
4.05754267584504676e-05
4.06977310343637131e-05
4.08477401864121664e-05
4.09940193021608905e-05
4.11191902219647503e-05
4.1227663622955894e-05
4.13292874365348773e-05
4.14089963364385307e-05
4.14714018008103662e-05
3.89398395867401455e-05
3.89398395867549855e-05
3.89398395867877623e-05
3.89398395868590012e-05
3.89398395870108573e-05
3.89398395873195296e-05
3.89398395878791677e-05
3.89398395888837284e-05
3.89398395906618945e-05
3.89398395938136635e-05
3.8939839599396566e-05
3.89398396091592035e-05
3.89398396260244088e-05
3.89398396547936999e-05
3.89398397032322141e-05
3.89398397837180166e-05
3.8939839915722389e-05
3.89398401295158698e-05
3.89398404717259896e-05
3.89398410138357427e-05
3.8939841865638922e-05
3.89398431977817802e-05
3.89398452799758098e-05
3.8939848546152615e-05
3.89398537047099528e-05
3.8939861922495949e-05
3.89398751296170486e-05
3.89398965249909245e-05
3.89399314209514693e-05
3.8939988656474614e-05
3.89400829655673689e-05
3.89402389391015535e-05
3.89404976728369178e-05
3.89409282827914583e-05
3.89416488613015675e-05
3.89428569465469205e-05
3.89448035108140288e-05
3.89476815090941108e-05
3.89496442807647482e-05
3.89519226699552843e-05
3.89552600613948319e-05
3.89606012575022685e-05
3.89685400601828775e-05
3.8979523188175672e-05
3.89937513584319174e-05
3.90111056645057195e-05
3.90264009539553489e-05
3.90366078653046244e-05
3.90490102344672434e-05
3.90641506894424481e-05
3.90835503961122163e-05
3.91075325490003445e-05
3.91376224765678103e-05
3.91780881716589287e-05
3.92371904039477869e-05
3.93223420835757273e-05
3.94445468863024017e-05
3.96179137483761344e-05
3.98600257168562784e-05
4.00136146473402247e-05
4.00711280022106745e-05
4.0124859607641474e-05
4.01828917836365493e-05
4.02486800013480953e-05
4.03327369560187447e-05
4.04359111025867898e-05
4.05565315136599037e-05
4.06949173406013693e-05
4.08526531428003028e-05
4.09930471203970604e-05
4.11119582582647304e-05
4.12122786664008791e-05
4.13106424258316573e-05
4.13915097557281586e-05
4.14563700434349987e-05
3.89398395867401659e-05
3.89398395867550194e-05
3.89398395867878504e-05
3.89398395868591706e-05
3.8939839587009956e-05
3.89398395872930683e-05
3.89398395878059501e-05
3.89398395887159685e-05
3.89398395903611843e-05
3.89398395932974613e-05
3.89398395984705828e-05
3.89398396074835826e-05
3.89398396230143112e-05
3.89398396494696641e-05
3.89398396940024552e-05
3.89398397680835163e-05
3.89398398899277827e-05
3.89398400882508166e-05
3.89398404081411372e-05
3.89398409203711051e-05
3.89398417364212948e-05
3.89398430331778134e-05
3.89398450941320852e-05
3.89398483788338262e-05
3.89398536406500436e-05
3.89398621263533607e-05
3.89398759134934914e-05
3.89398984786735829e-05
3.89399356533583205e-05
3.89399972262862562e-05
3.89400996217760214e-05
3.89402703801184375e-05
3.8940555918143594e-05
3.89410359798974048e-05
3.8941846712733725e-05
3.8943160958725843e-05
3.89450410981036807e-05
3.8946290764652484e-05
3.89477863736287691e-05
3.89502798571199251e-05
3.8954265833147033e-05
3.89602449343880926e-05
3.89686694388125947e-05
3.89798465619340323e-05
3.89940470297706415e-05
3.90114366973130796e-05
3.90320975739309652e-05
3.90465004771615025e-05
3.90575436706416099e-05
3.90707093114967015e-05
3.90872610677504937e-05
3.91086367386372859e-05
3.91371404510985205e-05
3.9178555627670599e-05
3.92398337147126317e-05
3.93286158840036408e-05
3.94566813400366731e-05
3.96437182017201346e-05
3.98395458694285527e-05
3.9925434995122518e-05
3.99725546287905969e-05
4.00249160468204109e-05
4.00879949417624524e-05
4.01542445501734961e-05
4.02484133239331356e-05
4.03696743031444144e-05
4.05132623963780326e-05
4.0677158292882122e-05
4.08419261934865339e-05
4.09841467960511509e-05
4.11068226877758837e-05
4.12086536199863845e-05
4.13074538992950515e-05
4.1390027893323761e-05
4.1456880917724743e-05
3.89398395867400507e-05
3.89398395867547823e-05
3.89398395867873625e-05
3.8939839586858039e-05
3.89398395869995748e-05
3.89398395872606032e-05
3.89398395877349281e-05
3.89398395885965842e-05
3.89398395901459092e-05
3.8939839592893623e-05
3.8939839597710137e-05
3.8939839606061394e-05
3.89398396203895661e-05
3.89398396447218208e-05
3.89398396856394075e-05
3.89398397538181736e-05
3.89398398664810231e-05
3.89398400513217658e-05
3.89398403528268296e-05
3.89398408425533615e-05
3.89398416360066637e-05
3.8939842920634111e-05
3.89398450026901962e-05
3.89398483863792093e-05
3.8939853908025758e-05
3.89398629646280143e-05
3.89398779042573345e-05
3.89399026934209423e-05
3.89399440583034496e-05
3.89400134415634986e-05
3.89401303123389935e-05
3.89403275461598083e-05
3.89406599724875045e-05
3.89412232503792076e-05
3.89422215459754611e-05
3.89430301839857189e-05
3.89438267126242845e-05
3.89448303407218853e-05
3.89465058480195891e-05
3.89491825072691878e-05
3.89533547829887112e-05
3.89596489805631345e-05
3.89686004157993918e-05
3.89805840322314133e-05
3.89956417593161281e-05
3.90134728890882739e-05
3.90335161131368104e-05
3.90561721294624916e-05
3.90677577657051479e-05
3.90804687633558825e-05
3.90955926026783656e-05
3.91155977322727228e-05
3.9143694182958635e-05
3.91874142799044923e-05
3.9252811431694402e-05
3.9348403618240301e-05
3.94848371218802887e-05
3.96745668634709988e-05
3.97966047913623729e-05
3.98441004224944846e-05
3.9890335035566184e-05
3.99356034863679776e-05
3.99910328367864825e-05
4.00726453198385732e-05
4.01881539714681729e-05
4.03362247936789865e-05
4.05134634431343223e-05
4.0698106498262773e-05
4.0861406245139505e-05
4.10027368165812638e-05
4.1127687314100661e-05
4.12292273412161457e-05
4.13243712464318025e-05
4.14044172573728577e-05
4.14695234101326309e-05
3.89398395867403691e-05
3.89398395867555819e-05
3.89398395867893344e-05
3.89398395868622945e-05
3.89398395869991479e-05
3.89398395872483314e-05
3.89398395877099847e-05
3.89398395885495705e-05
3.89398395900523967e-05
3.89398395927070183e-05
3.893983959734203e-05
3.89398396053504894e-05
3.89398396190561059e-05
3.89398396423077227e-05
3.89398396814431047e-05
3.89398397468515716e-05
3.89398398555149618e-05
3.89398400351571245e-05
3.89398403310571342e-05
3.89398408172989184e-05
3.89398416154466262e-05
3.89398429257009062e-05
3.89398450790274075e-05
3.89398486244617732e-05
3.89398544757943888e-05
3.89398641584841042e-05
3.89398802257757122e-05
3.8939906960184446e-05
3.89399515507968713e-05
3.89400260768782224e-05
3.89401508690692482e-05
3.89403609438891807e-05
3.89407218061072922e-05
3.89413759389791711e-05
3.89419693948248209e-05
3.89425281958717529e-05
3.8943201959406382e-05
3.89443051582266011e-05
3.89460821320721762e-05
3.89488689602268743e-05
3.8953138117268644e-05
3.89596010290889426e-05
3.89688256702666312e-05
3.89810407395481672e-05
3.89962828656406844e-05
3.90143546607147059e-05
3.90349346181517777e-05
3.90575038835592762e-05
3.90782627539648067e-05
3.90905418593317844e-05
3.91054295428854245e-05
3.91243574287183232e-05
3.91526342358020749e-05
3.91984674711405188e-05
3.92688879029942631e-05
3.93739275692679127e-05
3.95312402513676943e-05
3.96656169124312826e-05
3.97137811549248677e-05
3.97587534451722543e-05
3.98047040786497463e-05
3.98542620337765551e-05
3.99199732840785232e-05
4.00177325072960236e-05
4.01633109823538428e-05
4.03534905355548414e-05
4.05598392219612883e-05
4.07429174490347022e-05
4.09032090639029942e-05
4.10411109587325337e-05
4.11615887131289878e-05
4.12590621289670839e-05
4.13459054704549064e-05
4.1421253811255557e-05
4.14835726365663955e-05
3.89398395867437641e-05
3.89398395867642961e-05
3.8939839586810822e-05
3.89398395869080546e-05
3.89398395870879237e-05
3.89398395874319953e-05
3.89398395880745545e-05
3.89398395892516389e-05
3.89398395913722096e-05
3.89398395951356244e-05
3.89398396017232368e-05
3.89398396131072173e-05
3.89398396325437435e-05
3.89398396653561058e-05
3.8939839720173266e-05
3.89398398108829866e-05
3.89398399597109783e-05
3.89398402021142573e-05
3.89398405945785031e-05
3.89398412270593601e-05
3.89398422429512188e-05
3.89398438718768102e-05
3.89398464818326476e-05
3.89398506601745106e-05
3.89398573484379994e-05
3.89398680934529101e-05
3.89398854460605353e-05
3.89399136001487947e-05
3.89399593384002311e-05
3.89400338270221735e-05
3.8940155334554684e-05
3.8940354666945711e-05
3.89406825789554987e-05
3.89412117315799739e-05
3.89420171163858852e-05
3.89425416197529612e-05
3.89431286315250038e-05
3.89440601460757608e-05
3.89455724792735612e-05
3.89479242032298882e-05
3.89515019136585234e-05
3.89568540858496899e-05
3.89647174950230591e-05
3.89759270052439009e-05
3.89906292856927799e-05
3.90084897884611958e-05
3.90289719718985896e-05
3.90518757032614944e-05
3.9077651793847416e-05
3.91048376235138138e-05
3.91189134421654808e-05
3.91361103625322836e-05
3.91646181881983918e-05
3.92119791815451196e-05
3.9286547812053779e-05
3.94003613199827316e-05
3.95542515365277867e-05
3.96162476649521399e-05
3.96615268205272576e-05
3.97048155938042627e-05
3.97508534344679631e-05
3.98076827201817123e-05
3.98947208422675441e-05
4.00212033391595041e-05
4.02006248354668834e-05
4.04061035086084489e-05
4.05956273606255532e-05
4.07656284434136415e-05
4.09157299812359509e-05
4.10477042652175839e-05
4.11612448416948662e-05
4.12590842192834967e-05
4.13403763477658521e-05
4.1416274877164119e-05
4.14815617327863489e-05
3.89398395867859124e-05
3.89398395868710697e-05
3.89398395870737816e-05
3.89398395875195243e-05
3.89398395884129001e-05
3.89398395901625517e-05
3.89398395935073492e-05
3.89398395997602142e-05
3.8939839611213726e-05
3.89398396317989847e-05
3.89398396681301794e-05
3.89398397311177516e-05
3.89398398384051741e-05
3.89398400180296508e-05
3.89398403138452011e-05
3.89398407933355973e-05
3.89398415585502305e-05
3.89398427624190155e-05
3.89398446319448645e-05
3.89398474963375543e-05
3.89398517988218603e-05
3.89398581966798863e-05
3.8939867653865477e-05
3.89398814856506612e-05
3.89399014165031618e-05
3.89399307471651319e-05
3.8939976454506642e-05
3.89400550653158154e-05
3.89401499055522081e-05
3.89403271895760408e-05
3.89405306367284626e-05
3.89407741942934818e-05
3.8941036351947357e-05
3.89413321883656197e-05
3.89417134162529043e-05
3.89422042121988961e-05
3.89428638341772384e-05
3.89438392018900977e-05
3.89451416819894987e-05
3.89470308498014985e-05
3.8949784838302315e-05
3.89537363849354557e-05
3.89593354679843894e-05
3.89671793514243724e-05
3.89780633778130737e-05
3.8992315946597493e-05
3.9008013207768602e-05
3.90259506437376388e-05
3.90493178703171499e-05
3.90805843753611355e-05
3.91232540443333854e-05
3.91709357122240254e-05
3.92144723028534781e-05
3.92545939570484962e-05
3.93308559975442138e-05
3.94051242995432124e-05
3.94789222653978578e-05
3.95462105233801927e-05
3.96065138255762101e-05
3.96665923751824177e-05
3.97324346027452899e-05
3.98199264664771029e-05
3.9941954487728624e-05
4.01114320175872545e-05
4.03026502462190534e-05
4.04872071443725985e-05
4.06577714099242541e-05
4.08119995420383369e-05
4.09492600285234161e-05
4.10719302807026099e-05
4.11758886774892338e-05
4.12716508753227125e-05
4.13440446662548418e-05
4.14192230471273354e-05
4.14869576356076758e-05
3.89398395872175401e-05
3.89398395879776065e-05
3.89398395898371894e-05
3.89398395941642538e-05
3.89398396033611884e-05
3.89398396216393666e-05
3.8939839657160005e-05
3.89398397245861586e-05
3.89398398497616227e-05
3.89398400772934222e-05
3.89398404823854317e-05
3.89398411884586863e-05
3.89398423924727883e-05
3.8939844402919712e-05
3.89398476959711175e-05
3.89398529862225494e-05
3.89398612646311071e-05
3.89398739927906571e-05
3.89398934047973476e-05
3.89399228123336969e-05
3.89399664490412391e-05
3.89400323284539633e-05
3.89401332309446244e-05
3.89402868562504467e-05
3.89404154873243178e-05
3.8940578640373494e-05
3.89408254875649038e-05
3.89412002641046213e-05
3.8941804067385406e-05
3.89422235775028732e-05
3.89427741665240802e-05
3.8943350106205999e-05
3.89439177451058048e-05
3.89445102731933606e-05
3.89451938390085047e-05
3.89459810856095971e-05
3.89469710344797897e-05
3.89482724532457355e-05
3.89497088442511413e-05
3.89515699875745615e-05
3.89542262599198779e-05
3.89579526355964719e-05
3.89630864229626239e-05
3.89700772124987251e-05
3.89794833284292345e-05
3.89919726469361913e-05
3.90076808224747528e-05
3.90251253503254224e-05
3.90457890057370233e-05
3.90729868481015693e-05
3.91098585907676165e-05
3.91537116322429908e-05
3.92098348086132657e-05
3.92857166039871491e-05
3.93660746450545914e-05
3.94468499954944013e-05
3.952256613407444e-05
3.95910723722174795e-05
3.9658609908700996e-05
3.97388633907749559e-05
3.98447133989207887e-05
3.99857508073397458e-05
4.01503719044178794e-05
4.03241162046977491e-05
4.04946033305748467e-05
4.0654571478454437e-05
4.08013427364904517e-05
4.09341974255958212e-05
4.10527983119792181e-05
4.11577334512302915e-05
4.12474174233087412e-05
4.13290770411026202e-05
4.13921466697835634e-05
4.14578839930328808e-05
4.15193578169121609e-05
3.89398395915296086e-05
3.8939839599221054e-05
3.89398396184227895e-05
3.89398396643241419e-05
3.89398397675697942e-05
3.89398399782745185e-05
3.89398403932704506e-05
3.89398411920874026e-05
3.89398426944127527e-05
3.89398454573215916e-05
3.8939850422676413e-05
3.89398591122779822e-05
3.8939873813499654e-05
3.89398980510898468e-05
3.89399373842366396e-05
3.89400003286764678e-05
3.89400980083582073e-05
3.89402489175951844e-05
3.89404890533625412e-05
3.89409027022791202e-05
3.89412941761944909e-05
3.89417482200192321e-05
3.89423415595995065e-05
3.89431820031792137e-05
3.89443683729867962e-05
3.89460962832304962e-05
3.89489006862083896e-05
3.89508461297891295e-05
3.89527002519199218e-05
3.89552731460277981e-05
3.89576051478178557e-05
3.89598007336885811e-05
3.89619450776164616e-05
3.89643604703612511e-05
3.89668719530496122e-05
3.89697800105234419e-05
3.89734448605261438e-05
3.89766332737862011e-05
3.89803315880609736e-05
3.89846891422460134e-05
3.89903447345054253e-05
3.89981063279608081e-05
3.90087813122300998e-05
3.90235282370764988e-05
3.90400865261238367e-05
3.90596396657772558e-05
3.90843438348076246e-05
3.91124366868259761e-05
3.91456478793288654e-05
3.91889334211835928e-05
3.92472856709419246e-05
3.93187421805518778e-05
3.93981039067069262e-05
3.94849615230032569e-05
3.95709668557297578e-05
3.96522857432038845e-05
3.97364571257084889e-05
3.98295871993851116e-05
3.99361341057430223e-05
4.00613669853333319e-05
4.02060978621226017e-05
4.03614647448743952e-05
4.05201545400187739e-05
4.06742689267328763e-05
4.08184090705179865e-05
4.09510353250932209e-05
4.10704919783428692e-05
4.11760746773673784e-05
4.12679617334498866e-05
4.13478596997610961e-05
4.14161882444158823e-05
4.14733378486509659e-05
4.1516823363969046e-05
4.15570364550752074e-05
4.15940506669631942e-05
3.89398396341666044e-05
3.89398397126964656e-05
3.89398399124280542e-05
3.89398403989502741e-05
3.89398415268902803e-05
3.8939843955340313e-05
3.89398488029019961e-05
3.89398582668403436e-05
3.89398762777168117e-05
3.89399098183939511e-05
3.89399709096902523e-05
3.89400788287297747e-05
3.89402603020083923e-05
3.8940557271159736e-05
3.89410529625425331e-05
3.89419370331082633e-05
3.89429170634330262e-05
3.89440623714053006e-05
3.89457736648415968e-05
3.89483222434037007e-05
3.89517782506749777e-05
3.89568968535006354e-05
3.89653063385609537e-05
3.89717527593644075e-05
3.89779811121393694e-05
3.89864054731927506e-05
3.89984988738881241e-05
3.90113138936125215e-05
3.90250421913985342e-05
3.90318850242737827e-05
3.90391573900095642e-05
3.90484270328389092e-05
3.90602314486951995e-05
3.9072470769271325e-05
3.90839012959907198e-05
3.90959918256441542e-05
3.91093619270311657e-05
3.91258334037155074e-05
3.91439808587126187e-05
3.91635472457664273e-05
3.91868106493516285e-05
3.92177786440121761e-05
3.92598897296145735e-05
3.93166230482127005e-05
3.93687440647333902e-05
3.9423426714267401e-05
3.94887173993378504e-05
3.95606108618036054e-05
3.96412148315282133e-05
3.97382752430556945e-05
3.98380165198439784e-05
3.99293179182808768e-05
4.00260011671358453e-05
4.01342029330475623e-05
4.0246082332579001e-05
4.03501855872797477e-05
4.04494403217551775e-05
4.0548619524317845e-05
4.06551249762850949e-05
4.07702257353050594e-05
4.08889946807217936e-05
4.10034143372634739e-05
4.11088259781355788e-05
4.12042739425078455e-05
4.12901446567727454e-05
4.13642338574766159e-05
4.14262206160321425e-05
4.14786160568167306e-05
4.15231358911927708e-05
4.15598498796120863e-05
4.15884819821198468e-05
4.16104399071306571e-05
4.16272998986255726e-05
4.16396179053720095e-05
4.16452911714585518e-05
3.89398400743171585e-05
3.89398409090060168e-05
3.89398430651502714e-05
3.89398483824601708e-05
3.89398608918174293e-05
3.89398888620486698e-05
3.89399466658431085e-05
3.89400610918368606e-05
3.89402825895411532e-05
3.89407075553019835e-05
3.8941521217340032e-05
3.89430860073770047e-05
3.89451115939301422e-05
3.89477566284900846e-05
3.89517114994960526e-05
3.8957784831891113e-05
3.89674467934766954e-05
3.89842290826174706e-05
3.90029083216792753e-05
3.90227412590374818e-05
3.90434078189911816e-05
3.90658203926455609e-05
3.90952985975605001e-05
3.91344205257793142e-05
3.91875525153665845e-05
3.92577784705484069e-05
3.93264047713950542e-05
3.9357153535915416e-05
3.93815930284470764e-05
3.94048350140176854e-05
3.94307686868911918e-05
3.94606647863060802e-05
3.95041217714328351e-05
3.95570599249719137e-05
3.96058724190611445e-05
3.96550049023497992e-05
3.97213805332817326e-05
3.97944460882775625e-05
3.98647900617002084e-05
3.99453305216315599e-05
4.00400655932426391e-05
4.01533827780671299e-05
4.02866457112272176e-05
4.04224582171798031e-05
4.05184415413418537e-05
4.05788604105921223e-05
4.06432661684594216e-05
4.07227416000400383e-05
4.08016487166871708e-05
4.08690202986680719e-05
4.09293840530462356e-05
4.09913170972232632e-05
4.1061923870183188e-05
4.11485998578312129e-05
4.12328680072428995e-05
4.12879614511423737e-05
4.13179257485115107e-05
4.13499194906852315e-05
4.13933309625111895e-05
4.14455798123302083e-05
4.14916999859972591e-05
4.1529898195296319e-05
4.15606273277946664e-05
4.1585254913959613e-05
4.16050349763303365e-05
4.16207590717696649e-05
4.16331309842963321e-05
4.16426680837342139e-05
4.16497165469460461e-05
4.16540502475889381e-05
4.16560113764264959e-05
4.16578205815028576e-05
4.1659703847118801e-05
4.16615714691792016e-05
4.16633650506878297e-05
3.89398436370266867e-05
3.8939850928073129e-05
3.89398701666241617e-05
3.89399183876692318e-05
3.89400336403844606e-05
3.89402977338569405e-05
3.89408784860607206e-05
3.89420707483774739e-05
3.89441438709965966e-05
3.89479369377175537e-05
3.89552546346958587e-05
3.89687938954302884e-05
3.89926324649581679e-05
3.90167263421835499e-05
3.90448884372373808e-05
3.90832954514846193e-05
3.91398423888416374e-05
3.92194949363929612e-05
3.93297094281124085e-05
3.94622838211657097e-05
3.95992621089041389e-05
3.97325178233611878e-05
3.98603134289718172e-05
3.99832770482680549e-05
4.00929209410243835e-05
4.01657233825677265e-05
4.02581715468233839e-05
4.03634901209907351e-05
4.04841938066310159e-05
4.06092377266459284e-05
4.07313825471499702e-05
4.08415187334866775e-05
4.09228941905094915e-05
4.09872613212959681e-05
4.10399695226370978e-05
4.1085492199851247e-05
4.11296948950854487e-05
4.1169882956726063e-05
4.12027848754741664e-05
4.12365429276416971e-05
4.12789790923789632e-05
4.13281299586326357e-05
4.13753883216768799e-05
4.14091990335484886e-05
4.14339732423050532e-05
4.14549011539910484e-05
4.14742994376787706e-05
4.14948872107364026e-05
4.15150271846668759e-05
4.15335830844029691e-05
4.15521606130218901e-05
4.15727194040492928e-05
4.15920753966334667e-05
4.16057423512855446e-05
4.16153093905996272e-05
4.16221474744523775e-05
4.16277918924419128e-05
4.16335742060226273e-05
4.16407970559532224e-05
4.16480659102039152e-05
4.16534597655478404e-05
4.16569644785562808e-05
4.16595454670025281e-05
4.16614845912712645e-05
4.16629387325631541e-05
4.16640111548208952e-05
4.16647877311604654e-05
4.16653334797976313e-05
4.16657080137914092e-05
4.16659667415341238e-05
4.16661660626519486e-05
4.16663397474976698e-05
4.16664620175208369e-05
4.1666567788540655e-05
4.16666791620406567e-05
)
;

boundaryField
{
    reactingWall
    {
        type            calculated;
        value           nonuniform List<scalar> 
75
(
3.89398436370266867e-05
3.8939850928073129e-05
3.89398701666241617e-05
3.89399183876692318e-05
3.89400336403844606e-05
3.89402977338569405e-05
3.89408784860607206e-05
3.89420707483774739e-05
3.89441438709965966e-05
3.89479369377175537e-05
3.89552546346958587e-05
3.89687938954302884e-05
3.89926324649581679e-05
3.90167263421835499e-05
3.90448884372373808e-05
3.90832954514846193e-05
3.91398423888416374e-05
3.92194949363929612e-05
3.93297094281124085e-05
3.94622838211657097e-05
3.95992621089041389e-05
3.97325178233611878e-05
3.98603134289718172e-05
3.99832770482680549e-05
4.00929209410243835e-05
4.01657233825677265e-05
4.02581715468233839e-05
4.03634901209907351e-05
4.04841938066310159e-05
4.06092377266459284e-05
4.07313825471499702e-05
4.08415187334866775e-05
4.09228941905094915e-05
4.09872613212959681e-05
4.10399695226370978e-05
4.1085492199851247e-05
4.11296948950854487e-05
4.1169882956726063e-05
4.12027848754741664e-05
4.12365429276416971e-05
4.12789790923789632e-05
4.13281299586326357e-05
4.13753883216768799e-05
4.14091990335484886e-05
4.14339732423050532e-05
4.14549011539910484e-05
4.14742994376787706e-05
4.14948872107364026e-05
4.15150271846668759e-05
4.15335830844029691e-05
4.15521606130218901e-05
4.15727194040492928e-05
4.15920753966334667e-05
4.16057423512855446e-05
4.16153093905996272e-05
4.16221474744523775e-05
4.16277918924419128e-05
4.16335742060226273e-05
4.16407970559532224e-05
4.16480659102039152e-05
4.16534597655478404e-05
4.16569644785562808e-05
4.16595454670025281e-05
4.16614845912712645e-05
4.16629387325631541e-05
4.16640111548208952e-05
4.16647877311604654e-05
4.16653334797976313e-05
4.16657080137914092e-05
4.16659667415341238e-05
4.16661660626519486e-05
4.16663397474976698e-05
4.16664620175208369e-05
4.1666567788540655e-05
4.16666791620406567e-05
)
;
    }
    inertWall
    {
        type            calculated;
        value           nonuniform List<scalar> 
105
(
3.89398395867285107e-05
3.89398395867285039e-05
3.89398395867285107e-05
3.89398395867285039e-05
3.89398395867285107e-05
3.89398395867285039e-05
3.89398395867285649e-05
3.89398395867293238e-05
3.89398395867379907e-05
3.89398395868251876e-05
3.89398395875953913e-05
3.89398395935574326e-05
3.8939839633904092e-05
3.89398398698723058e-05
3.89398409953255927e-05
3.89398395867285039e-05
3.89398395867285107e-05
3.89398395867285107e-05
3.89398395867285039e-05
3.89398395867285107e-05
3.89398395867285107e-05
3.89398395867285784e-05
3.89398395867293577e-05
3.89398395867383295e-05
3.89398395868287384e-05
3.8939839587628473e-05
3.89398395938284967e-05
3.89398396358625677e-05
3.89398398825086279e-05
3.89398410670772997e-05
3.8939843885173669e-05
3.89398518932353239e-05
3.89398740346450284e-05
3.893993282545787e-05
3.89400813877113794e-05
3.89404361658863163e-05
3.89412326758786984e-05
3.89429075756884789e-05
3.89461980443927099e-05
3.89522267788660131e-05
3.89624916197535708e-05
3.89784020573667004e-05
3.90016633044703993e-05
3.90341322083134423e-05
3.9077217029835481e-05
3.91315579710859425e-05
3.91969472098042869e-05
3.92725905938744979e-05
3.93575992167674352e-05
3.94514142002494288e-05
3.95538758662695661e-05
3.96648876459095731e-05
3.97839050760558175e-05
3.9909548071628385e-05
4.00391126556924468e-05
4.01687514847627155e-05
4.02937482049226621e-05
4.04106723915327527e-05
4.05171766150707452e-05
4.06142819660768921e-05
4.07097479583556917e-05
4.08025215881202628e-05
4.08832268454693308e-05
4.09480552937578824e-05
4.10055375499475931e-05
4.10550567717206583e-05
4.10966265833820568e-05
4.11316716764825773e-05
4.11619788092480846e-05
4.11994696899738275e-05
4.124598423837473e-05
4.12965125056844086e-05
4.13411195432706371e-05
4.137453856241158e-05
4.14028537717469659e-05
4.14282954709132566e-05
4.14521648319377537e-05
4.14769354677717208e-05
4.15002162742707489e-05
4.15197964984467404e-05
4.1536409939085712e-05
4.15515570173826741e-05
4.15667517476248514e-05
4.15810798937883222e-05
4.15977647986676962e-05
4.16088636730933148e-05
4.16203071187627786e-05
4.1627442575405814e-05
4.16340621857819092e-05
4.16401798699817031e-05
4.16458058046236006e-05
4.16503543325154053e-05
4.16541957107149864e-05
4.16573456042653101e-05
4.16598293262837217e-05
4.16617112739920019e-05
4.16631010649586386e-05
4.16641146867991941e-05
4.1664818953418392e-05
4.16653011750522657e-05
4.16656929266267915e-05
4.16660466474130954e-05
4.16663471768244972e-05
4.16665122567200919e-05
4.1666602813964514e-05
)
;
    }
    inlet
    {
        type            calculated;
        value           uniform 3.89398395867285039e-05;
    }
    outlet
    {
        type            calculated;
        value           nonuniform List<scalar> 
20
(
4.1666602813964514e-05
4.16624640911807093e-05
4.16279762998688905e-05
4.15510539216828426e-05
4.14841582859128442e-05
4.14653780384983091e-05
4.14753827482746418e-05
4.14831930610876947e-05
4.14714018008103662e-05
4.14563700434349987e-05
4.1456880917724743e-05
4.14695234101326309e-05
4.14835726365663955e-05
4.14815617327863489e-05
4.14869576356076758e-05
4.15193578169121609e-05
4.15940506669631942e-05
4.16452911714585518e-05
4.16633650506878297e-05
4.16666791620405076e-05
)
;
    }
    defaultFaces
    {
        type            empty;
    }
}


// ************************************************************************* //
