/*--------------------------------*- C++ -*----------------------------------*\
  =========                 |
  \\      /  F ield         | OpenFOAM: The Open Source CFD Toolbox
   \\    /   O peration     | Website:  https://openfoam.org
    \\  /    A nd           | Version:  8
     \\/     M anipulation  |
\*---------------------------------------------------------------------------*/
FoamFile
{
    version     2.0;
    format      ascii;
    class       volScalarField;
    location    "0.2";
    object      H2;
}
// * * * * * * * * * * * * * * * * * * * * * * * * * * * * * * * * * * * * * //

dimensions      [0 0 0 0 0 0 0];

internalField   nonuniform List<scalar> 
1800
(
1.75166212308795556e-46
1.7493276956051808e-45
1.20532528263731322e-44
7.13240414434636254e-44
3.87887568534792728e-43
1.99286509130926733e-42
9.77533673827640286e-42
4.59609675920147096e-41
2.074370469223145e-40
8.98295320812000758e-40
3.72228748302182318e-39
1.46762303424182988e-38
5.44917755789677291e-38
1.86902267969911205e-37
5.70604861614571271e-37
5.305629240186964e-46
4.91151759447370063e-45
3.10534306650492316e-44
1.67346962685121575e-43
8.21318193002582912e-43
3.78606335995156499e-42
1.66272455775543227e-41
7.00046225839486349e-41
2.83474118232490366e-40
1.10595971701872982e-39
4.15781628483137132e-39
1.50295023212467277e-38
5.1906516032212206e-38
1.68640392610322775e-37
4.95605982964251063e-37
2.20214258106815753e-45
2.01816388848009051e-44
1.25644737313530828e-43
6.64856004170945777e-43
3.18877286459298957e-42
1.42909769829373986e-41
6.07656148366534132e-41
2.46836707105298963e-40
9.61427303789219386e-40
3.6005204259416745e-39
1.29897199308784248e-38
4.51666116734695451e-38
1.50912355046999078e-37
4.78655425630885237e-37
1.38635042068494278e-36
9.07208764961543192e-45
8.36405462307059051e-44
5.2284766271035989e-43
2.77818456494339445e-42
1.33695816457488899e-41
5.99970266495743313e-41
2.54981385819808705e-40
1.03415505027165702e-39
4.02008805996773703e-39
1.50330401427639796e-38
5.42765070878219464e-38
1.89771471339758599e-37
6.42338711827659057e-37
2.08151698827903894e-36
6.19601410285944028e-36
3.53483657919955332e-44
3.28034592843369589e-43
2.06314574677304019e-42
1.10422948267225669e-41
5.35731837563366165e-41
2.42303824663144048e-40
1.03729214976997227e-39
4.23860890339738005e-39
1.66243511783657077e-38
6.29474283384057425e-38
2.31803407858255465e-37
8.36880642254555051e-37
2.97336321928957155e-36
1.02671363604895114e-35
3.27440473188829974e-35
1.30490982005458212e-43
1.21949006632582539e-42
7.73090421896367752e-42
4.17398213548852985e-41
2.04445349884922862e-40
9.33757912426071679e-40
4.03777589308286655e-39
1.66938000541766696e-38
6.65553490803972929e-38
2.58730529303689007e-37
9.96157408665662115e-37
3.86296216022853803e-36
1.51723103209801957e-35
5.88554195553689007e-35
2.09461647606544961e-34
4.5720079670153725e-43
4.30105092728457273e-42
2.74764904763929549e-41
1.49653130928767411e-40
7.40417153575108797e-40
3.42037015905927569e-39
1.49927611232871994e-38
6.31669560972051459e-38
2.59729625791010823e-37
1.06623279108226922e-36
4.50125675359440385e-36
1.99646780874000513e-35
9.19400088116629738e-35
4.14752386613663591e-34
1.66088604088598702e-33
1.52281365032170205e-42
1.44207812753511412e-41
9.29458596212110938e-41
5.11605731258234557e-40
2.56285998192270863e-39
1.20206234926237319e-38
5.38017544848565708e-38
2.34465705270601674e-37
1.02478252641990039e-36
4.68501481863627158e-36
2.3246198410725337e-35
1.24666849225845304e-34
6.84238395879798298e-34
3.52924160186637455e-33
1.54707534123126614e-32
4.83616330192312435e-42
4.61352196069686721e-41
3.00303626553092488e-40
1.67335867461669276e-39
8.51450247565970546e-39
4.08165148804432713e-38
1.89267144254407783e-37
8.79811098864943195e-37
4.32278104546156821e-36
2.367519582526767e-35
1.45169711021156181e-34
9.38250060725258919e-34
5.91476399469113584e-33
3.35293349932335308e-32
1.56450000154303968e-31
1.46619059503594671e-41
1.41069252547192397e-40
9.29653193724234856e-40
5.26718758275829498e-39
2.74296860104229605e-38
1.36366656688562865e-37
6.74996087795269475e-37
3.53646286423340207e-36
2.09976726016633931e-35
1.44048789021287112e-34
1.07343289075680739e-33
7.94238060572320733e-33
5.50441360029771234e-32
3.33876109758590732e-31
1.63602123792893311e-30
4.25837126860013234e-41
4.14750042722375596e-40
2.77828285420381278e-39
1.61236192146406206e-38
8.70679374758177939e-38
4.61021352658467782e-37
2.56184868251568856e-36
1.62098465134078597e-35
1.21225614306490401e-34
1.01788712830193305e-33
8.72423942261809845e-33
7.04310027302119537e-32
5.24085651585820312e-31
3.36789271380774589e-30
1.7287472393734801e-29
1.17362352262427157e-40
1.15908924208952301e-39
7.92654840135417037e-39
4.75126450645774604e-38
2.71539730381778294e-37
1.59527077471161253e-36
1.05473613145978088e-35
8.37775832277865378e-35
7.69170497176804899e-34
7.46489186627057982e-33
7.02912768977007635e-32
6.00729420041524057e-31
4.7666210099315661e-30
3.24533811186501459e-29
1.75173491745642602e-28
3.11067489878457861e-40
3.11779345202035132e-39
2.19333629932864074e-38
1.38004724386568307e-37
8.63070455606912785e-37
5.92277471924187964e-36
4.85238927689190016e-35
4.72449277015859857e-34
5.03440215420448457e-33
5.39339244202734937e-32
5.47862643911361517e-31
5.06594456547904747e-30
4.29667386641374413e-29
3.11316851353510455e-28
1.77946404888562375e-27
7.96839806806883131e-40
8.15423196347165839e-39
5.96744082487706573e-38
4.039891273443712e-37
2.86429894348473477e-36
2.38374830343547653e-35
2.39542084225491797e-34
2.716098388645405e-33
3.2140702051934145e-32
3.71257516673787709e-31
3.99338710886793847e-30
4.07784397677549087e-29
3.71028087785793951e-28
2.88309511444767582e-27
1.76401613979757202e-26
1.9753819815298071e-39
2.07898004466324799e-38
1.61265604190111231e-37
1.216174902938808e-36
1.02751965770649118e-35
1.02474377711147189e-34
1.20579542712478246e-33
1.50343263569415007e-32
1.92724685104638628e-31
2.41338108153544716e-30
2.86128191574462729e-29
3.12192490321604025e-28
3.06019603719368146e-27
2.5763208088910185e-26
1.71127134615440392e-25
4.73239685980837392e-39
5.17975651654600192e-38
4.3548087748113436e-37
3.7687512947365905e-36
3.76713446857020801e-35
4.40963623220114618e-34
5.84544916991555707e-33
8.15051981924978412e-32
1.12986890833348121e-30
1.50852335435720195e-29
1.90754718065788921e-28
2.2430569073662324e-27
2.38985630958120626e-26
2.20768535907501296e-25
1.62158103342173656e-24
1.07806770316549175e-38
1.24125265975404757e-37
1.15933737175753041e-36
1.17808171825960663e-35
1.41537145402510402e-34
1.92873180674108339e-33
2.73749090089347842e-32
4.11431167242393745e-31
6.08081634459471777e-30
8.67392314446561799e-29
1.17819869970219013e-27
1.50116285225654976e-26
1.75343375220694572e-25
1.80244908531393362e-24
1.49844866764894008e-23
2.2927854535367889e-38
2.82600252288631124e-37
2.95647177330160721e-36
3.51033141653498281e-35
4.87656675122241316e-34
7.43265922713351526e-33
1.17147829733178608e-31
1.8847415546944679e-30
2.97303428260361375e-29
4.53745326328753574e-28
6.63723222931307549e-27
9.20186755324649811e-26
1.18755944667589924e-24
1.3789766986561323e-23
1.33637274324676883e-22
4.45059245930265975e-38
5.93364473823976071e-37
7.11400398429049205e-36
9.69010247198085327e-35
1.51640593640287253e-33
2.57879308329453882e-32
4.50561779885686765e-31
7.75312889546401456e-30
1.30379594779491282e-28
2.12572677999570408e-27
3.34179868316250785e-26
5.03453624938806625e-25
7.19407545270864758e-24
9.54691618371843482e-23
1.11734232815012448e-21
6.95558099936753246e-38
1.04185723998611996e-36
1.43071805439643009e-35
2.20454647628771165e-34
3.81385694252204427e-33
7.00462204846786506e-32
1.30154244578753854e-30
2.38307326163852033e-29
4.25047025266458282e-28
7.35010229932586855e-27
1.23018276524807062e-25
1.99233851583488447e-24
3.12403130783557679e-23
4.74796714858724272e-22
7.00616278140810119e-21
1.34612894421086524e-36
3.1218022732218245e-36
7.2000270352269801e-36
1.64547359221343629e-35
3.71534839070119737e-35
8.26761177634018343e-35
1.80887511629191162e-34
3.8811145859830401e-34
8.13991620497255589e-34
1.66163347303727559e-33
3.28239954670440264e-33
6.2258112204107965e-33
1.14680217484589599e-32
2.0727328101951696e-32
3.68823491897994959e-32
6.46673403307925411e-32
1.1172710047256243e-31
1.90204102946370387e-31
3.19116921519446005e-31
5.27934356839368968e-31
8.62017595937846092e-31
1.39112198431577806e-30
2.22314438829351826e-30
3.52670357316362699e-30
5.56490632604550282e-30
8.74141304289860928e-30
1.36316690276173118e-29
2.10469110902011822e-29
3.20477416055381116e-29
4.82473283097852491e-29
7.26591165573188839e-29
1.08508854436841617e-28
1.60271753753724163e-28
2.31770055061408735e-28
3.35692641680412321e-28
4.82447764037425062e-28
6.7769020533567364e-28
9.36183790883126488e-28
1.28657889923105373e-27
1.79956588989533894e-27
2.53359778772854111e-27
3.54066203712244481e-27
4.8681145634366295e-27
6.61319139843040538e-27
8.99330278654772088e-27
1.22450277936449206e-26
1.66430764555875469e-26
2.25505647736874679e-26
3.019887745363154e-26
3.94344078830110688e-26
5.05223703139921858e-26
6.41513645421586491e-26
8.0855317036952295e-26
9.78115340896140524e-26
1.22263695886932142e-25
1.46593664128608443e-25
1.83405137111092703e-25
2.15610992161825037e-25
2.52928673471359738e-25
2.95944458987768647e-25
3.49349814722497963e-25
4.10708854099628506e-25
4.85142542729610556e-25
5.75955751826110205e-25
6.85835966003404539e-25
8.15858166724366848e-25
9.66787685850889704e-25
1.14078009241439317e-24
1.34631268760944987e-24
1.59134482623189352e-24
1.87905326921846303e-24
2.2199981917048275e-24
2.63269437169687627e-24
3.1156320184928335e-24
3.519775160151584e-24
1.0993226219306358e-36
2.41479975018425495e-36
5.29141709230731358e-36
1.15418553892259665e-35
2.49954688158414556e-35
5.35810845945766487e-35
1.13309720937695472e-34
2.35506121180552576e-34
4.78882074904719487e-34
9.46356363665278719e-34
1.79701377708821848e-33
3.29600858767473905e-33
5.90597638309844957e-33
1.03943943947691306e-32
1.80211468142429141e-32
3.08278025632982074e-32
5.20782529822601424e-32
8.69231439880302111e-32
1.43396219491260213e-31
2.33914426270961207e-31
3.77561610028864624e-31
6.03595502130141589e-31
9.56836695071780281e-31
1.50599744561286369e-30
2.35680479181310588e-30
3.67573072517543057e-30
5.71678845952527047e-30
8.82589222221416784e-30
1.34855199254046059e-29
2.06982557008974851e-29
3.17693131837760277e-29
4.86081557428977451e-29
7.39973864580049907e-29
1.11960693033201664e-28
1.68436835258550785e-28
2.52656462725763512e-28
3.79901682165705375e-28
5.40376613190779243e-28
7.76433231151653938e-28
1.12833676819528057e-27
1.65527587834329519e-27
2.45904903186794196e-27
3.34536882806468044e-27
4.52758203920836602e-27
6.08044891679594164e-27
8.01486674983585014e-27
1.07760136929472198e-26
1.4818948088008939e-26
2.02325205224257197e-26
2.71369166050111748e-26
3.56540205827096085e-26
4.5722108814566018e-26
5.99786007979437473e-26
8.02111793593866667e-26
1.0823176877572336e-25
1.46430593885408674e-25
1.9816174722325497e-25
2.63391937141939184e-25
3.42322534874778666e-25
4.25907801710889361e-25
4.79081624540776394e-25
5.3615792149113952e-25
6.04706103634392368e-25
7.01825301705612656e-25
8.42409243087946412e-25
1.03867233097677955e-24
1.27725161776158545e-24
1.55501795416213848e-24
1.87279329496597208e-24
2.2362461045016158e-24
2.63857245040915599e-24
3.12136156780715372e-24
3.77085724628114662e-24
4.68107878581315758e-24
6.08594945846386823e-24
3.01846089712967436e-36
6.52847223667144859e-36
1.41416711583875517e-35
3.06197152240564233e-35
6.59635664810745656e-35
1.40470393488647568e-34
2.93573628137326587e-34
5.97765458628998214e-34
1.17634151577177889e-33
2.21048362890443996e-33
3.98844226586161314e-33
7.01451472830539608e-33
1.20889156240484557e-32
2.04679917380936069e-32
3.40967663378715631e-32
5.5946219821830202e-32
9.04942792487668291e-32
1.44402640687522892e-31
2.27439173944401844e-31
3.53760608467638279e-31
5.43928876465983916e-31
8.28292236402883713e-31
1.25229810878011602e-30
1.88394416037951001e-30
2.8236616037182656e-30
4.22115449958979108e-30
6.30583072868212106e-30
9.4239961471260987e-30
1.41403558324362609e-29
2.14693287919318178e-29
3.28051986503579015e-29
5.02575145451404682e-29
7.70085756898595756e-29
1.17890056174120357e-28
1.80224524030551286e-28
2.75069891496898558e-28
4.19008547501256122e-28
6.36496843617798105e-28
9.64961309972385309e-28
1.46091230385544223e-27
2.2099354353743761e-27
3.27023647174951884e-27
4.71795963681288124e-27
6.5392077843589758e-27
8.77365361394252079e-27
1.14372865994364918e-26
1.49979801754515255e-26
1.99366358083384887e-26
2.66057139379369674e-26
3.54746616527947466e-26
4.67543602916216837e-26
6.12357655078201775e-26
8.22321033032071325e-26
1.12801971239808156e-25
1.56853529100067632e-25
2.19723998496905746e-25
3.08655460757840157e-25
4.3317757878521993e-25
6.06099593780724326e-25
8.47047799013052704e-25
1.1081500261377448e-24
1.26483317658715906e-24
1.3753613157172112e-24
1.51416310395732263e-24
1.70987933638857582e-24
2.00383477504194188e-24
2.44157633031046802e-24
3.07850848674659981e-24
3.96762839827146053e-24
4.9242459719998148e-24
5.86439352455714731e-24
6.91396785969148799e-24
8.32238800303957796e-24
1.0344389630933556e-23
1.36023092830040455e-23
1.38403122826266902e-35
3.10168830760170304e-35
7.01976486318046347e-35
1.59293026697241268e-34
3.58289738167585913e-34
7.88794355777910015e-34
1.68069716315269334e-33
3.43278928905843915e-33
6.65777786539403642e-33
1.2215067621065733e-32
2.17272555582488422e-32
3.77610613589589039e-32
6.43296463109274535e-32
1.07602281270380428e-31
1.76873727094433945e-31
2.85918663274414596e-31
4.54787424458624084e-31
7.12254823780784432e-31
1.09871329882530876e-30
1.66911050154532809e-30
2.49767834750810078e-30
3.68827862997713032e-30
5.39257208908176707e-30
7.83447398719365221e-30
1.13363712284963111e-29
1.63480455655962369e-29
2.35014666809256563e-29
3.37263291370572927e-29
4.851355792405993e-29
7.06407410720386878e-29
1.03787606479473256e-28
1.53357215250028104e-28
2.27565771919535491e-28
3.38948936943293748e-28
5.06635626792585329e-28
7.59796322298325848e-28
1.14286751685789635e-27
1.7230487407157411e-27
2.60072586595026853e-27
3.92798463149921832e-27
5.94448132981993567e-27
8.74354689574310573e-27
1.28257506360969314e-26
1.79614175478393364e-26
2.40404500650693162e-26
3.14592342707367866e-26
4.06457948336635778e-26
5.23716696940183136e-26
6.7656941302974198e-26
8.79323787425607318e-26
1.15006105220770699e-25
1.5158397760967785e-25
2.01691678759102343e-25
2.74677528224820949e-25
3.8112770548628992e-25
5.34207359551747115e-25
7.51956179722097435e-25
1.05837979202090773e-24
1.48447376621878732e-24
2.07049884485086821e-24
2.869412733430504e-24
3.4829997969586823e-24
3.77695900334090903e-24
4.11367878341336304e-24
4.55677784607023469e-24
5.22230414158864391e-24
6.2578435819985854e-24
7.82520036745634946e-24
1.00716793681933788e-23
1.31037667763181421e-23
1.59170271526267819e-23
1.87979998013292142e-23
2.26388713838974588e-23
2.81239484215235066e-23
3.69719301310453903e-23
7.76805750303479042e-35
1.86986846873778194e-34
4.56056947528322149e-34
1.10668810261121499e-33
2.62032041268201216e-33
5.95733007643332328e-33
1.28555241624585916e-32
2.60937929543030295e-32
4.94499172159560421e-32
8.96833326281915478e-32
1.58085260491167862e-31
2.72336464501621003e-31
4.59627412099402426e-31
7.61012641723031846e-31
1.23682327455707939e-30
1.9743686813802929e-30
3.09678615402220052e-30
4.77678682661628514e-30
7.25164442085233231e-30
1.08278829723179395e-29
1.58894689286232487e-29
2.29435883074695847e-29
3.27124622865383916e-29
4.62455269303719156e-29
6.5028450371099451e-29
9.10435226554430004e-29
1.26885021762132837e-28
1.76142917198739028e-28
2.44353476117147347e-28
3.41465790750888133e-28
4.81112662364752717e-28
6.80943614097893589e-28
9.67695398618374835e-28
1.38271571340818972e-27
1.98996767980113187e-27
2.88778297003964161e-27
4.22572880747952997e-27
6.22805236798445552e-27
9.22457978181164565e-27
1.36949947975041898e-26
2.03346015889849963e-26
3.01382394726158607e-26
4.40001705255792769e-26
6.11276065854126569e-26
8.07260314488612947e-26
1.03779297007387679e-25
1.3200388697251307e-25
1.67507157552711854e-25
2.13368208512693398e-25
2.73725365106574742e-25
3.54457270276347618e-25
4.63998448387752925e-25
6.15807625776067276e-25
8.3855559442952195e-25
1.16212214532095297e-24
1.62683587323511486e-24
2.28684564001788265e-24
3.21604571163362952e-24
4.40264458883824296e-24
5.94744351409377399e-24
8.12963830532744353e-24
9.78502012870198245e-24
1.05986432704886837e-23
1.15383325484445505e-23
1.27897702611443246e-23
1.46752513944455662e-23
1.76666087506304763e-23
2.21465443084939862e-23
2.85547892174021862e-23
3.74619818564476538e-23
4.59741594671913038e-23
5.44358734433478412e-23
6.56490867517015881e-23
8.16125024280915321e-23
1.07322520999978313e-22
5.40547417167809616e-34
1.41799801681702945e-33
3.72804156168918555e-33
9.55537698018572241e-33
2.33672442854019346e-32
5.37684374743124801e-32
1.15390927064295029e-31
2.29019988861992595e-31
4.25322565164084853e-31
7.6135202230197477e-31
1.32641541353097293e-30
2.25779728498549199e-30
3.76177968835396474e-30
6.14371484256371654e-30
9.83750060388676337e-30
1.54570696206191469e-29
2.38297949203455211e-29
3.60942899139814502e-29
5.38128945049149713e-29
7.89066900602800221e-29
1.1358927499728751e-28
1.60623519194054622e-28
2.23879719764743184e-28
3.08757742567693365e-28
4.22665399769228194e-28
5.75221332203472327e-28
7.78064578315670191e-28
1.04667775812144986e-27
1.40363279334695961e-27
1.88696892691878317e-27
2.54343001049541292e-27
3.430885459332903e-27
4.63483473187122226e-27
6.30258022488806668e-27
8.66370654153856464e-27
1.20751815121916418e-26
1.70814585673475928e-26
2.45061659392906871e-26
3.55672263930269406e-26
5.18403510972393122e-26
7.53132058761683581e-26
1.09760608765890989e-25
1.59470193463737212e-25
2.16897065699493528e-25
2.7939507912851897e-25
3.51443347878941937e-25
4.39456690083176467e-25
5.50698227648173798e-25
6.94706420092798607e-25
8.84610354432821386e-25
1.13959014128215318e-24
1.48837979384319532e-24
1.97986064892338427e-24
2.70345631297915529e-24
3.75339458310011665e-24
5.25891779220454471e-24
7.40137122246177623e-24
1.02279171651792285e-23
1.36916863448804644e-23
1.80510066967669539e-23
2.38704594601133776e-23
2.7204824545535788e-23
2.93980528895409771e-23
3.20922783621506043e-23
3.5865306990959888e-23
4.17067353281743587e-23
5.0834757719939535e-23
6.43316768157496013e-23
8.34549544777852475e-23
1.09262486810445362e-22
1.33542837300366721e-22
1.57956311678378694e-22
1.90392413024796964e-22
2.36592991923736693e-22
3.11041987845927972e-22
4.63449869785171295e-33
1.30187255977942512e-32
3.59481647730483708e-32
9.46449566228446309e-32
2.33212115619297523e-31
5.32464601933414602e-31
1.11953662150736153e-30
2.1567319786660988e-30
3.93874281417003727e-30
6.95256361797876007e-30
1.19460798408814725e-29
2.00385833316788801e-29
3.28588120912322126e-29
5.27595086456599262e-29
8.29282306903188407e-29
1.27815798869180819e-28
1.9300199176028291e-28
2.8598073736966339e-28
4.17254979967868106e-28
5.99229300907465445e-28
8.45176224112404566e-28
1.17093888514636966e-27
1.59878252611394197e-27
2.15618418640998881e-27
2.87769216851242327e-27
3.81026676698086223e-27
5.01241517691708665e-27
6.57427322166580967e-27
8.56775144726094659e-27
1.10727933888384219e-26
1.42291804509970788e-26
1.82010724500878262e-26
2.31639197308156185e-26
2.97137106511242087e-26
3.88834391327010153e-26
5.18242104861671101e-26
7.04755957770006779e-26
9.81504974131748504e-26
1.39796816963475764e-25
1.98640853696455708e-25
2.74650068783598366e-25
3.89548801616825004e-25
5.78448751413048765e-25
7.51303908949096267e-25
9.48225967297892127e-25
1.17184327071352236e-24
1.44681112032078453e-24
1.79450020845359089e-24
2.24398110509596753e-24
2.83729929382841667e-24
3.63848983645007999e-24
4.74752626768927971e-24
6.34287186685681379e-24
8.69946056555589676e-24
1.21196972340569248e-23
1.70228189349153881e-23
2.35907980994232879e-23
3.16521117396192104e-23
4.14538580416783621e-23
5.48723562411699716e-23
6.80527848551875794e-23
7.38312126188103456e-23
8.00538038674042159e-23
8.7771891135246513e-23
9.90825501678445732e-23
1.17050223291100648e-22
1.44393858797585549e-22
1.84201691432294865e-22
2.40482004622503207e-22
3.1210852563937724e-22
3.79508517436328937e-22
4.47592770508552188e-22
5.38049984818832116e-22
6.66843313613682842e-22
8.74288384621738214e-22
4.5600840495447982e-32
1.33632903381941763e-31
3.77827913428625351e-31
1.00002948929046809e-30
2.44169980554638788e-30
5.46081355918658841e-30
1.11323388508039132e-29
2.09089074566711537e-29
3.75792473147663167e-29
6.5397036669089746e-29
1.10735307254905742e-28
1.82860284830692033e-28
2.94907687289127833e-28
4.63910080707283483e-28
7.13311845743600708e-28
1.07395163516004226e-27
1.5848927688536439e-27
2.2912716744297602e-27
3.243700346350985e-27
4.53601217315999249e-27
6.25946085233222157e-27
8.50512029092469874e-27
1.1415968188419131e-26
1.50672690616992989e-26
1.95857382623502435e-26
2.5138644839122247e-26
3.19117683751825799e-26
4.01118041969231542e-26
4.99821132717175862e-26
6.18301828013981337e-26
7.60840867047570914e-26
9.33740594799117864e-26
1.14686667543225578e-25
1.41664959530064977e-25
1.77026824387973297e-25
2.24838769160756568e-25
2.90925840492696973e-25
3.83373472576147929e-25
5.12753522587950521e-25
7.25044732133457566e-25
9.28167002565734612e-25
1.17854371599858046e-24
1.61973358960965498e-24
2.36221605179235876e-24
3.2400808209682935e-24
4.0142639324666208e-24
4.87864557184017256e-24
5.91425983934927187e-24
7.24924444497472273e-24
9.0274752833417844e-24
1.14581714537631718e-23
1.48764511931101828e-23
1.99173994516119996e-23
2.74210173908690654e-23
3.83772093240337462e-23
5.34348273877175409e-23
7.20878057060421608e-23
9.44253885576194205e-23
1.22180109646494011e-22
1.59965724681640551e-22
1.8439703119790249e-22
1.9796207202602545e-22
2.14186950772553282e-22
2.3612017073439546e-22
2.69273402557690052e-22
3.21663579348377487e-22
3.99877937273208271e-22
5.12329795261860691e-22
6.70609964029222537e-22
8.6050741243987761e-22
1.04031809468171867e-21
1.22129190645969719e-21
1.4614120910339909e-21
1.80295192432461815e-21
2.35243789960551211e-21
4.78942640634034713e-31
1.4406886185839962e-30
4.11028677343033352e-30
1.08033920147797812e-29
2.58822303249504696e-29
5.62049931213282871e-29
1.1043052468046077e-28
2.03472258744116158e-28
3.60323413507696769e-28
6.18212910225222507e-28
1.03106360564357163e-27
1.67373576251200774e-27
2.64057028241040595e-27
4.05527972857998154e-27
6.07755912596009073e-27
8.904373201592557e-27
1.27741528450852965e-26
1.79515351132941205e-26
2.46817058365716636e-26
3.34409563192974538e-26
4.49156780068500933e-26
5.96593790018608892e-26
7.78512732204183539e-26
9.96739566262400715e-26
1.25482070748606454e-25
1.55677282451680574e-25
1.90653618791022358e-25
2.3086379375556353e-25
2.76833867828244926e-25
3.29273116197358892e-25
3.89313588877553957e-25
4.58740789722115734e-25
5.40175368738540439e-25
6.37521640397352349e-25
7.570146204834388e-25
9.08705628257800971e-25
1.1067553825048062e-24
1.36506026436882898e-24
1.78846025861742651e-24
2.15702032308151076e-24
2.61379197912001207e-24
3.36270801154040363e-24
4.63373226519707306e-24
6.69355731769049299e-24
9.90415817561555126e-24
1.38539511497799875e-23
1.66610260023975921e-23
1.98814821190183373e-23
2.37297517274638701e-23
2.88302541131706663e-23
3.5895655749677572e-23
4.59882169581393828e-23
6.11674118746353894e-23
8.39649220460494674e-23
1.17382227125328428e-22
1.60600686484386895e-22
2.11938716630978062e-22
2.73046391443087744e-22
3.55308389365918414e-22
4.42965314174139286e-22
4.85223776711667159e-22
5.20852513361438866e-22
5.64737885022465348e-22
6.25386494213176039e-22
7.18566386679265537e-22
8.6351001351982004e-22
1.07704038765353994e-21
1.38042152284048775e-21
1.8042273590788007e-21
2.28729214388007724e-21
2.75422597469887009e-21
3.21570905043137985e-21
3.82345979576747458e-21
4.68539052582749102e-21
6.0678190508300335e-21
5.16696530789874963e-30
1.58365904931526983e-29
4.52279153632666209e-29
1.17124329621285516e-28
2.73381839960279307e-28
5.71339770611470842e-28
1.08716825264041041e-27
1.96623038399377781e-27
3.42935791372256938e-27
5.79519400775550316e-27
9.47648988984841596e-27
1.49871645025579016e-26
2.29862345161574163e-26
3.42922055248006194e-26
4.98964324038590348e-26
7.09476552898159796e-26
9.87567300967200987e-26
1.3470543750153341e-25
1.8015249043801061e-25
2.37148202757747247e-25
3.08365478591164101e-25
3.95161044626380029e-25
4.97627791227177458e-25
6.15070771326895287e-25
7.48366754165551467e-25
8.97728313186686602e-25
1.06277944072352062e-24
1.24341561430131689e-24
1.43950977390745585e-24
1.6518422229967403e-24
1.88315639312044374e-24
2.1381472794729372e-24
2.42364701234043412e-24
2.74925723564798393e-24
3.1281772979899334e-24
3.58512829144114967e-24
4.13567460357503637e-24
4.95778350021958743e-24
5.60513130401794164e-24
6.46035446387045836e-24
7.80029027785152451e-24
1.0065294414172043e-23
1.3690836469608975e-23
1.93351454452358688e-23
2.80354088283883969e-23
4.12690406094128579e-23
5.66267323969986269e-23
6.66943364118037674e-23
7.85136555629740469e-23
9.30357934909894429e-23
1.1300736087281866e-22
1.41569668362591105e-22
1.84774330402916606e-22
2.50722243021451011e-22
3.46258216207493992e-22
4.66888312991221797e-22
6.07878980257717574e-22
7.73738901043098276e-22
1.00007998069341753e-21
1.17464088183043382e-21
1.25704449635255995e-21
1.35231950288151767e-21
1.47555391550526952e-21
1.63866896584977487e-21
1.88960212641186608e-21
2.27630916092586382e-21
2.84133561616560489e-21
3.63465541298889155e-21
4.71819166087758065e-21
5.89248184312860073e-21
7.07588055067394743e-21
8.21581365002182749e-21
9.69066266461668757e-21
1.17746724323177941e-20
1.51070491529140968e-20
5.63085148596915353e-29
1.75281097415312e-28
4.9827431121172259e-28
1.26277567217322555e-27
2.85349792851117387e-27
5.70583842446754949e-27
1.06136428012345956e-26
1.88499732682941018e-26
3.23188515907059535e-26
5.32728835859161179e-26
8.44877209750455893e-26
1.29370964560184963e-25
1.92006718067852164e-25
2.77155215900445312e-25
3.90183997145389477e-25
5.3688458886019003e-25
7.23257421162728528e-25
9.55231486071278729e-25
1.23818602831042011e-24
1.57755080145117787e-24
1.98026682403013352e-24
2.43922672902187954e-24
2.95443264281702109e-24
3.51022421469224548e-24
4.12034860263888164e-24
4.77820711814174578e-24
5.47692151539362846e-24
6.20838285533017727e-24
6.96552926753842625e-24
7.74486488865166769e-24
8.55464161206928513e-24
9.40818542947788298e-24
1.03226411674771114e-23
1.13313254160081266e-23
1.24581535286229488e-23
1.36633070607772899e-23
1.53567840863051183e-23
1.65914163693175964e-23
1.8173796274152978e-23
2.08334584080890393e-23
2.51239748647806369e-23
3.18034270001827741e-23
4.20528255008478091e-23
5.76471640614395555e-23
8.1251085285511734e-23
1.17074069688428187e-22
1.72079803803523765e-22
2.223625996081223e-22
2.5924523246315857e-22
3.03468646739323691e-22
3.60468359474602192e-22
4.39968107227817263e-22
5.57723302184660298e-22
7.40084571763796528e-22
1.00034564660330305e-21
1.32699241200885996e-21
1.70767655650763815e-21
2.17783940618135437e-21
2.7129940814317166e-21
3.01132374495902127e-21
3.2084809954791765e-21
3.4608037170931434e-21
3.81575883311965102e-21
4.23114752139649237e-21
4.89060421228194349e-21
5.88883001477584201e-21
7.32292253900371235e-21
9.3265320445931828e-21
1.18141871066034078e-20
1.44736218327147018e-20
1.7332009666796642e-20
2.01197373369486299e-20
2.36870247991761882e-20
2.8715122919103572e-20
3.67216343638918185e-20
5.90646649674769008e-28
1.8643350221458355e-27
5.24857343820674712e-27
1.29316346277017493e-26
2.81216964147912744e-26
5.45119099760321442e-26
9.92175566525520361e-26
1.72491014575981329e-25
2.86669165504814983e-25
4.56297517941065237e-25
6.98259615828956204e-25
1.03143710725594162e-24
1.47631933634044286e-24
2.05458731302385103e-24
2.78825484558630454e-24
3.69829177335547739e-24
4.803256933123213e-24
6.11866127669173426e-24
7.65355750102035265e-24
9.40963909042590363e-24
1.13998926934871181e-23
1.3474841525859642e-23
1.57343507057958984e-23
1.81557795390955824e-23
2.06743727983599329e-23
2.32411530994107352e-23
2.58157240612222843e-23
2.83696305628887687e-23
3.0899231503299866e-23
3.34278816120651873e-23
3.58948463696036466e-23
3.83441358080246465e-23
4.08932577915625989e-23
4.37313368263037346e-23
4.72712617409344357e-23
5.00464185400497368e-23
5.27609180153634327e-23
5.61293405412108113e-23
6.15403519424254821e-23
6.98437435639995583e-23
8.23823847556394302e-23
1.01537932710062608e-22
1.30537379042242614e-22
1.74182874732187195e-22
2.39698113539807901e-22
3.37677004382242912e-22
4.83202643536761784e-22
7.08500188387198545e-22
8.46368741683345482e-22
9.9267515491526513e-22
1.162399322485301e-21
1.38539240773894042e-21
1.69821442842786616e-21
2.17724735866790782e-21
2.84886097941595663e-21
3.70033580288351036e-21
4.70310859836490459e-21
6.01596391505859041e-21
7.04803601451315856e-21
7.54994913940502365e-21
8.11758660670340262e-21
8.73814640655149773e-21
9.54291703102426078e-21
1.07978747027729797e-20
1.2672941100337234e-20
1.53515239271598257e-20
1.90595883027673478e-20
2.38134540750840009e-20
2.906554534342346e-20
3.48073092755062343e-20
4.13439936309322368e-20
4.79328831645663851e-20
5.62511163535538912e-20
6.7944485937748886e-20
8.65121828008440873e-20
6.24903671640141738e-27
1.99476952980598576e-26
5.52300456579983413e-26
1.3117470645690115e-25
2.66912885885240912e-25
4.99189608482079414e-25
8.83054182650402167e-25
1.47882607613956294e-24
2.35636229817720212e-24
3.59278370445820662e-24
5.26875363376549499e-24
7.4642275202668415e-24
1.02549989012879573e-23
1.37107726253123917e-23
1.78892474560744383e-23
2.28295901280753066e-23
2.85491034964397435e-23
3.50466065610315934e-23
4.22801706007370263e-23
5.01686466340600666e-23
5.85894185753029673e-23
6.75370505683649573e-23
7.66888036656075296e-23
8.58189179846227869e-23
9.4698975900630145e-23
1.0311781531097073e-22
1.10913977723136613e-22
1.1801062827569342e-22
1.24462166188648435e-22
1.30473402069508761e-22
1.36494769801994748e-22
1.42534409354439307e-22
1.4862631057995543e-22
1.56447635109511832e-22
1.6355323097545427e-22
1.70099906314592199e-22
1.77553494309675952e-22
1.891389535170056e-22
2.06897588924856025e-22
2.33394969358347237e-22
2.71511594768593331e-22
3.2719035238517521e-22
4.09977204415098299e-22
5.32116433333954583e-22
7.1193154495807217e-22
9.77658635629732933e-22
1.37351908685351046e-21
1.95919078989545247e-21
2.71337052652388419e-21
3.20479633684372333e-21
3.74507485278321068e-21
4.37126909081629785e-21
5.19416190037442815e-21
6.37686656469039024e-21
7.97553992158319245e-21
1.00530794226187362e-20
1.29300068262104278e-20
1.57945471728742316e-20
1.71432471116819573e-20
1.85035000959228496e-20
2.00719704762683213e-20
2.18460840240265402e-20
2.4213828024398645e-20
2.76168887095599229e-20
3.25831940327755058e-20
3.95739180193992014e-20
4.85277886610373357e-20
5.84789544138493144e-20
6.94155522135431095e-20
8.20246600609705202e-20
9.63479418774763882e-20
1.12019505924896744e-19
1.30971046684959604e-19
1.57413540177878446e-19
1.9910793446363072e-19
6.51713211145884161e-26
2.0948503319066694e-25
5.65413555599292912e-25
1.28672257507047214e-24
2.53174517191220428e-24
4.59342130072701048e-24
7.7656578014360948e-24
1.23708965299331837e-23
1.87380318990391459e-23
2.71797269390917602e-23
3.79680385449884256e-23
5.13114771315801098e-23
6.73507246740014471e-23
8.61644778125288167e-23
1.07721885014882813e-22
1.31870634866572698e-22
1.58373501461762232e-22
1.86960811739515568e-22
2.1707840359919563e-22
2.4809459851964052e-22
2.79466870170934459e-22
3.10587396861709819e-22
3.40351864784628318e-22
3.68001445981210092e-22
3.92882192185846074e-22
4.14314040147896916e-22
4.31835866552032745e-22
4.45514096596218273e-22
4.56235880194465127e-22
4.65197397016353037e-22
4.73419705727317106e-22
4.82073399628052945e-22
4.92526752472267979e-22
5.07263881797906049e-22
5.31206169244894832e-22
5.49986315278191524e-22
5.73878303772089855e-22
6.12645550900434716e-22
6.7581006708066433e-22
7.717275378431646e-22
9.04668978343667791e-22
1.08436545911715382e-21
1.33331427235433223e-21
1.68948693636141792e-21
2.19105720596746153e-21
2.89456832469878681e-21
3.8840034180597363e-21
5.28804720926077532e-21
7.27223993149744596e-21
1.00127268729136688e-20
1.16325309041796188e-20
1.34131264834028071e-20
1.55724531757921953e-20
1.83616170173366619e-20
2.20174169678590947e-20
2.67211279605490964e-20
3.37623615324401669e-20
3.76516498525311893e-20
4.09149381658921979e-20
4.46185566621819898e-20
4.89507503275308455e-20
5.41981899088319972e-20
6.15438067654044626e-20
7.12135229409085922e-20
8.41774704896466338e-20
1.01007366170247513e-19
1.19850433757970152e-19
1.41323871771258343e-19
1.64987533159890327e-19
1.93502935329233497e-19
2.23896458347437719e-19
2.62189317367266977e-19
3.04214366845481507e-19
3.61930644206136122e-19
4.51526270571816134e-19
6.7520804266001191e-25
2.16717837871856971e-24
5.62827312462685341e-24
1.22594120184342654e-23
2.31309274205149092e-23
3.96270825522148141e-23
6.31262163925801294e-23
9.48505079172268568e-23
1.35769760765998121e-22
1.86500531845444847e-22
2.4721219622379025e-22
3.17599440317718948e-22
3.97097543527293796e-22
4.84949219418828923e-22
5.79689414355931901e-22
6.79356760635863184e-22
7.82370933339556534e-22
8.87137803071472292e-22
9.89779788565146894e-22
1.08731964282412048e-21
1.18006164895539845e-21
1.26531564317098901e-21
1.33697067480394042e-21
1.394682321775399e-21
1.4389538131236337e-21
1.46820249374907636e-21
1.48131143231627667e-21
1.48225712130749745e-21
1.47807224687700106e-21
1.47450998394122143e-21
1.47509875219629953e-21
1.48181703230720178e-21
1.4955997714294975e-21
1.5183931006107236e-21
1.55935616101423488e-21
1.62860866871683022e-21
1.73974795348399032e-21
1.91161163567527871e-21
2.1715056154665267e-21
2.55943155524410246e-21
3.07275738635877395e-21
3.72236898330464632e-21
4.57293566978060465e-21
5.71597120146263732e-21
7.1789611015715355e-21
9.16089064934702005e-21
1.16946853023611994e-20
1.50195522557688495e-20
1.94234832132983806e-20
2.48192473875665602e-20
3.16078860847785714e-20
3.92957708301141083e-20
4.62703324863070414e-20
5.1575991519153499e-20
5.99679546853103229e-20
6.83621281645138331e-20
7.74392398046079668e-20
8.67757848622549039e-20
9.64328770064968848e-20
1.07551844332990187e-19
1.20799473525217085e-19
1.37213065739732843e-19
1.57175236847645483e-19
1.82770874268605804e-19
2.14218347921045207e-19
2.50269839314341506e-19
2.91479674999005299e-19
3.39377229375619211e-19
3.93813958050810645e-19
4.60313359099703116e-19
5.30841668923375376e-19
6.21788766485854917e-19
7.09798731562374496e-19
8.27900004387577757e-19
1.00741557268487427e-18
6.99661455950783691e-24
2.20810545795234818e-23
5.40691021800402673e-23
1.10256396713925151e-22
1.9570574463683085e-22
3.13233088195560933e-22
4.66679935601653226e-22
6.57578885673431269e-22
8.85342251563881119e-22
1.14708595053028866e-21
1.43757325977535982e-21
1.7498964284501712e-21
2.07854131182913277e-21
2.41776507164885759e-21
2.75705092204680166e-21
3.08398197742955496e-21
3.39901056295595223e-21
3.69390351929160166e-21
3.95004088652127298e-21
4.15814502229079442e-21
4.33233755066076493e-21
4.45936698480043905e-21
4.52358844009054867e-21
4.52756301699539583e-21
4.49338792184067527e-21
4.4306393088882708e-21
4.32824190070177105e-21
4.21466724040032334e-21
4.0960560164250668e-21
4.03390263196062523e-21
4.00473481140670309e-21
4.01758836575016923e-21
4.07530114654941227e-21
4.18886541735345564e-21
4.39126851711187864e-21
4.72395537810272454e-21
5.2390208450415712e-21
6.0035977824803222e-21
7.11217911676456959e-21
8.71603773518935526e-21
1.07482487529742608e-20
1.3186292892013185e-20
1.61529692808493956e-20
2.0010795179934769e-20
2.48892223964601184e-20
3.06406181959205971e-20
3.75701344607894127e-20
4.58950943096752608e-20
5.62200868368564939e-20
6.79335054848361671e-20
8.07028150309667285e-20
9.42616538704139975e-20
1.08714294248360624e-19
1.26588771902674397e-19
1.45804560983706484e-19
1.6609343669933606e-19
1.88072441090010533e-19
2.11971307846908695e-19
2.38208788917033181e-19
2.67819702245202815e-19
3.02969327559965492e-19
3.46048980539533838e-19
3.98284704023918375e-19
4.586841514647761e-19
5.28812403245277336e-19
6.11239909549124629e-19
7.06115155027814303e-19
8.16228215795662544e-19
9.44112979231020557e-19
1.09542934152674984e-18
1.25876206469772712e-18
1.44657741217527675e-18
1.62382167557600292e-18
1.83931234595165031e-18
2.16166107179100428e-18
7.33838553902494406e-23
2.2164558785129845e-22
4.97830658583078755e-22
9.26075075472822647e-22
1.51330612742042083e-21
2.23941580022015523e-21
3.0921929936430079e-21
4.05518402119548099e-21
5.10334773201170982e-21
6.20248102064683057e-21
7.3118268186150466e-21
8.39177766749221266e-21
9.43481678739218289e-21
1.04187498587706768e-20
1.12955923432770721e-20
1.20182653716893231e-20
1.26151449603540125e-20
1.30563133007929166e-20
1.33019125655726335e-20
1.33291771166740446e-20
1.32267154706559495e-20
1.30294502366787149e-20
1.27026298179955202e-20
1.22239268509805933e-20
1.16191151878490778e-20
1.10110891531309219e-20
1.03587871231903791e-20
9.96276826287643833e-21
9.67611260680452162e-21
9.50602662392185685e-21
9.5183066706432526e-21
9.72103659411329663e-21
1.01284596024457259e-20
1.08516608299045772e-20
1.20168954230715116e-20
1.37689221853071868e-20
1.62717427876627371e-20
1.97048657126836018e-20
2.41566534087243892e-20
2.99223181356605851e-20
3.77809043853208828e-20
4.64818381383890334e-20
5.562417383566184e-20
6.72480071160149797e-20
8.1358555684694855e-20
9.64844067539178316e-20
1.13717301962140763e-19
1.33586458972005202e-19
1.55559571784818528e-19
1.79890836199107789e-19
2.07739497481141958e-19
2.37517195417370961e-19
2.69855248869976486e-19
3.09828783594422955e-19
3.54916250427431741e-19
4.02057817376223748e-19
4.53997591229786162e-19
5.1100627953635114e-19
5.72793708037882972e-19
6.44718361402471801e-19
7.34983846791810364e-19
8.42172487328072159e-19
9.68557296032815502e-19
1.10766577942958818e-18
1.26451257912283696e-18
1.45104868786922045e-18
1.66507443617932817e-18
1.91223216086908015e-18
2.18782159303337902e-18
2.49388915165251578e-18
2.81544598296799996e-18
3.15708877653647816e-18
3.4839621209536392e-18
3.83356371048773117e-18
4.3411525399351671e-18
7.89100009394474123e-22
2.17769498690849468e-21
4.32825905442030791e-21
7.15154353546812258e-21
1.04944170224414492e-20
1.41520645591436704e-20
1.7904451057419416e-20
2.16461929239833379e-20
2.52643355134058624e-20
2.8604619679968895e-20
3.15248486598585293e-20
3.39313457031299587e-20
3.58951054082762935e-20
3.73939020139599127e-20
3.82799775328778672e-20
3.8431147278614744e-20
3.80286263498366355e-20
3.72497289658845625e-20
3.59952977759490293e-20
3.42557505299453505e-20
3.23738731195181735e-20
3.02555047859468518e-20
2.75936577058792356e-20
2.54812863070664186e-20
2.3691178277486485e-20
2.19597167338948333e-20
2.04089176025250812e-20
1.94395139395926678e-20
1.91796372774004284e-20
1.95206134657699777e-20
2.0432614496334917e-20
2.21318960867402461e-20
2.49507069642194664e-20
2.92325438263438262e-20
3.53264406006344187e-20
4.36385933503958254e-20
5.48200453557718368e-20
6.82193348583697451e-20
8.31129912701765734e-20
9.94930725495077676e-20
1.20196500989987039e-19
1.44353221233371945e-19
1.69404207073557012e-19
2.01625687945523426e-19
2.34411483742357083e-19
2.67171196064275898e-19
3.03590428607009347e-19
3.44215029830331649e-19
3.89188345233257139e-19
4.40956030415177782e-19
4.98258257304743403e-19
5.58644507710341411e-19
6.30310004043808813e-19
7.23153788267194617e-19
8.33867492961226819e-19
9.46712696885944285e-19
1.06506969914954491e-18
1.19316033982634702e-18
1.33795401128672933e-18
1.51830453800672557e-18
1.74401813167998973e-18
2.00036308519564783e-18
2.28264031562082364e-18
2.58355108537237828e-18
2.92300625693252755e-18
3.31125806779081461e-18
3.74286980209856056e-18
4.22777312956374385e-18
4.73805935995436087e-18
5.22817707205254759e-18
5.65842263002827856e-18
6.08573228716248917e-18
6.6328170618854894e-18
7.34399347723360338e-18
7.87202931710799137e-18
8.80513424858259502e-21
2.05158624855406253e-20
3.4340174263940359e-20
4.87625695163858757e-20
6.27197477099977468e-20
7.54582575016442322e-20
8.63726122020190025e-20
9.52556124536689658e-20
1.02128263764653305e-19
1.06770574274370068e-19
1.09124447552420544e-19
1.09313575920290622e-19
1.07899669293390695e-19
1.0537992525640411e-19
1.01396618914164034e-19
9.56654676429100396e-20
8.82815397600650159e-20
7.98037295431751917e-20
7.21976830061692559e-20
6.52941505840446468e-20
5.8910568319116896e-20
5.25745313928009888e-20
4.57585784827368321e-20
3.95858011587626398e-20
3.50190948156632562e-20
3.26608432441562485e-20
3.20381865873242181e-20
3.27726102097235727e-20
3.46717111560444494e-20
3.82307845513909044e-20
4.43057406710994233e-20
5.38294509595390229e-20
6.75225116147484547e-20
8.64136795352933409e-20
1.1088012953678028e-19
1.38815188681355977e-19
1.70086789983138207e-19
2.0450244576895606e-19
2.38658496043659681e-19
2.75220021556818165e-19
3.16421824951221494e-19
3.64193141348700973e-19
4.20076808286637849e-19
4.83887213725829743e-19
5.46973547101178751e-19
6.0685361548529655e-19
6.72187511359203578e-19
7.49255275070735676e-19
8.3838227091271377e-19
9.38880871492704543e-19
1.05272972264190563e-18
1.18703966277051804e-18
1.3512586933013227e-18
1.56105477965331923e-18
1.80928119672905428e-18
2.06212614925761203e-18
2.30807759525280716e-18
2.58765963531164114e-18
2.91462360031807657e-18
3.32726691587317093e-18
3.7965166546883699e-18
4.30191551676434767e-18
4.82913738908904347e-18
5.37865956375648279e-18
5.9660012961541949e-18
6.59678724337437949e-18
7.27515652291108454e-18
7.99402971943808611e-18
8.73425318688340375e-18
9.37682978837543737e-18
9.75684273452389015e-18
1.01831904563270432e-17
1.07173921610790865e-17
1.14099330989165297e-17
1.25029219926539054e-17
9.37073447330911878e-20
1.60114802961441333e-19
2.11409196477531677e-19
2.49095675383597983e-19
2.75567280775862614e-19
2.92493481730381093e-19
3.01013174062636836e-19
3.0214045165865446e-19
2.9724934468767783e-19
2.87328756190604374e-19
2.72987678186455426e-19
2.55674069721577915e-19
2.34450945887120666e-19
2.15853737260844747e-19
1.96798323432109647e-19
1.7564094005167455e-19
1.52643410116153833e-19
1.29598259978140009e-19
1.08555245761498269e-19
9.04453751206420697e-20
7.57566229315878712e-20
6.38933697472694411e-20
5.47379147661964657e-20
4.86326856865704405e-20
4.58452007159181795e-20
4.5873545447782097e-20
4.82358249593619847e-20
5.34622582213846443e-20
6.30191037912305369e-20
7.85186754335806276e-20
1.01488417004729596e-19
1.33744622197790166e-19
1.71963196560782563e-19
2.14412012210804898e-19
2.60423890595848345e-19
3.09195157968672982e-19
3.60530295998037375e-19
4.13771380243711575e-19
4.68373417499941209e-19
5.26318199932509519e-19
5.90949128281837845e-19
6.64207953633275726e-19
7.46224452485774562e-19
8.33487278212014352e-19
9.25946126211578489e-19
1.02619719881408337e-18
1.13805416280682313e-18
1.2686501850777606e-18
1.42337905233527204e-18
1.60600905460699219e-18
1.82321158264602869e-18
2.08544265408448525e-18
2.39856623098835396e-18
2.75584318614980987e-18
3.15399795767761566e-18
3.5920615803616393e-18
4.07345168901917462e-18
4.60607608973967013e-18
5.2015683954582139e-18
5.85201906074931868e-18
6.52930348894270561e-18
7.21564216767251315e-18
7.91643384915331135e-18
8.63152047366914251e-18
9.35836330564485162e-18
1.00857897638021576e-17
1.08016675911016954e-17
1.14949286380489308e-17
1.21693929145690523e-17
1.28419384007108957e-17
1.35395641214586647e-17
1.43077344076935603e-17
1.50091002730605058e-17
1.58628089992627004e-17
1.68724847967617588e-17
)
;

boundaryField
{
    reactingWall
    {
        type            catalyticWall;
        gradient        uniform 0;
    }
    inertWall
    {
        type            zeroGradient;
    }
    inlet
    {
        type            fixedValue;
        value           uniform 0;
    }
    outlet
    {
        type            zeroGradient;
    }
    defaultFaces
    {
        type            empty;
    }
}


// ************************************************************************* //
