/*--------------------------------*- C++ -*----------------------------------*\
  =========                 |
  \\      /  F ield         | OpenFOAM: The Open Source CFD Toolbox
   \\    /   O peration     | Website:  https://openfoam.org
    \\  /    A nd           | Version:  8
     \\/     M anipulation  |
\*---------------------------------------------------------------------------*/
FoamFile
{
    version     2.0;
    format      ascii;
    class       surfaceScalarField;
    location    "0.2";
    object      phi;
}
// * * * * * * * * * * * * * * * * * * * * * * * * * * * * * * * * * * * * * //

dimensions      [1 0 -1 0 0 0 0];

internalField   nonuniform List<scalar> 
3490
(
2.06166364049522223e-07
7.12719116793658071e-09
1.98539837466636295e-07
7.62651765510534087e-09
1.91647858317638901e-07
6.89197020684532095e-09
1.84548552584430906e-07
7.09929676799831511e-09
1.77265710197547883e-07
7.28283338814810615e-09
1.70113220748986832e-07
7.15248040694135499e-09
1.63235626595282116e-07
6.87758506068483559e-09
1.56623995062626144e-07
6.61162238522599788e-09
1.50263346640297733e-07
6.36063922156318143e-09
1.44168133691093947e-07
6.09520369208730663e-09
1.38354424226450419e-07
5.8137001444544194e-09
1.3282882847100825e-07
5.52558635421665225e-09
1.27593230317834962e-07
5.23558859853155349e-09
1.22651504560344991e-07
4.94171569707486524e-09
4.63846335076578847e-09
1.18013029124512902e-07
2.14982869487812853e-07
5.43781496089502021e-09
2.15686935144983923e-07
6.92244307160285203e-09
2.1565990596673203e-07
6.91899044441191442e-09
2.15413361914856818e-07
7.34583185645281882e-09
2.14777386523491205e-07
7.91879978345730295e-09
2.13776950735174464e-07
8.15290715303412459e-09
2.12523258768713964e-07
8.13126793234815304e-09
2.11077253623611698e-07
8.05761838032471094e-09
2.09461274551927317e-07
7.97660909072957217e-09
2.07704244946529173e-07
7.85222404113169e-09
2.05844643427907946e-07
7.67329234560605464e-09
2.03914117351502827e-07
7.45610304252537892e-09
2.01935984355951737e-07
7.21371211950123887e-09
1.99932881994402161e-07
6.94480844810497931e-09
6.63506947156827058e-09
1.97936265940044644e-07
2.1517370938370997e-07
3.55759655292837812e-09
2.16850510781617794e-07
5.24563274491125669e-09
2.18022694390315344e-07
5.74679789514615069e-09
2.1911131556151041e-07
6.2572017262941129e-09
2.20123269355671611e-07
6.90683699650666695e-09
2.20941979099235916e-07
7.33418836781339588e-09
2.21593549983372744e-07
7.47968794700569926e-09
2.221321455077347e-07
7.51901369885167687e-09
2.22565158203318955e-07
7.54358718884351103e-09
2.22884562916561673e-07
7.5328100730974091e-09
2.23096304247355001e-07
7.46154170289231517e-09
2.23213380886564217e-07
7.33901702207612626e-09
2.23244964807853584e-07
7.1821187394981555e-09
2.23195375623325423e-07
6.99438808249124591e-09
6.76929208577631229e-09
2.23061143334417664e-07
2.14362923859577039e-07
2.48813787536428269e-09
2.15509734815815803e-07
4.0988128579377996e-09
2.16539890810026319e-07
4.71663296096369977e-09
2.17630018718190934e-07
5.16706486640932283e-09
2.18822339992275551e-07
5.71450673842435608e-09
2.20018499477607616e-07
6.1380198431528452e-09
2.21164845741803611e-07
6.33333257028773329e-09
2.22272626522091191e-07
6.41122374541476133e-09
2.23347207128405329e-07
6.46899736937152261e-09
2.24376178912880925e-07
6.50382903883672115e-09
2.25350379735252697e-07
6.48733157990643324e-09
2.26268795708766595e-07
6.42059167466581011e-09
2.27130326757600735e-07
6.32057824128908129e-09
2.27929249091929656e-07
6.19545621708708403e-09
6.0446580858059338e-09
2.28653873458195743e-07
2.13986167728028092e-07
1.79543278096758217e-09
2.15050762348179929e-07
3.03420929960084833e-09
2.16083480072545921e-07
3.6839062934488404e-09
2.17125689906585523e-07
4.12484609599123654e-09
2.18255297825002265e-07
4.58488985499451305e-09
2.19417613314275308e-07
4.97569532298848313e-09
2.20556516330962612e-07
5.19442041850360271e-09
2.21677649625529602e-07
5.2900812460801962e-09
2.22796502061494698e-07
5.35013570945389454e-09
2.23908124306900229e-07
5.3921975546785961e-09
2.25000497674303705e-07
5.39494893084071438e-09
2.26067574395296591e-07
5.35350558549987613e-09
2.27106262498213364e-07
5.28188070052280604e-09
2.28110262439169027e-07
5.19144676691072172e-09
5.08700850232871911e-09
2.29067902403460625e-07
2.13846572165032066e-07
1.24231100135665968e-09
2.14604178296363081e-07
2.2765942187481255e-09
2.15421557346652935e-07
2.86651828634599145e-09
2.16306947677227166e-07
3.23944685619936532e-09
2.17295676392971121e-07
3.59615220862176113e-09
2.1836380647833186e-07
3.90755623175935739e-09
2.19463154573360957e-07
4.09506314168664117e-09
2.20572376673144639e-07
4.18084987838778277e-09
2.21691617499008614e-07
4.23088564239440174e-09
2.2281581480130295e-07
4.26799103732332744e-09
2.23933360948969848e-07
4.27739354072215174e-09
2.25035732382943157e-07
4.25112478106968339e-09
2.26118480398335092e-07
4.19912325721086642e-09
2.27176856708863348e-07
4.13306098685798532e-09
4.05838671700003052e-09
2.28205468894379629e-07
2.13637715856827291e-07
8.98043811674589666e-10
2.14308899373514022e-07
1.60540172695220931e-09
2.15119281862443463e-07
2.05612679579215645e-09
2.16004774348432226e-07
2.35394552690381237e-09
2.16977890815715648e-07
2.62302687247673892e-09
2.18022156199207513e-07
2.86328192284850804e-09
2.1909287251732307e-07
3.02433754298766566e-09
2.20167456175518913e-07
3.10625682140382257e-09
2.21247178738991307e-07
3.15115382195901958e-09
2.22332576743949653e-07
3.18258386951448929e-09
2.23415866930381609e-07
3.19409421115181966e-09
2.24488479327806762e-07
3.17850296412557043e-09
2.25545412453360103e-07
3.14218070896688498e-09
2.2658321039469163e-07
3.09525366410590681e-09
3.04360883721826749e-09
2.2759797870488594e-07
2.13652403917975337e-07
5.39082743922066295e-10
2.14225584556083723e-07
1.03221207752836247e-09
2.14923739049623775e-07
1.35796314712922533e-09
2.15709505466590185e-07
1.56817042818406685e-09
2.16586703089985406e-07
1.7458204493586873e-09
2.17546661145245792e-07
1.90331518504670257e-09
2.18561616277754258e-07
2.00937288510732709e-09
2.19605799186477294e-07
2.06206423492242055e-09
2.20667586701170494e-07
2.0893570559201211e-09
2.21741389354707311e-07
2.10877214603172448e-09
2.22818624991692507e-07
2.11684968701107907e-09
2.23889690034837501e-07
2.10742829899261427e-09
2.24947847218727264e-07
2.08401407801449821e-09
2.25989306176881309e-07
2.05378554374241633e-09
2.02042360950663153e-09
2.27012481874130159e-07
2.13540385056159435e-07
2.92140279623437444e-10
2.14053153250650592e-07
5.19434848768855633e-10
2.14745753275894261e-07
6.65354232794265437e-10
2.15553336340018321e-07
7.60578104573987002e-10
2.16452777500413484e-07
8.46370447654484584e-10
2.17430105721584952e-07
9.25977697884676489e-10
2.18455442795451336e-07
9.84027016237382789e-10
2.19500240851169298e-07
1.01725730593523537e-09
2.20553238229759268e-07
1.03635059283820556e-09
2.21612499388725995e-07
1.04950203387323588e-09
2.22673353006347964e-07
1.05598665186175769e-09
2.23727736647098918e-07
1.05303553639067215e-09
2.24769206140725047e-07
1.04253506439941273e-09
2.25794662024194553e-07
1.02831997006606143e-09
1.01264352129261001e-09
2.26802432555641094e-07
2.13587264143469511e-07
-1.68331420742690457e-12
2.14107215277940056e-07
-5.25485799280059047e-13
2.14772859201756503e-07
-2.98690946436099203e-13
2.15533602243791397e-07
-1.74303797985445135e-13
2.1637990137976261e-07
6.27487002676808434e-14
2.17306021460710985e-07
-1.51516300941211382e-13
2.18290454986188506e-07
-4.15519754799192345e-13
2.1930781742290017e-07
-1.14448673680153487e-13
2.20343972403140337e-07
1.86461873464642183e-13
2.21393467781657809e-07
-1.95430031735045225e-15
2.22449948551568698e-07
-5.03230858160212224e-13
2.23503027522104046e-07
-5.28223746655679389e-14
2.24545312457408297e-07
2.40400896969867154e-13
2.2557392591119585e-07
-3.02824082220074346e-13
-1.30477259253315743e-13
2.26586690537982021e-07
2.13583479885167063e-07
-2.9172288965463576e-10
2.14102537862758388e-07
-5.19592072120979165e-10
2.1476788692370194e-07
-6.65656598057943297e-10
2.1552852888166633e-07
-7.60824915567643328e-10
2.16375292841053587e-07
-8.46710674986963916e-10
2.17301353491337348e-07
-9.26221155547650443e-10
2.18285085977703439e-07
-9.84157103977245631e-10
2.19302393216151463e-07
-1.017430579282969e-09
2.20339238520991902e-07
-1.03666805415837745e-09
2.21388945961270676e-07
-1.04971931342285828e-09
2.22444433748407778e-07
-1.0560005811566003e-09
2.23497548938670512e-07
-1.05317741278268575e-09
2.24540506732064007e-07
-1.04272662909933768e-09
2.25568490281898761e-07
-1.0282962034598381e-09
-1.01260948391874689e-09
2.26580959361194958e-07
2.13540030939299844e-07
-5.38311268164025219e-10
2.14052556003686838e-07
-1.03212591310714806e-09
2.14744878463433182e-07
-1.35798801933896839e-09
2.15552241963456538e-07
-1.56819698136678838e-09
2.1645158033618785e-07
-1.74605814266341782e-09
2.17428833755723124e-07
-1.90348330563032514e-09
2.1845409297130861e-07
-2.00942568373142492e-09
2.19498845215387342e-07
-2.06219221951850753e-09
2.20551770675128896e-07
-2.08960280481041009e-09
2.21611004269169441e-07
-2.10896244628628463e-09
2.22671774640697122e-07
-2.1167801733225516e-09
2.23726103878555865e-07
-2.10751634935321078e-09
2.24767550627084855e-07
-2.08418282799690204e-09
2.25792875605698264e-07
-2.05363060312864053e-09
-2.02025372433406489e-09
2.26800510099844237e-07
2.13652863888186328e-07
-8.97732251170458452e-10
2.1422595903367386e-07
-1.6052298496435687e-09
2.14924090365043098e-07
-2.05612803246254866e-09
2.15709874429239753e-07
-2.35399022468083869e-09
2.1658692541128484e-07
-2.62311826543731877e-09
2.17546784803081698e-07
-2.86335203751096104e-09
2.18561736357708436e-07
-3.02438585691306525e-09
2.19605866854215289e-07
-3.1063312965397678e-09
2.20667520873275411e-07
-3.15126594968532226e-09
2.21741208862743357e-07
-3.1826598691300499e-09
2.22818488652807234e-07
-3.19406972395178125e-09
2.23889470168953888e-07
-3.17850705434892183e-09
2.24947460136532033e-07
-3.14218231568102449e-09
2.25988940296597156e-07
-3.09512072421885094e-09
-3.04344281443742766e-09
2.27012119617756299e-07
2.13637900434180173e-07
-1.24218392579811075e-09
2.14309143219348664e-07
-2.27648145666700215e-09
2.15119509778711087e-07
-2.86650341757338452e-09
2.16004995925255873e-07
-3.23948539584385183e-09
2.16978070879925369e-07
-3.59620228963870334e-09
2.18022300439324485e-07
-3.90759069666916904e-09
2.19093001570575441e-07
-4.09509584029509061e-09
2.20167555294596832e-07
-4.18089387163673742e-09
2.21247215997273598e-07
-4.23093576507405989e-09
2.22332559123843732e-07
-4.26801233514125576e-09
2.23415843035670073e-07
-4.2773631404190548e-09
2.24488405770950468e-07
-4.25107917635180452e-09
2.25545260681768153e-07
-4.19904676776467982e-09
2.26583037653125519e-07
-4.13290744226670413e-09
-4.0581894656736373e-09
2.27597774575925466e-07
2.13846639153096874e-07
-1.79537260782901156e-09
2.14604294068482787e-07
-3.03414521655892257e-09
2.15421672856503579e-07
-3.68389107731317141e-09
2.16307049705852167e-07
-4.12487121202211979e-09
2.17295760412112226e-07
-4.58492201026769962e-09
2.18363877206825844e-07
-4.9757165177222685e-09
2.19463212470381152e-07
-5.19444005595612115e-09
2.20572414115832064e-07
-5.29010449675728734e-09
2.21691622820265862e-07
-5.35015360007919105e-09
2.22815790960761395e-07
-5.39218976514041996e-09
2.23933321859084768e-07
-5.39490344817056632e-09
2.25035662240565664e-07
-5.35342899020710166e-09
2.26118367420890587e-07
-5.28176148568746243e-09
2.27176714832467387e-07
-5.19126451200194474e-09
-5.08677094754459055e-09
2.2820528661674375e-07
2.13986199577725229e-07
-2.48810947213098385e-09
2.150508236887888e-07
-4.09877818548041726e-09
2.16083545305260386e-07
-4.71662158074714158e-09
2.17125744221526491e-07
-5.16707906884441059e-09
2.18255340158346199e-07
-5.71452692774704734e-09
2.19417647666485972e-07
-6.13803302536850098e-09
2.20556541056861305e-07
-6.33334244383148786e-09
2.21677659794320038e-07
-6.41123227456355914e-09
2.22796493399563673e-07
-6.46899635111140439e-09
2.2390809877335877e-07
-6.50380440540323018e-09
2.25000459512251818e-07
-6.48727355382238173e-09
2.26067517637156796e-07
-6.42049655193666809e-09
2.27106181912474571e-07
-6.32043528720721207e-09
2.28110159313907198e-07
-6.19525153164212027e-09
-6.04438811492668329e-09
2.29067766803571047e-07
2.14362937634479619e-07
-3.55758185707853874e-09
2.15509764922017326e-07
-5.24561433812235289e-09
2.16539925453436666e-07
-5.74679100277014399e-09
2.1763004694488699e-07
-6.25720948957398973e-09
2.18822360151765336e-07
-6.90684910080558056e-09
2.20018514237084301e-07
-7.33419610553059344e-09
2.21164854210560938e-07
-7.47969143713404919e-09
2.2227262576024223e-07
-7.51901289744667064e-09
2.23347195891910223e-07
-7.54357564025901272e-09
2.24376159532565472e-07
-7.53277730209836746e-09
2.25350355577751307e-07
-7.46147894704832783e-09
2.26268766983573782e-07
-7.33891738759557774e-09
2.27130294329654772e-07
-7.18197214767907805e-09
2.27929215844535432e-07
-6.99418264419809806e-09
-6.76901946251589499e-09
2.28653837523181806e-07
2.15173717168621837e-07
-5.43780798627542139e-09
2.16850527682376061e-07
-6.92243372086802149e-09
2.18022714509462327e-07
-6.91898672110973163e-09
2.1911133189525651e-07
-7.34583579943816222e-09
2.20123280144232137e-07
-7.91880630783634427e-09
2.20941986237055004e-07
-8.15291119014882163e-09
2.21593554136611686e-07
-8.13126836754244491e-09
2.22132146545621428e-07
-8.05761439304856232e-09
2.22565158068170799e-07
-7.97659632505366252e-09
2.22884567039911654e-07
-7.85219552367022409e-09
2.23096320308741389e-07
-7.67324155296878466e-09
2.23213417614944284e-07
-7.45602411402427005e-09
2.23245033774989379e-07
-7.21359781249064822e-09
2.23195491472155821e-07
-6.94464993234016499e-09
-6.63485833751009209e-09
2.23061320659781449e-07
2.14982873788321602e-07
-7.12718843555401479e-09
2.15686945122098797e-07
-7.62651392464932213e-09
2.15659918250528954e-07
-6.89196873994222464e-09
2.15413371980767082e-07
-7.09929844931902811e-09
2.14777392987772829e-07
-7.28283626903832993e-09
2.13776955119253072e-07
-7.15248231298842059e-09
2.12523262964899727e-07
-6.87758524853559559e-09
2.11077259979254596e-07
-6.61162050086289054e-09
2.09461287956659479e-07
-6.36063346848644739e-09
2.07704274262619977e-07
-6.09519107681440522e-09
2.05844701274959549e-07
-5.81367789726272936e-09
2.03914219606978499e-07
-5.52555186220703474e-09
2.01936152138220992e-07
-5.2355398512891265e-09
1.99933141727193644e-07
-4.9416491615908207e-09
-4.63837331617281758e-09
1.97936646758182758e-07
2.06166366839049581e-07
1.98539844042554928e-07
1.91647866410192103e-07
1.84548559040359752e-07
1.77265713817601608e-07
1.70113222511531608e-07
1.63235628223828027e-07
1.56623998624143327e-07
1.50263355986484181e-07
1.44168155661415369e-07
1.38354468431634516e-07
1.32828907142914586e-07
1.27593357709752909e-07
1.22651698483208998e-07
1.18013313191324013e-07
1.14465512574588549e-07
3.5475032504640171e-09
1.11060146265462683e-07
3.40534318903943123e-09
1.07804936011057033e-07
3.25516124067719364e-09
1.04707457065308969e-07
3.09736461447369571e-09
1.01764274896299863e-07
2.9429118929579024e-09
9.89682251020549487e-08
2.79542990261423867e-09
9.63138566547451575e-08
2.6530169018417059e-09
9.3796372953704744e-08
2.51470941728679279e-09
9.14095686476603477e-08
2.3814686551620955e-09
8.91456510347654227e-08
2.25432740856586967e-09
8.69961781693650757e-08
2.13341211537632209e-09
8.49529129812762657e-08
2.01839579659966676e-09
8.30075290702350819e-08
1.9090952983331803e-09
8.11520063097970524e-08
1.80538266759526429e-09
7.93794156662296045e-08
1.70690877812529047e-09
7.76845363166262706e-08
1.61313174864295699e-09
7.60638624026072546e-08
1.52351594443476139e-09
7.45150091355833947e-08
1.43765326549846758e-09
7.30359028552332137e-08
1.35523944948572692e-09
7.16242572156433909e-08
1.27598021288231527e-09
7.02776693766734798e-08
1.1994904139471687e-09
6.8994280478628155e-08
1.12521313429964736e-09
6.77733985274605406e-08
1.05258861826494197e-09
6.66149456874833897e-08
9.82078061035864866e-10
6.55161101159072253e-08
9.17892458298476679e-10
6.44631204920241789e-08
8.72188808054393586e-10
6.34327742118798493e-08
8.5477035870453661e-10
6.2439925246335539e-08
8.26116156290781402e-10
6.17178251603357642e-08
5.66652097167189763e-10
6.15791998841617818e-08
-1.75664795167528314e-11
6.18623764793229109e-08
-4.46207349807085905e-10
6.21223057603234152e-08
-4.17836960265901529e-10
6.19452925352306467e-08
4.46678195673532693e-11
6.14007566927485264e-08
4.22092714304840499e-10
6.09352293286838357e-08
3.5113262796434412e-10
6.05966983199912461e-08
2.36614046686545892e-10
6.01117620902308327e-08
3.92131989322515755e-10
5.95420160051655608e-08
4.81353959020205348e-10
5.95871826846418234e-08
-1.36018131170862375e-10
6.00123493944707117e-08
-5.28822336292773799e-10
6.06670889255702109e-08
-7.65019724749987272e-10
6.13431886726436096e-08
-7.82253468149328562e-10
6.14934239198774161e-08
-2.37140230438423624e-10
6.10030996596439233e-08
4.16579829833143753e-10
6.01981455647373178e-08
7.37426495509979291e-10
5.95759264337508483e-08
5.58672955589310379e-10
5.9595977513083778e-08
-8.22090940112417853e-11
5.98766811103017504e-08
-3.4336869449943884e-10
6.00704428005004874e-08
-2.48859096733773105e-10
6.01689814495196951e-08
-1.47087811221555586e-10
6.02331239165393627e-08
-1.08203912502538881e-10
6.03471461094748307e-08
-1.56238808322887682e-10
6.06828220121757985e-08
-3.77575252330919009e-10
6.12012088277744158e-08
-5.57114695279572447e-10
6.13058212540306922e-08
-1.33956573934942731e-10
6.0841747242289571e-08
4.33748779519925125e-10
6.03198089015696981e-08
5.0095182423785013e-10
5.98288524799583206e-08
4.72245824488282509e-10
5.94272472082248415e-08
3.8488366398813142e-10
5.91215326744589125e-08
2.88906248018708182e-10
5.88762390615851822e-08
2.31374881503660728e-10
5.86663580171682253e-08
1.98287363497900255e-10
5.84645175643598309e-08
1.91984032924802368e-10
5.8256038906716756e-08
2.00523393142360378e-10
5.80280271996097864e-08
2.21885969566421555e-10
5.77925334765274749e-08
2.30917809051568285e-10
5.76099187874954825e-08
1.79205043851337035e-10
5.7320937556561511e-08
2.86484229082136199e-10
5.67337896893626272e-08
5.85333586963551132e-10
5.67089328771331696e-08
2.34850357064388012e-11
5.73906548887788235e-08
-6.82887465604589603e-10
5.81746904328574771e-08
-7.8501388597380706e-10
5.84145205472791341e-08
-2.40449452379876597e-10
5.79282811096533198e-08
4.85901807990339313e-10
5.78625075462929953e-10
1.96330720609552626e-07
5.1530401587136441e-09
1.94696886877379884e-07
5.0391673599326459e-09
1.93049444533073429e-07
4.90259117999993052e-09
1.91410390654889059e-07
4.73639912101631268e-09
1.89787434215599177e-07
4.56583254210943121e-09
1.88179533835858209e-07
4.40325771482124359e-09
1.86587201679220517e-07
4.2451987227139658e-09
1.85014217283126915e-07
4.08738893491593922e-09
1.83463849498334354e-07
3.93124373242659309e-09
1.81937088022214205e-07
3.7799949295798751e-09
1.80433655378006934e-07
3.63495423282083247e-09
1.78953143719792231e-07
3.49583868332355763e-09
1.77495141922843717e-07
3.36236153742416515e-09
1.76058913037686088e-07
3.23462751939879287e-09
1.74643331401811566e-07
3.11261783561891879e-09
1.73247154907253991e-07
2.99589841491756198e-09
1.71869334372332267e-07
2.88377958361196307e-09
1.7050920640895623e-07
2.77553293097277666e-09
1.69166617908151783e-07
2.67040830874370932e-09
1.67842051742215904e-07
2.56752510059797653e-09
1.66536735705736121e-07
2.46580522562330863e-09
1.65252645672609474e-07
2.36404089194887358e-09
1.63992490751155813e-07
2.26114666250499014e-09
1.62760283182236919e-07
2.15665070103331424e-09
1.61563545521188843e-07
2.05127686996792017e-09
1.60421007086543609e-07
1.94538581963375672e-09
1.59377111261600902e-07
1.82586437881867132e-09
1.58529718031808536e-07
1.60800118378157582e-09
1.58134750672973526e-07
9.05272818461915209e-10
1.57719160510296384e-07
3.38935853602733449e-10
1.57016833360916172e-07
1.93987075412697874e-10
1.56005327160711606e-07
5.21468629004935386e-10
1.54976358105318805e-07
9.78877598576355262e-10
1.54315058198324547e-07
9.80970767461064331e-10
1.53638310261197831e-07
9.12221187558374183e-10
1.52897298183928643e-07
8.3698577639549621e-10
1.52478964476034872e-07
6.57238552457848128e-10
1.52938043502845384e-07
-1.07095224110356188e-10
1.53122822726428562e-07
-4.72816322733331865e-10
1.53004804467122858e-07
-6.08432259413002625e-10
1.52541413737075132e-07
-5.43364443751422692e-10
1.51565221726322019e-07
-1.99486458221382223e-11
1.50365614324038794e-07
7.53895526206864654e-10
1.49492819222158934e-07
1.07723461514858665e-09
1.49338747883281398e-07
7.05463488230211508e-10
1.49978726162348245e-07
-2.55766380881212713e-10
1.50310369836310452e-07
-6.20910690557622564e-10
1.50247545482956985e-07
-4.92140786362499749e-10
1.5012539224441249e-07
-3.21210990824944573e-10
1.5000950393886969e-07
-2.05439190317340554e-10
1.49950999506187459e-07
-2.06581675226205091e-10
1.50004996544706359e-07
-3.62240045187383939e-10
1.4993977166180203e-07
-5.09519396051610127e-10
1.49343792165148161e-07
-1.77404244533799654e-10
1.48549011816849142e-07
4.5442385691472271e-10
1.48187189985542368e-07
6.15730699855056159e-10
1.47950864415836593e-07
5.83938582708421592e-10
1.47781686232714989e-07
5.14697002270697807e-10
1.47642689552159051e-07
4.17619747844679506e-10
1.47505400642637827e-07
3.71218203227860408e-10
1.47336412084431505e-07
3.39891206935619429e-10
1.47142552915478979e-07
3.21431840949756602e-10
1.46875595180526581e-07
3.66360239633383935e-10
1.46542600868176023e-07
4.33870349205444094e-10
1.46152548815633515e-07
5.21568302349191663e-10
1.45682433294296942e-07
6.32274041465401053e-10
1.4506048226698164e-07
7.50545188052036843e-10
1.44547450566462781e-07
7.60837645918586226e-10
1.4507445953428995e-07
3.05563370764852175e-11
1.45362282336953193e-07
-2.85799757873857917e-10
1.45083579762824729e-07
-4.21843362606508861e-10
1.44266737249146327e-07
1.85309452786862884e-11
1.43203578265130968e-07
8.13031248729499196e-10
1.4256582107568207e-07
1.11685963789966813e-09
9.15528713724782391e-10
2.22917434527640218e-07
5.29674110369933905e-09
2.22736314773015944e-07
5.22027905638957339e-09
2.22512390715071235e-07
5.12650677938452266e-09
2.22249021073707765e-07
4.99975941888561567e-09
2.21952843735118814e-07
4.86199854350557621e-09
2.21626898128394237e-07
4.7291875952225298e-09
2.21272586125932629e-07
4.59948573082475037e-09
2.20892256493029998e-07
4.4676749750884869e-09
2.20488813355050926e-07
4.33460799827214581e-09
2.20064535605911003e-07
4.20413160544170664e-09
2.19621077612951865e-07
4.07816995129910925e-09
2.19159944125207028e-07
3.95657254282669852e-09
2.18682722886241756e-07
3.83894889516990952e-09
2.18190959374639637e-07
3.72542253971970353e-09
2.17686045468341787e-07
3.61610382971112067e-09
2.17169314414588486e-07
3.51059390314837843e-09
2.16642242091284575e-07
3.40803953454695633e-09
2.16106640391531565e-07
3.30735814605441948e-09
2.15564845232256678e-07
3.20725944064391785e-09
2.15019953211236561e-07
3.10608770866144838e-09
2.14476147011814917e-07
3.00166863846625761e-09
2.13939150438748438e-07
2.89125162694027912e-09
2.13416927874513195e-07
2.77152857424730969e-09
2.12921036474091331e-07
2.63852284215094209e-09
2.12469614098560911e-07
2.48646707351435373e-09
2.12092209871237557e-07
2.30410947947495825e-09
2.11825970022066271e-07
2.07124732882281792e-09
2.11642283848919982e-07
1.77168817743330288e-09
2.11098653878316298e-07
1.43263243376047113e-09
2.10327391395281547e-07
1.09718849465135912e-09
2.09570249708834115e-07
9.37090486689038608e-10
2.0922476843310547e-07
8.45890920584324754e-10
2.09272968005347412e-07
9.05068243658275097e-10
2.09319177924642186e-07
9.064592018706294e-10
2.09291858547300419e-07
9.06217338168724011e-10
2.09196674470175838e-07
8.94363266415393986e-10
2.09160880836997212e-07
6.55343016383761829e-10
2.08883262202276685e-07
1.27111639900329574e-10
2.08470667134733399e-07
-1.14338768515346746e-10
2.07961070724053326e-07
-1.66257265673422e-10
2.07215606269360336e-07
1.13938969439254918e-10
2.06608740009369088e-07
4.624775933623067e-10
2.06542111431153352e-07
6.7509521874500352e-10
2.06673182022230577e-07
8.0351089106176695e-10
2.0680568341413489e-07
4.34767329872260913e-10
2.06474306257770097e-07
-8.44341460625992599e-11
2.05892770552289479e-07
-2.44773445352855413e-10
2.05370346260440559e-07
-2.08567438166037241e-10
2.04919214435002524e-07
-1.24518230013981265e-10
2.04543924486221976e-07
-8.89391074682133204e-11
2.04192505537647743e-07
-1.05129642465800774e-10
2.03723112657102551e-07
-1.41387493299834499e-10
2.02966342397541959e-07
-5.25959675497168149e-12
2.02257189638478884e-07
2.63281963236882009e-10
2.02002838868095143e-07
4.08511148409694838e-10
2.01728953749688567e-07
5.50106874941978152e-10
2.01393253021376121e-07
5.36859930833374172e-10
2.01003423642653839e-07
4.92017009924598187e-10
2.00557041567806184e-07
4.46968037783210515e-10
2.00111963870564936e-07
4.12204528730090455e-10
1.99816818677175177e-07
3.87676068120870453e-10
1.99683421990904717e-07
3.7663411776564131e-10
1.99505274920250184e-07
4.30231602278032624e-10
1.9928808115406053e-07
4.98467508553802094e-10
1.99037007649019603e-07
5.67185085570268558e-10
1.98767950300974206e-07
6.50101064829810016e-10
1.98476620101577206e-07
7.60889102156282911e-10
1.98252019372358817e-07
7.21125990357830159e-10
1.9778195822375582e-07
2.82655265108929692e-10
1.97220678191822217e-07
1.24683574657806165e-10
1.96355390139128019e-07
3.31277517965094265e-10
1.95691337752142817e-07
5.93542706866721291e-10
1.9567589492200706e-07
7.63555605223309155e-10
1.95797009451744451e-07
9.48029183431927849e-10
7.95420863369489552e-10
2.2919645795637831e-07
4.75414881518760701e-09
2.29721156261487733e-07
4.69557287707776048e-09
2.30216403341586796e-07
4.63125172286654718e-09
2.30674682010331212e-07
4.54147261987028373e-09
2.3109800990824487e-07
4.43866223564997224e-09
2.31489490333359365e-07
4.33769820244123443e-09
2.31849464888075177e-07
4.23950107837082513e-09
2.32177744320696124e-07
4.1393832008463402e-09
2.3247538328385139e-07
4.03695241003554435e-09
2.32744120463520326e-07
3.9353703465798364e-09
2.32985487184426718e-07
3.8367666517907161e-09
2.33200794417883008e-07
3.74120860615309602e-09
2.33391388174406234e-07
3.6482672803039824e-09
2.33558690874458016e-07
3.55798548285229221e-09
2.33704075432092385e-07
3.47051785046258614e-09
2.33828810940743373e-07
3.38556328803290703e-09
2.33934130467246565e-07
3.30229781212729639e-09
2.34021322298682933e-07
3.21957619921671971e-09
2.34091789706139953e-07
3.13598517735169119e-09
2.34147078874264319e-07
3.04971764970337527e-09
2.34188870676846146e-07
2.95845619025177136e-09
2.34218914318151154e-07
2.85937427492595362e-09
2.34238930980798609e-07
2.74918622183760387e-09
2.34250606686148989e-07
2.623957840919568e-09
2.34255603682597243e-07
2.47796650962161847e-09
2.34255249432236022e-07
2.30030509684898075e-09
2.34252674714834962e-07
2.06903191039022852e-09
2.34266222090608517e-07
1.75295041054298017e-09
2.34345850730465581e-07
1.34776394349065636e-09
2.34403765787157519e-07
1.03403407161251388e-09
2.34437386906404366e-07
8.98271676709930244e-10
2.34290419329509766e-07
9.87068945700609508e-10
2.34111051971270576e-07
1.07795147090668913e-09
2.33951364937495879e-07
1.05905143681436469e-09
2.33904489332955445e-07
9.44397311651987606e-10
2.34038781251706635e-07
7.4940609935755146e-10
2.34204939290881373e-07
4.78860254429831784e-10
2.34208832476754932e-07
1.11279218048064444e-10
2.34114224190430417e-07
-3.44442508751096257e-11
2.33867835933428955e-07
6.13138591976204705e-11
2.33733938462036522e-07
2.18332781134312063e-10
2.33753722608707562e-07
3.97543431891219877e-10
2.33754473676627109e-07
6.10697828289631845e-10
2.33872630386552539e-07
6.19544943220788494e-10
2.33890999391573759e-07
3.4748727420851778e-10
2.33655885463959641e-07
6.8163648623281457e-11
2.3332116300412035e-07
-1.14856586907668664e-11
2.32990039139688815e-07
-1.8020693610382679e-12
2.32679667392578939e-07
3.35349648319542935e-11
2.32364941576457008e-07
4.40394322364768805e-11
2.32017784423920817e-07
3.26634573238521947e-11
2.31549558968242108e-07
9.62922650136590977e-11
2.31105889921007219e-07
1.89494372107905711e-10
2.30775911448971027e-07
3.25321231863283906e-10
2.30358299050667926e-07
5.54722172245349381e-10
2.29985235418079061e-07
6.35928375557080287e-10
2.29558688667520862e-07
6.18741807792954816e-10
2.29041477250487444e-07
5.54584867752234441e-10
2.28407722538883751e-07
4.96841244238093219e-10
2.27638437448392415e-07
4.61381204984823153e-10
2.26979431698411394e-07
4.6079354504580765e-10
2.26686610259269253e-07
4.51766159861465485e-10
2.26435745659677311e-07
5.11214139555168397e-10
2.26181316688949587e-07
5.78071264892420302e-10
2.25886752610281511e-07
6.3792269320641137e-10
2.25562120308137911e-07
6.83854765237265799e-10
2.25277316814921526e-07
6.72422293802321187e-10
2.24988235181537195e-07
5.77548310162592333e-10
2.24378463245325502e-07
4.0355650961735986e-10
2.23783119785237177e-07
3.20436318899351954e-10
2.23405079345488199e-07
4.02334838252359372e-10
2.23151661352561159e-07
6.02302755833783218e-10
2.22879579831402545e-07
8.59557495916092897e-10
2.22771034282247148e-07
9.29097617672844158e-10
8.36200727140282263e-10
2.29816232663490482e-07
4.00581077199708052e-09
2.30554226002480047e-07
3.95757167962803761e-09
2.31279757628056887e-07
3.90571217465105636e-09
2.31982849354226745e-07
3.83837290241406949e-09
2.32660756099393264e-07
3.76074742258939373e-09
2.33315404969127987e-07
3.68304116238963662e-09
2.33947438396565233e-07
3.60745931444511755e-09
2.34556009040007807e-07
3.53080392077255892e-09
2.35140954894040198e-07
3.45199739049998749e-09
2.35703101894307205e-07
3.37321326501651853e-09
2.36243365455285695e-07
3.29649146197424019e-09
2.3676241627582454e-07
3.22214361829104299e-09
2.37260914777794279e-07
3.14975057100610605e-09
2.37739685086770775e-07
3.07919073234768637e-09
2.38199640224170942e-07
3.0105289387442817e-09
2.38641678729964971e-07
2.94347741654671237e-09
2.39066704173074392e-07
2.87720571922884577e-09
2.3947568806004283e-07
2.81049894961998231e-09
2.39869741758379094e-07
2.74180193056240661e-09
2.40250193981515266e-07
2.66908781337771707e-09
2.40618715346398032e-07
2.58969451813384109e-09
2.40977527310591848e-07
2.50024162276028539e-09
2.41329664118473231e-07
2.39662691773887507e-09
2.41678950761609179e-07
2.27412325804818716e-09
2.42028483225184669e-07
2.12773911800148629e-09
2.42374573242822413e-07
1.95335137806414138e-09
2.42691413287323636e-07
1.7511474003358681e-09
2.42910855151958585e-07
1.53231021507675603e-09
2.42936901598684699e-07
1.32039069065801246e-09
2.4283633694114955e-07
1.13309120188470748e-09
2.42714191286330637e-07
1.01867509750373242e-09
2.42769067600077103e-07
9.30136798002601876e-10
2.42997115032668746e-07
8.47511806469930119e-10
2.43282580508085706e-07
7.70820063230431656e-10
2.43552032231938896e-07
6.71679809636024072e-10
2.43710139276707642e-07
5.8724646672170891e-10
2.43746232081063209e-07
4.37796749719462808e-10
2.43624577069048684e-07
2.27136079978729738e-10
2.43471877406264294e-07
1.1068220992238295e-10
2.43398617787190316e-07
1.2340043474654905e-10
2.43383686347354424e-07
2.16631920944003772e-10
2.43412431495994712e-07
3.44256153842336996e-10
2.43570709112057093e-07
4.16616579620158167e-10
2.43759562737167486e-07
3.89672606101093751e-10
2.43809216423321523e-07
2.53034132900962265e-10
2.43746425446131404e-07
7.88418816929182546e-11
2.4363556521466836e-07
3.63814489619284154e-11
2.43492459606581832e-07
6.35296266820800564e-11
2.43351556418543806e-07
7.8591431072672976e-11
2.43173943693972012e-07
1.04008944106060952e-10
2.42930399333856961e-07
1.33045605372823626e-10
2.42674476257666072e-07
1.79650445438925e-10
2.42381176075378952e-07
2.76152037601270948e-10
2.42071867531636675e-07
4.047550543558818e-10
2.41893761029029237e-07
4.97104776282972063e-10
2.4174138022488367e-07
5.43510392116696766e-10
2.4151107175467985e-07
5.49338787736590109e-10
2.41131643471373855e-07
5.18839953588202092e-10
2.40552644507982046e-07
5.05577482230434587e-10
2.39715324879830655e-07
5.10172396849805005e-10
2.38915637349956506e-07
4.67055505891013905e-10
2.38605695446139868e-07
4.86661798421947435e-10
2.38380103357093206e-07
5.26583143016327632e-10
2.3819654344572251e-07
5.55580042689387025e-10
2.38002333938021153e-07
5.85293757586001338e-10
2.37752593648438454e-07
6.16343487842261942e-10
2.37399267441736718e-07
6.33167229261769595e-10
2.36887956960033094e-07
6.07700497114760765e-10
2.36173492093290241e-07
5.33006288686567591e-10
2.35420539453654273e-07
5.06933404597481812e-10
2.34775229599795008e-07
6.00472280948863966e-10
2.34265083685817799e-07
7.39722617386497308e-10
2.34057919278430729e-07
7.92369621665240602e-10
2.34008881811412042e-07
7.78938229738683796e-10
6.98848343153081872e-10
2.29010223529565897e-07
3.20104834926022686e-09
2.2980796393630179e-07
3.15982339909270095e-09
2.30595386997846375e-07
3.1182811820880487e-09
2.31365969205600495e-07
3.06778271065646977e-09
2.32117076082287475e-07
3.0096325044218731e-09
2.32849994193972267e-07
2.95011497033811532e-09
2.33565621637407053e-07
2.89182374498507775e-09
2.34263302196467964e-07
2.83311516910988544e-09
2.34942469324738053e-07
2.77282197688221242e-09
2.35603392697758943e-07
2.71228146482294021e-09
2.36246738176746911e-07
2.65313733940790571e-09
2.36873077586498339e-07
2.59579522020702705e-09
2.37482919679928362e-07
2.53989894252022589e-09
2.38076871032328922e-07
2.48522899006725636e-09
2.3865561681430092e-07
2.43177144966481547e-09
2.39219793771541861e-07
2.37928676931742736e-09
2.39769894964690345e-07
2.32708790563564916e-09
2.4030624820495657e-07
2.27412484436537543e-09
2.40828964004427726e-07
2.21905928259616889e-09
2.41337800482273908e-07
2.16021620027306332e-09
2.41831911703199592e-07
2.09553685764578158e-09
2.42309467248934595e-07
2.02262448656720225e-09
2.42767188074843368e-07
1.9388240474942356e-09
2.43199874859459212e-07
1.84132621705663992e-09
2.43600184008759661e-07
1.72728314678185179e-09
2.43960265259945336e-07
1.59308357123023349e-09
2.44278692392973029e-07
1.43249171207386386e-09
2.4457117123536556e-07
1.23954552615510039e-09
2.44862400555205223e-07
1.02878755064210781e-09
2.45134326128118175e-07
8.60658475582297963e-10
2.45381142298333532e-07
7.71180272134934944e-10
2.45574681217425557e-07
7.35662029666618262e-10
2.4568131509422317e-07
7.39622389060317109e-10
2.45754871586152968e-07
6.95672969789266674e-10
2.45801381287174157e-07
6.23057864737806203e-10
2.45908520434114644e-07
4.77218591312546888e-10
2.46033958059900791e-07
3.08516755478786878e-10
2.46106382565421839e-07
1.49660946268538829e-10
2.46129626455130457e-07
8.01534189226327942e-11
2.46148439695911224e-07
9.38604570986513677e-11
2.46202124115362125e-07
1.4698422022418771e-10
2.46314447513997881e-07
2.0846614082164512e-10
2.46427418076104078e-07
2.70182838360855876e-10
2.46506313500778393e-07
2.74461924377670764e-10
2.46524475644347327e-07
1.95386085618920437e-10
2.4645046142904677e-07
1.07253506714793714e-10
2.4635952945043521e-07
7.25932648027423775e-11
2.46281492827256864e-07
7.54314005299488582e-11
2.4619683465062996e-07
8.30607104628965568e-11
2.4610810490413115e-07
9.53225608950818444e-11
2.46002337191002343e-07
1.19922458772628563e-10
2.45864431264517787e-07
1.72480111166191004e-10
2.45714878489686113e-07
2.50238538269293175e-10
2.45583901294882737e-07
3.41301438557292119e-10
2.45439457911119773e-07
4.35750167727814372e-10
2.45248078763850624e-07
4.95893725217974684e-10
2.44962750501140863e-07
5.08573358946750108e-10
2.44529674804687774e-07
5.04659173021377293e-10
2.43919312144897501e-07
4.91685885940223794e-10
2.43000060055471339e-07
4.90066026921323344e-10
2.42330182384730728e-07
4.37956189732897684e-10
2.42077282507134132e-07
5.25364702274330698e-10
2.41837463549940332e-07
5.41353557352247628e-10
2.41598479522388652e-07
5.55076236629216785e-10
2.41328352939892066e-07
5.72627430652401531e-10
2.41017271415290484e-07
5.72414817992149093e-10
2.40675595194098993e-07
5.51796753148402848e-10
2.40247686694162844e-07
5.25680867160540768e-10
2.39631217897301391e-07
5.09170514069456376e-10
2.39040072656747576e-07
5.1761547329200906e-10
2.38580090015530103e-07
5.80139726910985573e-10
2.38260228848995335e-07
6.52554925424114426e-10
2.38029181999857796e-07
7.20100020895811696e-10
2.37850949112575023e-07
7.33467973902522847e-10
6.77519751339543497e-10
2.28399032779802291e-07
2.39998647254117566e-09
2.2919001670506703e-07
2.36883155561666312e-09
2.29972299435760086e-07
2.3359905080235937e-09
2.30741804112893232e-07
2.29827004317428941e-09
2.31495714548133726e-07
2.25571400336096789e-09
2.32234205138752165e-07
2.21161630446586491e-09
2.32957916795634724e-07
2.1681039924363304e-09
2.33666515401380073e-07
2.12450842999405296e-09
2.34359340969924594e-07
2.07998823052813222e-09
2.35036449538511707e-07
2.03516466592581469e-09
2.35698395509361993e-07
1.99118307724967556e-09
2.36345717068304919e-07
1.94846529116156042e-09
2.36978831774889129e-07
1.90677575487728085e-09
2.37598171332788067e-07
1.86588078458158005e-09
2.38204216530885334e-07
1.82571734894354143e-09
2.38797401907563658e-07
1.78609209898290309e-09
2.39378023017741256e-07
1.74645689745084631e-09
2.39946211505985608e-07
1.70592550698068403e-09
2.40501940455803953e-07
1.66331810406856355e-09
2.41045051275509852e-07
1.61709116895049566e-09
2.41575322307133506e-07
1.565248848169416e-09
2.42092679821184727e-07
1.50524613666800825e-09
2.42597716558927014e-07
1.43376038773536549e-09
2.43092094215734118e-07
1.34691225732192335e-09
2.43576158648549729e-07
1.24316978348980181e-09
2.4404114310508669e-07
1.12803358855302614e-09
2.44459434350059465e-07
1.01410975717574926e-09
2.44789426183819007e-07
9.09425862793566251e-10
2.45003241699669425e-07
8.14788915129428393e-10
2.4513437633937515e-07
7.29257567259255796e-10
2.45248529918112048e-07
6.5663489775211502e-10
2.45378492368963131e-07
6.05118598854880466e-10
2.45589846610410258e-07
5.27404446044122076e-10
2.45828228069384495e-07
4.56008473478502065e-10
2.4607441735854832e-07
3.74967685878943275e-10
2.46233391933714561e-07
3.15434642933386617e-10
2.46291436388551203e-07
2.46315808417218417e-10
2.46269605574402837e-07
1.65535446623291318e-10
2.46233322352182147e-07
1.07566179248109019e-10
2.46210852118753648e-07
1.02786301504192102e-10
2.46238524198820132e-07
9.80154243726526429e-11
2.46292006119966853e-07
1.24403761760669189e-10
2.46367030514918609e-07
1.64160494406634692e-10
2.46441828492637951e-07
1.68813583044821728e-10
2.46477979789392933e-07
1.24850543144647287e-10
2.46464000545910249e-07
7.79475154698918569e-11
2.4642898289747903e-07
5.36037956902493676e-11
2.46386686826356417e-07
5.2103919707357239e-11
2.46335947086121581e-07
5.49264929036662513e-11
2.4626497133283166e-07
7.11571923073148884e-11
2.46165147833505154e-07
1.04698755784246536e-10
2.4604610066176291e-07
1.55073918296986831e-10
2.45915154210678023e-07
2.22880785569771639e-10
2.45782444287251365e-07
2.99523644231963235e-10
2.45645637243629315e-07
3.66850922755527159e-10
2.45449906115647255e-07
4.10739722972923015e-10
2.45133599733156042e-07
4.37392313661840093e-10
2.44642513323607888e-07
4.59358190641650625e-10
2.43906552377255985e-07
4.96985092218296781e-10
2.42961161560453143e-07
4.3548023948169102e-10
2.42555085217189552e-07
4.46095956955897006e-10
2.42312115850278407e-07
4.94540335655276634e-10
2.42106008922359389e-07
5.10582258787050004e-10
2.41887283949000251e-07
5.0824533570335155e-10
2.41643682579143956e-07
4.99327505638055508e-10
2.41360944542574758e-07
4.70609550659850611e-10
2.41013943326909582e-07
4.57688041823974252e-10
2.40530853914280237e-07
4.85269990620893325e-10
2.39858297682527444e-07
5.37653501261958921e-10
2.39222427387813198e-07
5.87606402114171066e-10
2.38695863947092488e-07
6.39377575693263143e-10
2.38277339128845036e-07
6.73655160634650164e-10
2.38024731171328156e-07
6.74168346538119322e-10
2.37918832075258269e-07
6.1816654440965222e-10
5.333584902918652e-10
2.27817817108835032e-07
1.59464341511346933e-09
2.28613617008872669e-07
1.5730236116243184e-09
2.29398548493409109e-07
1.55105108682696457e-09
2.30170427391871895e-07
1.52638317142213411e-09
2.30927314792344518e-07
1.49881844830095481e-09
2.31669033999297253e-07
1.46988903255829675e-09
2.32395917902517445e-07
1.44121202034782814e-09
2.33108008725139878e-07
1.41240949377352505e-09
2.33804935133790916e-07
1.38305366200633367e-09
2.34486719339854964e-07
1.35337225520844855e-09
2.35153799291458956e-07
1.32409487723896991e-09
2.35806678055373202e-07
1.2955782338140243e-09
2.36445756083802939e-07
1.26768937567180528e-09
2.37071400408054245e-07
1.24022803165561738e-09
2.37683997936730919e-07
1.21311127422865693e-09
2.38283883407460134e-07
1.18619790185020435e-09
2.38871219380298201e-07
1.15911190835851981e-09
2.39445910495635324e-07
1.1312249174396067e-09
2.40007551325033012e-07
1.1016670749594521e-09
2.4055535903575525e-07
1.06927214013596077e-09
2.41087893491137897e-07
1.03270162034101879e-09
2.41602333379535703e-07
9.90791186451978102e-10
2.42094007326617118e-07
9.42067764124779949e-10
2.42558822130577684e-07
8.82073114645050756e-10
2.42995000813183247e-07
8.06957952732839867e-10
2.43400431287368577e-07
7.22556288255029463e-10
2.43764774639510471e-07
6.49698426437309709e-10
2.44095113357267568e-07
5.78986976798520557e-10
2.44410167239145432e-07
4.99585080764376234e-10
2.4470605249043758e-07
4.33144880714016039e-10
2.4496812211326193e-07
3.94217288217598903e-10
2.45204977794206467e-07
3.67726270160175575e-10
2.45383918184956012e-07
3.47629559950481941e-10
2.45510825511278624e-07
3.27792710523018017e-10
2.45581299555777446e-07
3.02421608505072577e-10
2.45653063938589082e-07
2.4034785390602258e-10
2.45735737902625437e-07
1.5823836416357737e-10
2.45808664161265147e-07
8.37941484630278986e-11
2.45867781775849848e-07
3.46910676407186581e-11
2.45916138407460422e-07
3.50653116369737159e-11
2.45993461098093512e-07
1.92357514297321762e-12
2.46100885142548334e-07
-6.30529043703131932e-12
2.46170458080384863e-07
6.24488439040754637e-11
2.46180518139507304e-07
1.02199620391674421e-10
2.46178833068502201e-07
1.06678349603474537e-10
2.46132640399862962e-07
8.79027686294463538e-11
2.46074987009674828e-07
6.68981377749260625e-11
2.46016993784713477e-07
5.16305930282818287e-11
2.45963561831967686e-07
3.3110184956242158e-11
2.45897488978429242e-07
4.39821855473373406e-11
2.45817197409207397e-07
7.41176213426420574e-11
2.45722801795792538e-07
1.23289032120802883e-10
2.45613108390289262e-07
1.88147554170797533e-10
2.4548048882296871e-07
2.60788084129818905e-10
2.45279402062689793e-07
3.32913720867215397e-10
2.44973179986656793e-07
3.90550718239289624e-10
2.4452641352061074e-07
4.28554245812168342e-10
2.43892839665438636e-07
4.47412045137353361e-10
2.42941565703978813e-07
4.70614585779421318e-10
2.42170539538121144e-07
4.34611081875982158e-10
2.4191151852691916e-07
4.40610475155883053e-10
2.41719040714960534e-07
4.57454383324313334e-10
2.41514701894346623e-07
4.80114343018423525e-10
2.41278366066752446e-07
4.71877292086041819e-10
2.40998954408933443e-07
4.40861315828006068e-10
2.4072298112520996e-07
3.52602342396507447e-10
2.40451546292755136e-07
2.78990659641472035e-10
2.40090819573122961e-07
3.17474335460631827e-10
2.39554107445190108e-07
4.44260438209853841e-10
2.39045959910053647e-07
5.54636447300081824e-10
2.38610533064721912e-07
6.23527119542394699e-10
2.38260567006504931e-07
6.33323278781342072e-10
2.38051234290960417e-07
5.85763800827679943e-10
2.37930752805272862e-07
5.18114758256671561e-10
4.38821275339081168e-10
2.27598317289124065e-07
7.9875088353854936e-10
2.28382913225354191e-07
7.88419973689653105e-10
2.29156832496153696e-07
7.77124019785107286e-10
2.29918630190767189e-07
7.64577650983216485e-10
2.30666741956083751e-07
7.50698859604177318e-10
2.31400511630804913e-07
7.36111387155219522e-10
2.32120209656272029e-07
7.21505988323313839e-10
2.3282576553111326e-07
7.06845527359359005e-10
2.33516954101077743e-07
6.9185694229732204e-10
2.34193595144109553e-07
6.76723015276490916e-10
2.34855941639663923e-07
6.61740143879046148e-10
2.35504417505838805e-07
6.47094087607306776e-10
2.36139400806654082e-07
6.32697747492519022e-10
2.36761205342150662e-07
6.18415104632197999e-10
2.37370126982299974e-07
6.04181149070229171e-10
2.37966393257948344e-07
5.89922994946709167e-10
2.38550035003811274e-07
5.75461297914130079e-10
2.39120773646052607e-07
5.60477037086335763e-10
2.39677973966783122e-07
5.44456919445903585e-10
2.40220838932989678e-07
5.26396385496563023e-10
2.40748452113231554e-07
5.05076344690702621e-10
2.41259008602719137e-07
4.80220558788030822e-10
2.41747730292443924e-07
4.53328735185123667e-10
2.42220158632015856e-07
4.09622369011876705e-10
2.42686306396349803e-07
3.40779669002883779e-10
2.431573735496407e-07
2.51445437311370238e-10
2.43571209527740643e-07
2.35796990152613359e-10
2.43902694058659664e-07
2.47404217065204158e-10
2.4414720142563801e-07
2.54926382194787965e-10
2.44323990423967229e-07
2.56117682855399811e-10
2.44477960661260134e-07
2.39866952072283352e-10
2.44637647406556584e-07
2.07426759822398964e-10
2.44822234701994538e-07
1.6204685842721478e-10
2.45030298146111847e-07
1.18102083032602683e-10
2.45243792824305236e-07
8.62477632530436554e-11
2.45408003923096645e-07
7.16715614959949688e-11
2.45495926065235208e-07
6.28214935452364482e-11
2.45519976859004338e-07
4.75271204179644967e-11
2.45511231842193687e-07
2.94809633628505868e-11
2.45536040716618138e-07
-2.71908146062947382e-12
2.45480641605105668e-07
4.21860618418021279e-11
2.45390091438659214e-07
6.00954699489422381e-11
2.45431682915476182e-07
-1.41000332615762181e-11
2.45529399342080972e-07
-4.35049999459695407e-11
2.45626818757461974e-07
-5.91377468222238553e-11
2.45750569134256085e-07
-6.28946862764654671e-11
2.4583000776708484e-07
-5.12305742649051814e-11
2.4586337988404038e-07
-3.00976014116784296e-11
2.45822528205363163e-07
9.15825621907335879e-12
2.45725128563948527e-07
5.710423921526724e-11
2.45591635232422948e-07
1.04647442460819675e-10
2.45438616286238176e-07
1.56587305855633907e-10
2.45268579800533173e-07
2.13128772280989952e-10
2.45066855223948295e-07
2.73794505831126834e-10
2.44801044489483926e-07
3.28775814955730427e-10
2.44440199145184853e-07
3.73979619219874795e-10
2.43930670568782819e-07
4.08172440001655457e-10
2.43214022150013449e-07
4.30246377971667775e-10
2.42281010725305082e-07
3.77628843815865147e-10
2.41775368010898632e-07
3.45501338347633282e-10
2.41679387227834106e-07
3.75902938612945634e-10
2.41619686349585362e-07
2.94337418528748359e-10
2.41505140028805151e-07
3.55692986718489539e-10
2.41441863332283672e-07
2.54701164717393515e-10
2.41295696974402431e-07
2.40590045053766417e-10
2.41105229096580468e-07
1.46869323176032625e-10
2.40892538962476527e-07
4.3271921136387194e-11
2.40518085957358751e-07
1.70815221252622341e-10
2.39975153374622558e-07
3.93010325483546801e-10
2.39511035227729256e-07
5.09905977656433264e-10
2.39144701488622936e-07
5.54653827939449092e-10
2.38878264710185439e-07
5.10523431708038617e-10
2.38730958566603528e-07
4.24727464708984283e-10
2.38675573078733405e-07
3.4287549020900877e-10
2.65644218507598677e-10
2.27385440316323106e-07
-6.86374687040418484e-15
2.28174212151624129e-07
-3.59799698537808644e-13
2.28951469047093977e-07
-1.40592274357662534e-13
2.29716115126289288e-07
-7.61389461991916368e-14
2.30467134636189855e-07
-3.2865084405157741e-13
2.31203274017168349e-07
-3.5970735020226492e-14
2.31924888366251459e-07
-1.16264230104896801e-13
2.32631785668560725e-07
-5.98719246304643081e-14
2.3332383651738164e-07
-2.02056616705725344e-13
2.3400117106599733e-07
-6.19726965161247926e-13
2.34664045298521854e-07
-1.14232279852420894e-12
2.35312952507067217e-07
-1.82139416915930209e-12
2.35948328104371891e-07
-2.68616793010629868e-12
2.36570483588857317e-07
-3.74875507695936737e-12
2.3717967829641241e-07
-5.02201995988326181e-12
2.3777608831157641e-07
-6.49561598397637846e-12
2.38359649052052632e-07
-8.10825114526125531e-12
2.38929839847893726e-07
-9.72290965905075098e-12
2.39485305641477743e-07
-1.10185711877909033e-11
2.40023065105179418e-07
-1.13736373693557643e-11
2.40538560059966994e-07
-1.04305091298726597e-11
2.41026629968510901e-07
-7.86333164892124654e-12
2.41484010041692183e-07
-4.06858275314206938e-12
2.41892922914186423e-07
6.8709117725932583e-13
2.42222469257895345e-07
1.12027357000113866e-11
2.42457741952395137e-07
1.61291575051504676e-11
2.42692198255116944e-07
1.27628110931114374e-12
2.42962327012287348e-07
-2.28273121625160259e-11
2.43265608705395046e-07
-4.85211941420582748e-11
2.43597713308146139e-07
-7.62560086084146563e-11
2.43933864642671931e-07
-9.6724508338779957e-11
2.44246839531635996e-07
-1.06272886557517158e-10
2.44518669652719841e-07
-1.10981226639610259e-10
2.44749589997962846e-07
-1.1479915771518972e-10
2.44952370294905427e-07
-1.19838971952141085e-10
2.45141525773380478e-07
-1.23366459159630311e-10
2.4531903174810353e-07
-1.25678485799930049e-10
2.45487246737291013e-07
-1.27819067429932903e-10
2.45612483580552194e-07
-1.03865178638411012e-10
2.4570622346790397e-07
-1.0671636803488468e-10
2.45750074579024408e-07
-1.85017396349602749e-11
2.4575927848427232e-07
2.49358015787017469e-11
2.45758969189485152e-07
-5.09860144898134773e-11
2.45764147972681345e-07
-9.80380540031532442e-11
2.45769309114669776e-07
-1.26712928510285734e-10
2.45755470657316232e-07
-1.30673680534848888e-10
2.45772089194521398e-07
-9.96973172337382459e-11
2.45763395076823326e-07
-6.31697764881154925e-11
2.45717416492457335e-07
3.81894439402608061e-12
2.45647980554915011e-07
5.74305444081377704e-11
2.45558248724944722e-07
1.05144614323889392e-10
2.45457426096726619e-07
1.47301338665800397e-10
2.45335486317043832e-07
1.9149686117772229e-10
2.4516587665254464e-07
2.41714137074391702e-10
2.44910939980628313e-07
2.98807009345525076e-10
2.44536398357608312e-07
3.44405281988601613e-10
2.44000372374461289e-07
3.61944441501396683e-10
2.43202021237865148e-07
3.72644121407589692e-10
2.42446390251879208e-07
3.15375801779183664e-10
2.42121755296961877e-07
3.62561605975272104e-10
2.41837075637814199e-07
4.34042240947121525e-10
2.41652293183410165e-07
2.63868203772186148e-10
2.41836576659002771e-07
-7.40659517007025042e-11
2.41826384860477108e-07
-3.30661620773619404e-11
2.41406208880898011e-07
2.78594025034509466e-10
2.40629713510280834e-07
4.7459793605288139e-10
2.39624849511185057e-07
5.3511322994950108e-10
2.38991827773818498e-07
2.1311777579006406e-10
2.39006750044736876e-07
-1.89456721701341159e-10
2.39367619721624211e-07
-3.36986585334407128e-10
2.3987554991271469e-07
-3.62878185601614842e-10
2.40312278800771307e-07
-2.9583644611372556e-10
2.4063393420890917e-07
-2.04221682771547206e-10
2.40783555368931759e-07
-4.27008861110415198e-11
7.42233530234519857e-11
2.27379806496743133e-07
-7.98861581392305627e-10
2.28167901180369413e-07
-7.88462205942681583e-10
2.2894502080423217e-07
-7.77268271921738457e-10
2.29709685934102858e-07
-7.64749431446124312e-10
2.30460206549800503e-07
-7.50857239641481042e-10
2.3119659090462732e-07
-7.36428421937595211e-10
2.31918553444586068e-07
-7.220870664911743e-10
2.32626319591604683e-07
-7.07834170818111912e-10
2.33319550219199007e-07
-6.93440861391680862e-10
2.33997934132134573e-07
-6.79011844843828263e-10
2.34661763179273386e-07
-6.64979607101150437e-10
2.35311489013918084e-07
-6.5155549907873833e-10
2.35947506359544096e-07
-6.38711824011903106e-10
2.36570126729518204e-07
-6.26377488786604467e-10
2.37179624242076692e-07
-6.1452797315394362e-10
2.37776214776640969e-07
-6.03094712004721354e-10
2.38359943983511108e-07
-5.91846213018652181e-10
2.38930573225989181e-07
-5.80361223421119138e-10
2.39487587501094121e-07
-5.68042428074390126e-10
2.40030355027582122e-07
-5.54151568669085583e-10
2.40557947464701382e-07
-5.38034671187890577e-10
2.41069630008540483e-07
-5.19559716347423746e-10
2.41564324556605006e-07
-4.98780362255542921e-10
2.42035212778101099e-07
-4.70223831108558977e-10
2.4246503550893648e-07
-4.1865157504448896e-10
2.42834069539976994e-07
-3.52950922328562249e-10
2.43163930985623767e-07
-3.28654848165786231e-10
2.43480356707786688e-07
-3.39362530342823872e-10
2.43778589256469764e-07
-3.46930320634738221e-10
2.44050572865199503e-07
-3.48528084478278147e-10
2.44292551377212374e-07
-3.39178902907359189e-10
2.44505785057382955e-07
-3.20295788725982037e-10
2.44685176424094706e-07
-2.91681306753087188e-10
2.44823205154321962e-07
-2.55011094985761119e-10
2.44918114478157444e-07
-2.18635255972879755e-10
2.4499381277096016e-07
-2.07025793207245918e-10
2.45068923001789431e-07
-2.048638855827249e-10
2.45133550371400639e-07
-1.97583172436293312e-10
2.45198254420016075e-07
-1.76196618436302459e-10
2.45231382987302626e-07
-1.52516919316421496e-10
2.45345934828021906e-07
-1.52307030124696437e-10
2.45505544620602738e-07
-1.62637407784017788e-10
2.45591262413414113e-07
-1.75179529100001602e-10
2.45618777414862241e-07
-1.7576374724294356e-10
2.45587878350102271e-07
-1.57948726055405859e-10
2.45517275412409601e-07
-1.32976216517971739e-10
2.45437976660734161e-07
-1.10577190590139769e-10
2.4541620355482196e-07
-7.10759575097020508e-11
2.4541958179523974e-07
-4.46295204611646616e-11
2.45434476448096502e-07
-1.42320612855919191e-11
2.45450793602151099e-07
1.27813285940948849e-11
2.45457178065266598e-07
4.10182732998372451e-11
2.4543204033462469e-07
7.61011039791180888e-11
2.45353109484569614e-07
1.14246880662674941e-10
2.45167264416311286e-07
1.86814974378270096e-10
2.44842416251820768e-07
2.47358442600408975e-10
2.44346563777416805e-07
2.67246755979844293e-10
2.43671023158401159e-07
1.88046348241260148e-10
2.43346694944176393e-07
7.62606448238249867e-11
2.43441452233849426e-07
9.74364524315849957e-11
2.43581807115938857e-07
1.094835445269788e-10
2.43545706958154321e-07
7.34097933959434533e-11
2.43494424861247351e-07
-2.6390112050444055e-10
2.43173858275336892e-07
-3.42858076025623878e-11
2.42882699121266172e-07
1.27093018359747047e-10
2.42536412579053277e-07
2.88951161382320875e-10
2.42064065360318406e-07
4.04913572744776125e-10
2.41404727327138655e-07
2.04311971438174551e-10
2.40852421489848243e-07
-2.18153919137533031e-10
2.40402333831337004e-07
-3.84757661930640006e-10
2.40082248051857546e-07
-4.62383829242054002e-10
2.39840420139374398e-07
-4.2657718757558086e-10
2.39654445551074007e-07
-3.29078688069754003e-10
2.3963540578729865e-07
-2.644415408436701e-10
-2.22864677698870552e-10
2.27596333857707454e-07
-1.59469311224917957e-09
2.28380791985702585e-07
-1.57292830760848414e-09
2.29154598863860462e-07
-1.55108313269214044e-09
2.2991631042509597e-07
-1.52646904823417589e-09
2.30664249654312421e-07
-1.4988046284168315e-09
2.31397931081827227e-07
-1.47011795261072104e-09
2.32117415319765297e-07
-1.44157946171541271e-09
2.3282282630083963e-07
-1.41325330657139769e-09
2.33513803371370593e-07
-1.38442610794514479e-09
2.34190218893547951e-07
-1.35543556960110718e-09
2.34852293671347112e-07
-1.32706261716537803e-09
2.35500433859480064e-07
-1.29970395181784912e-09
2.36135001385749518e-07
-1.27328765120353262e-09
2.36756305980327929e-07
-1.24769043155086554e-09
2.37364665284250424e-07
-1.22289569492435117e-09
2.37960360087585354e-07
-1.19879804097750579e-09
2.38543518548500017e-07
-1.1750133776446694e-09
2.39114036375223159e-07
-1.15088804382090224e-09
2.39671585778023486e-07
-1.12560130988599214e-09
2.4021566990360673e-07
-1.09824597117778033e-09
2.40745550435291965e-07
-1.06792679246457494e-09
2.41259787850534422e-07
-1.03381087614402164e-09
2.41755602176870534e-07
-9.94611976582165884e-10
2.42231316842310926e-07
-9.45961617962498732e-10
2.42695993044776378e-07
-8.83360558679992262e-10
2.43151957434337381e-07
-8.08964236697228632e-10
2.43559570571144384e-07
-7.36344108283811646e-10
2.43886106364408243e-07
-6.66018990663899596e-10
2.44135003370790413e-07
-5.96022898913762932e-10
2.44328983070281058e-07
-5.42830835258469926e-10
2.44501427298827652e-07
-5.12164227962342968e-10
2.4466601651557353e-07
-4.85800041098823924e-10
2.44844042742655683e-07
-4.71238081959109603e-10
2.45030977546672803e-07
-4.44368485043465301e-10
2.45222254461277353e-07
-4.1350687736316194e-10
2.45364772038396183e-07
-3.52892746885202916e-10
2.45435511537012458e-07
-2.79073100188756003e-10
2.45441397150543634e-07
-2.08658069385682392e-10
2.45420828773725762e-07
-1.63863795968751014e-10
2.45408461063935795e-07
-1.53152377878755897e-10
2.4540244545917782e-07
-1.66457554133068865e-10
2.45396586206830534e-07
-1.86340124286903738e-10
2.45384103638920551e-07
-2.03705654050152063e-10
2.45360182743167061e-07
-2.052471377769948e-10
2.4531668570719307e-07
-1.80247197672082001e-10
2.45250943485384854e-07
-1.45056160870945699e-10
2.45174430810497604e-07
-1.17839416950500914e-10
2.45142959174179538e-07
-1.02244787187676661e-10
2.45156398451372333e-07
-1.05435122320351659e-10
2.45210785055418823e-07
-1.20470736468414374e-10
2.45289477915396133e-07
-1.34894448947659618e-10
2.45374407842715704e-07
-1.38843316180287876e-10
2.45434221986373686e-07
-1.27915941969963708e-10
2.45416404152808994e-07
-8.45752454242179182e-11
2.45272981727366977e-07
1.20210591587639333e-11
2.44958310688395007e-07
9.8200837921358401e-11
2.44376497283151699e-07
1.61397328082127521e-10
2.43790257414360703e-07
1.28348224255613192e-10
2.4348767335497398e-07
1.31517871481966187e-10
2.43387114273318604e-07
9.77406676361536129e-12
2.43444545032296504e-07
-1.30715653908470786e-10
2.4344362436755108e-07
-1.22766530610816537e-10
2.42903999101273098e-07
1.99918507396893075e-12
2.42555562065319281e-07
-7.8128535358454279e-11
2.42434732720694589e-07
-2.8192307360391821e-10
2.42504203719256923e-07
-4.225480261771463e-10
2.42696017337725933e-07
-5.19100337974679559e-10
2.42683293791787481e-07
-4.49077579866988983e-10
2.42282933652768821e-07
-3.97298883576014324e-10
2.41747646987392224e-07
-3.52489554385072147e-10
2.4116455785091663e-07
-3.04942171988440483e-10
2.40625745392985623e-07
-2.54800428142560808e-10
2.40192123471183472e-07
-1.98010432202503236e-10
2.39860767484980633e-07
-1.67312721329422639e-10
-1.51901469500019412e-10
2.278173138712753e-07
-2.39989510734056831e-09
2.28613103889622915e-07
-2.36872595358496345e-09
2.29397921574722898e-07
-2.33590865983402236e-09
2.30169647842584905e-07
-2.29820322326990706e-09
2.30926488128681387e-07
-2.25565274005283613e-09
2.31668038475008175e-07
-2.21167630739235516e-09
2.32394783300710743e-07
-2.16833238044792032e-09
2.3310658060237019e-07
-2.12505874152446768e-09
2.3380312232898655e-07
-2.08097599932687594e-09
2.34484416418424083e-07
-2.03673785580565344e-09
2.35150887435997477e-07
-1.99354186031442183e-09
2.35803037771148098e-07
-1.95186254326082338e-09
2.36441277528794296e-07
-1.91153569940666673e-09
2.37065999571358461e-07
-1.87242080960363462e-09
2.37677648763611729e-07
-1.83455328770953131e-09
2.38276652102746226e-07
-1.79780988206460941e-09
2.3886328337093601e-07
-1.76165331481812138e-09
2.39437560622228095e-07
-1.7251742449503844e-09
2.39999176644350834e-07
-1.6872267537929463e-09
2.4054736535492633e-07
-1.64644489554154371e-09
2.41080534635542284e-07
-1.60110761588912102e-09
2.41595542683501029e-07
-1.54883268619203301e-09
2.42087243187882466e-07
-1.48632995168449165e-09
2.4255097100332332e-07
-1.40971309439093111e-09
2.42984567132563058e-07
-1.3169907088680365e-09
2.43387111294280858e-07
-1.21155979432327808e-09
2.43754307294384821e-07
-1.10362063391946265e-09
2.44090773471365744e-07
-1.00261432691319002e-09
2.44405849460595427e-07
-9.11309850578458552e-10
2.44692587588580924e-07
-8.29917679156448521e-10
2.44947678544904634e-07
-7.67833104993668555e-10
2.45170685297548554e-07
-7.09753830747081152e-10
2.45326549558048985e-07
-6.28619955019599479e-10
2.45429265368871707e-07
-5.49512832547721136e-10
2.45477591421805303e-07
-4.64266472975031982e-10
2.45528727287569105e-07
-4.06541920300476455e-10
2.45588443702223911e-07
-3.42257202886081859e-10
2.45639552148258543e-07
-2.65027905023687959e-10
2.456687693993928e-07
-2.01818523129225581e-10
2.45681110229773109e-07
-1.79144364685639076e-10
2.45690262164848251e-07
-1.9631965373602032e-10
2.45700648111019501e-07
-2.27882100048489292e-10
2.45694264757070777e-07
-2.40137298278675534e-10
2.45647123310257871e-07
-2.13055235121031265e-10
2.45550616739717932e-07
-1.50300637960297948e-10
2.4541762045361868e-07
-8.88795791752149906e-11
2.4528250455498193e-07
-6.98094775829012572e-11
2.45163428455007042e-07
-8.75803212518358556e-11
2.45125474648795122e-07
-1.10875367417733541e-10
2.45121034202859791e-07
-1.65942357360227032e-10
2.45144012298644473e-07
-2.20982079384768891e-10
2.45195059203725157e-07
-2.77431164724091385e-10
2.45233522237138571e-07
-3.1168605720625767e-10
2.45203279501809564e-07
-2.82993783992085572e-10
2.45068486864491008e-07
-1.98170068527779604e-10
2.44804044938436882e-07
-1.29268400973714511e-10
2.44346587739891851e-07
-7.01212255796201139e-11
2.44303683109781667e-07
-1.02989682716986631e-10
2.44334830874177934e-07
-9.05143605148573136e-11
2.44349672950957817e-07
-1.82811409638744209e-10
2.44306112783181195e-07
-2.68422729010352741e-10
2.44231529912822894e-07
-2.76014176392442599e-10
2.4411719629734333e-07
-2.03660177276480871e-10
2.43848182671588997e-07
-2.95108914218394509e-10
2.43306160001335049e-07
-4.22205047902898062e-10
2.42592145322008895e-07
-5.2906074293040573e-10
2.41881538622738424e-07
-5.57573965208207824e-10
2.41304849881955729e-07
-5.27995087471676945e-10
2.4082426357542867e-07
-4.82354667988331403e-10
2.40421952137157311e-07
-4.37351174838013383e-10
2.40083569740907229e-07
-3.75914912978348686e-10
2.39777530974019896e-07
-2.93020689956638479e-10
2.3949784174994894e-07
-2.01281527855234661e-10
2.39249597872323335e-07
-1.39953789958912953e-10
-1.27301090897341179e-10
2.28398758143030488e-07
-3.20088643590874273e-09
2.2918967304495967e-07
-3.15964860755751614e-09
2.29971850971399196e-07
-3.11809441864078775e-09
2.30741223532977644e-07
-3.06758367290711621e-09
2.31494998135653877e-07
-3.00943525438470124e-09
2.32233287400106701e-07
-2.94997356889518395e-09
2.32956739587828496e-07
-2.89179263501699096e-09
2.33664958691952836e-07
-2.83328596266156409e-09
2.34357274104775302e-07
-2.77329956716460878e-09
2.35033731069532977e-07
-2.71320301104957398e-09
2.35694870495095945e-07
-2.65468950683656743e-09
2.36341221370788401e-07
-2.59822167562258769e-09
2.36973200370618655e-07
-2.54352299360344504e-09
2.37591267809840143e-07
-2.49049659408825285e-09
2.38195984564081584e-07
-2.43927846024859305e-09
2.38787911211059622e-07
-2.38974506304466227e-09
2.39367477412022725e-07
-2.34122823635553425e-09
2.39934915491717443e-07
-2.29262135874416917e-09
2.40490250241649512e-07
-2.24257105527535756e-09
2.41033334126309665e-07
-2.18953919044907158e-09
2.41563935802359511e-07
-2.13172112169312475e-09
2.42081945638462594e-07
-2.06685670218211219e-09
2.42587579681783817e-07
-1.99198206235855213e-09
2.43081033681529451e-07
-1.90319153404944523e-09
2.43559753557408238e-07
-1.79574554651797407e-09
2.44012302528065074e-07
-1.66416108786443707e-09
2.44411218595812478e-07
-1.50261761183633768e-09
2.4471939927844178e-07
-1.31092298281671945e-09
2.44923375348472755e-07
-1.11549154622244845e-09
2.45069140302772735e-07
-9.76015927251027125e-10
2.45191802878566991e-07
-8.9103855997392639e-10
2.45358418380408002e-07
-8.77268298913011973e-10
2.45573660141853809e-07
-8.45418930203343383e-10
2.4579914909301118e-07
-7.7755336447538134e-10
2.46017504104282382e-07
-6.85042342801509697e-10
2.46153675093791542e-07
-5.44889855946405714e-10
2.46190669173431638e-07
-3.82144018679514518e-10
2.46131292962652967e-07
-2.1045455614587524e-10
2.46035524628674803e-07
-1.13561056364087756e-10
2.45953886954989483e-07
-1.08996076707306588e-10
2.45887705459362617e-07
-1.47599209478672762e-10
2.45838992141726697e-07
-2.05396545247814883e-10
2.45811453995461686e-07
-2.51549289612646535e-10
2.45791631581387341e-07
-2.46449715819578341e-10
2.4573425826975374e-07
-1.5942804873244837e-10
2.45636325323498431e-07
-6.8851839019963043e-11
2.45522796119711771e-07
-4.35554630788576812e-11
2.45400134257444094e-07
-6.39088954516998524e-11
2.45282183782672963e-07
-1.13115257859562758e-10
2.45245102250486247e-07
-1.8685838800058509e-10
2.45257474284942846e-07
-2.91192834518655039e-10
2.45298803501258804e-07
-3.97382268967161511e-10
2.45331948475527962e-07
-4.88711715857018309e-10
2.4531002207530265e-07
-4.93650945407249572e-10
2.45145361154462865e-07
-3.96850866590651109e-10
2.44754923474159391e-07
-2.70735579560143912e-10
2.44360577734712541e-07
-2.09721926108536786e-10
2.44281251323343339e-07
-1.49722704551276624e-10
2.4422649368799123e-07
-2.1688559099987014e-10
2.44197000047487472e-07
-3.3486162110628929e-10
2.44169507961854252e-07
-4.44890341811022736e-10
2.4408867179032664e-07
-4.86885909112844285e-10
2.4394439183830093e-07
-4.87905828628910248e-10
2.43585572598757377e-07
-5.30214849589090346e-10
2.42973844675684196e-07
-6.16183651815274491e-10
2.42336200060054971e-07
-6.54023732057522181e-10
2.41755741421195628e-07
-6.65430265307871649e-10
2.41274618901621956e-07
-6.55099956302877654e-10
2.40882065070403946e-07
-6.22227573704744848e-10
2.40545774732498306e-07
-5.61941601059122386e-10
2.40236586681686229e-07
-4.61559171823469389e-10
2.39936684966144737e-07
-3.2636041705693647e-10
2.39637313977627416e-07
-1.80597394030626372e-10
2.3937125941910721e-07
-9.58702443591450582e-11
-8.37882519386991583e-11
2.29009984678264232e-07
-4.00559227101228626e-09
2.29807647811193533e-07
-3.95731953471450175e-09
2.30594965127572122e-07
-3.9054195792426253e-09
2.31365410503541697e-07
-3.83803694329601833e-09
2.32116343199688929e-07
-3.76037588992517933e-09
2.32849019138686914e-07
-3.68265751162992181e-09
2.3356431414806304e-07
-3.60709570774239477e-09
2.34261533901946289e-07
-3.53051383136391696e-09
2.349400864710755e-07
-3.45186030053090292e-09
2.35600224316532782e-07
-3.37334907197703066e-09
2.36242595559449426e-07
-3.29706902458391013e-09
2.36867744923131338e-07
-3.2233793913332109e-09
2.37476154509164056e-07
-3.15194104258470269e-09
2.38068453688774119e-07
-3.08280440243621637e-09
2.38645427007679748e-07
-3.01626066643091291e-09
2.39207866214028997e-07
-2.95219356237538484e-09
2.39756388307900339e-07
-2.88976025840437405e-09
2.40291330133034197e-07
-2.82757410033627503e-09
2.40812713567889472e-07
-2.76396692688045592e-09
2.41320209963551127e-07
-2.69705031033359806e-09
2.41812850301542122e-07
-2.62437959371065326e-09
2.42288514987396885e-07
-2.5425447575558185e-09
2.42743783549617524e-07
-2.44728214873335499e-09
2.43174283047705635e-07
-2.33373370489122557e-09
2.4357439397709089e-07
-2.19591625613088987e-09
2.4393763054168046e-07
-2.02748374190241349e-09
2.44263221930871609e-07
-1.82833520477544999e-09
2.44564876001194813e-07
-1.61276912789660487e-09
2.4485398201956849e-07
-1.40493144643639309e-09
2.45107999302818299e-07
-1.23059061641694812e-09
2.45357617607377633e-07
-1.14135672150985768e-09
2.4551104826037308e-07
-1.03154779587139778e-09
2.45612637773347034e-07
-9.479203458066212e-10
2.45659415353957373e-07
-8.25519723520476502e-10
2.45693972183689716e-07
-7.21123929068478431e-10
2.45776844289395114e-07
-6.29823312973989508e-10
2.45887400986927617e-07
-4.95643713017163246e-10
2.45952926651653497e-07
-2.80258191736416067e-10
2.45964704612983057e-07
-1.31367603226175426e-10
2.45954141110999527e-07
-1.07429936961434546e-10
2.45955008447046689e-07
-1.61588264709388453e-10
2.46008306704019547e-07
-2.7755391568064216e-10
2.46085745830545953e-07
-3.55773492708741819e-10
2.46131669235882913e-07
-3.29858234975565118e-10
2.46094966911449608e-07
-1.74850553441406243e-10
2.45972711928374645e-07
-8.5743015136106907e-12
2.45828746136498171e-07
3.23547894334721953e-11
2.45699515401496129e-07
-1.80466348141406148e-11
2.45571222786343441e-07
-9.47966071559607664e-11
2.45415868853923166e-07
-1.76057183831538814e-10
2.45240834178092276e-07
-3.06884654469596886e-10
2.45106936947558928e-07
-4.51824649952923632e-10
2.45093472106124574e-07
-5.66259968145007707e-10
2.45028879281810377e-07
-5.90541387286935374e-10
2.44836443632028061e-07
-5.13454589665441213e-10
2.44544411661859003e-07
-3.18507596178165142e-10
2.44196880602354974e-07
-1.66397209473502248e-10
2.43927142230818434e-07
-1.50075903667782011e-10
2.43713876851238394e-07
-2.55179119369384488e-10
2.43525303981638413e-07
-3.98462436156729501e-10
2.43307255896329862e-07
-5.22446100086644985e-10
2.42997325923710687e-07
-5.90171331937530967e-10
2.42567990822249976e-07
-6.13449731952673287e-10
2.41975238582458167e-07
-6.68565401992012608e-10
2.41360700975075725e-07
-7.22477930065084073e-10
2.40787817105397471e-07
-7.56883913887608487e-10
2.40280921740005025e-07
-7.71814131052935612e-10
2.39849192709490044e-07
-7.69943325701058891e-10
2.3949442494069874e-07
-7.51805950420458246e-10
2.39225806620973497e-07
-7.13666574921929579e-10
2.39027050027692455e-07
-6.31252070721190636e-10
2.38862302882719129e-07
-4.71514148091474543e-10
2.38693247813310026e-07
-2.78863309096000434e-10
2.38533594010151869e-07
-1.54545759562008855e-10
-1.08788748658244787e-10
2.29816054748897651e-07
-4.75388799250581706e-09
2.30553985064274832e-07
-4.69525766202144423e-09
2.3127942882701386e-07
-4.63087120119357502e-09
2.31982401595510052e-07
-4.54101762139592213e-09
2.32660144461353925e-07
-4.43812672508915771e-09
2.3331455928490743e-07
-4.33708037230364576e-09
2.33946259098786259e-07
-4.23880364325888023e-09
2.34554359131198709e-07
-4.13862208987343757e-09
2.35138661945100847e-07
-4.03617148986892408e-09
2.35699970965169926e-07
-3.93466669556738953e-09
2.36239182517501026e-07
-3.83628954967958834e-09
2.36756920442768958e-07
-3.74112688669672731e-09
2.37253762610949908e-07
-3.64879375600706846e-09
2.37730518024434569e-07
-3.55957192942401145e-09
2.38188206812177721e-07
-3.47396405114645156e-09
2.38627970722624726e-07
-3.39197592613500724e-09
2.3905096623614148e-07
-3.31278006012292697e-09
2.39458194850568319e-07
-3.23483581621842012e-09
2.39850501594271101e-07
-3.15631982376641734e-09
2.40229022425590355e-07
-3.07563591762392158e-09
2.40595698412272941e-07
-2.99114847111333916e-09
2.40953227995362343e-07
-2.90023536141172177e-09
2.41304468694029394e-07
-2.79883976998121001e-09
2.41652381539369727e-07
-2.68181034199339746e-09
2.41997674622093398e-07
-2.5414789337604923e-09
2.42332632518520952e-07
-2.3628473918890999e-09
2.42624711634114409e-07
-2.12108890131112948e-09
2.42800434683000533e-07
-1.78945957239908629e-09
2.42792190608772766e-07
-1.39782891717990334e-09
2.42696688877408686e-07
-1.13598446776007938e-09
2.42629639604902131e-07
-1.07565090286928438e-09
2.42784450738465138e-07
-1.18770273927984244e-09
2.43011156873139417e-07
-1.17590747421819102e-09
2.43284230570191965e-07
-1.10011902666343294e-09
2.43503586707351247e-07
-9.42357592626185181e-10
2.43644393610953778e-07
-7.72974156933051681e-10
2.43691517110661338e-07
-5.46028746606067338e-10
2.43578760442525021e-07
-1.71743323821675162e-10
2.43407136045936417e-07
3.49910235375251257e-11
2.43302937238268596e-07
-1.08897848310462622e-11
2.43259042027336177e-07
-1.29152001065815375e-10
2.43270135346750454e-07
-3.04461384426171696e-10
2.43402876158696942e-07
-5.10656932794532864e-10
2.43611322708003104e-07
-5.68840619199415254e-10
2.43711196569830987e-07
-3.16193217930336715e-10
2.4367499122672606e-07
-2.65747255299434753e-11
2.43558380142795029e-07
8.52055566391839555e-11
2.43396572256013248e-07
7.05927074126492889e-11
2.43198259503070382e-07
1.15209668669193931e-11
2.43020694060129854e-07
-1.18482721411882852e-10
2.42822105173956122e-07
-2.66601225808172692e-10
2.42612752901219978e-07
-4.33705265218619488e-10
2.42446033065889383e-07
-6.49170249759610271e-10
2.42281272240006076e-07
-7.33426271627588025e-10
2.42002482123986274e-07
-5.47065190980372219e-10
2.4157106217878335e-07
-1.90067102865036162e-10
2.41050400208201677e-07
7.604388614429845e-11
2.40467781323689385e-07
1.73090577197349174e-10
2.39924854173152883e-07
8.21201328838154769e-12
2.39458762376423623e-07
-2.81491282179507116e-10
2.39003614758666172e-07
-5.30116339334266284e-10
2.38490957300769532e-07
-6.51879964735166005e-10
2.37944941715180809e-07
-7.02452355300870337e-10
2.37361313126958064e-07
-7.27531537467968406e-10
2.3679674086804795e-07
-7.70039362244346249e-10
2.36288308531466942e-07
-8.12069518476817317e-10
2.35856095412340474e-07
-8.49499085269877364e-10
2.35510585740240701e-07
-8.79896416914384506e-10
2.35246648941621734e-07
-8.904699205048189e-10
2.35040322264896818e-07
-8.56242699231656915e-10
2.34847327642627016e-07
-7.44161534303690999e-10
2.34655776393197156e-07
-5.38530912593409662e-10
2.34366661829043964e-07
-2.19080265197075082e-10
2.34086684763814967e-07
-6.52587455064742835e-11
-4.65382718178437778e-11
2.29196413757352433e-07
-5.29647200944997997e-09
2.29721095078304222e-07
-5.21994681621593971e-09
2.30216314760635113e-07
-5.12609878474488693e-09
2.30674550715755839e-07
-4.99926157796739304e-09
2.31097809331310708e-07
-4.86139349584524154e-09
2.31489174342347435e-07
-4.72845378562251333e-09
2.31848960026493802e-07
-4.59859815476671808e-09
2.32176943640087902e-07
-4.46661528010031105e-09
2.32474139220626932e-07
-4.33337797292941716e-09
2.3274226142020222e-07
-4.20280212888215699e-09
2.32982825160235092e-07
-4.07687055793174305e-09
2.33197084231506685e-07
-3.95541000161615674e-09
2.33386214422204372e-07
-3.8379590378350265e-09
2.33551594738038927e-07
-3.72500509949315028e-09
2.3369460452920879e-07
-3.61705489757466503e-09
2.33816675855141456e-07
-3.51417280767364136e-09
2.33919309048510901e-07
-3.4156082115391226e-09
2.34003775672183523e-07
-3.31960876393499964e-09
2.34071138852281828e-07
-3.22415412647167503e-09
2.34122681977608283e-07
-3.12787598564367965e-09
2.34160013065343478e-07
-3.02918778855744399e-09
2.3418444705722206e-07
-2.92560818042693433e-09
2.34197514376497093e-07
-2.81313942345874155e-09
2.34204511269828431e-07
-2.69061080708362148e-09
2.34210892236008668e-07
-2.55051116151586877e-09
2.34215524056345298e-07
-2.37121779695612272e-09
2.34223172893890314e-07
-2.13360273207980929e-09
2.34252219688387963e-07
-1.82207310523374446e-09
2.34321227569419514e-07
-1.47035465808079423e-09
2.3434291926406045e-07
-1.16248476065999439e-09
2.34301682987981917e-07
-1.03891803718027666e-09
2.34113981065021649e-07
-1.00365763767951691e-09
2.33990255204483327e-07
-1.05622372425410441e-09
2.33839274525849563e-07
-9.53733573855082229e-10
2.33783703867755587e-07
-8.915751700589687e-10
2.33877206659248817e-07
-8.72983468108879281e-10
2.34059688564575517e-07
-7.35733529896995965e-10
2.34120048102257493e-07
-2.39012398154781557e-10
2.34095289052254173e-07
5.03979917136219933e-11
2.33895883896132712e-07
1.76595275283561788e-10
2.33731447054166987e-07
1.74090108344895174e-11
2.33743765669474592e-07
-3.42630078328506396e-10
2.33826379758801248e-07
-6.28849277718010577e-10
2.33967259265376832e-07
-7.58861310361494107e-10
2.34062752182752252e-07
-4.66584888168233993e-10
2.33879938968481657e-07
8.41175261486821958e-11
2.33611443830207146e-07
2.6653876090975583e-10
2.33329018464767293e-07
2.51177959881077087e-10
2.33022865664928535e-07
1.88586639065778459e-10
2.32599234177943337e-07
1.33246354428327725e-10
2.32145975336010117e-07
-4.54547574663807096e-11
2.31796356219823884e-07
-3.49276185057013859e-10
2.3143040620491865e-07
-5.72807517343442798e-10
2.3114841210644426e-07
-7.50143344905698585e-10
2.30955315408968044e-07
-6.41805158596109403e-10
2.30635572813990123e-07
-1.58393382190713013e-10
2.30002212584108519e-07
3.99665715116566721e-10
2.29229555243038921e-07
5.95214904824651242e-10
2.28407381769060012e-07
4.21721074342142741e-10
2.27695163103955358e-07
-4.74751260519566469e-11
2.26996832034797917e-07
-3.60938453603287379e-10
2.26341931502694431e-07
-5.48245464750277695e-10
2.25706387994805386e-07
-6.13647997507306453e-10
2.2512264194122467e-07
-6.62345325927667084e-10
2.24582139168693249e-07
-7.09644767290173366e-10
2.24089194396767945e-07
-7.53807641121106771e-10
2.23644744285472721e-07
-7.91174102843218529e-10
2.23250691915164951e-07
-8.2319599689478443e-10
2.22924624955971819e-07
-8.56734322178004613e-10
2.22722204329593543e-07
-9.05609563971796264e-10
2.22681251856646313e-07
-9.16519260715723264e-10
2.2259270659728108e-07
-6.21672170028657914e-10
2.2234842616603787e-07
-1.18212836421425316e-10
2.22131364302033727e-07
3.46363417611382899e-11
5.55644631730962264e-11
2.22917671400187289e-07
-5.15283058706319928e-09
2.22736624385908903e-07
-5.03890778217258363e-09
2.22512788448798581e-07
-4.90227111296063249e-09
2.22249522764911549e-07
-4.73600476188176712e-09
2.21953463182893645e-07
-4.5653440296487988e-09
2.21627642315843077e-07
-4.40264533593787919e-09
2.21273446138660196e-07
-4.24441878254165931e-09
2.20893192819304503e-07
-4.08638697258267535e-09
2.20489759706527423e-07
-3.92998493365356738e-09
2.20065430136859405e-07
-3.7785400197484657e-09
2.19621917606376431e-07
-3.63347417651199554e-09
2.19160715921101622e-07
-3.49440706341689768e-09
2.18682978728399736e-07
-3.36055344259940966e-09
2.18190193576051261e-07
-3.23276591077690331e-09
2.17683508432594941e-07
-3.11126348778897921e-09
2.17164894545529411e-07
-2.99704132302524136e-09
2.16637280028505801e-07
-2.88969645355847326e-09
2.16101018115757107e-07
-2.78564695272233996e-09
2.1555699202276356e-07
-2.6834560024247465e-09
2.1500831185814081e-07
-2.58429217455922962e-09
2.14458753705393533e-07
-2.48569440777923422e-09
2.13912420926453302e-07
-2.38737033705320801e-09
2.1337721182524537e-07
-2.28970113384145027e-09
2.12871305423064789e-07
-2.19519279116500858e-09
2.12409193996447063e-07
-2.10282439424882965e-09
2.1202149424966297e-07
-2.00401596921126251e-09
2.11740544917023521e-07
-1.8793052123253062e-09
2.11485723888847172e-07
-1.59051753038157817e-09
2.1084689387577176e-07
-8.45378298786420066e-10
2.09963904696310273e-07
-2.87897491251117288e-10
2.0933120351757655e-07
-4.16790987585432009e-10
2.09215651831852598e-07
-9.04984143031059165e-10
2.09227462007546117e-07
-1.08743307124212549e-09
2.09229307665838785e-07
-9.73331343626173443e-10
2.09173276559185461e-07
-8.5290710101950694e-10
2.09046767021123712e-07
-7.65435606385774295e-10
2.08985076431857339e-07
-6.98632621162901153e-10
2.08779299520320341e-07
-6.77572130114375111e-11
2.0844963787251519e-07
3.43511551089418904e-10
2.07987075459224209e-07
5.93304884335688308e-10
2.07350870809790781e-07
5.9153810516124629e-10
2.06680311326199282e-07
2.4085425286676808e-10
2.0648632987113555e-07
-5.62826679500047701e-10
2.0664794959072971e-07
-1.05880317995193833e-09
2.06843840052328714e-07
-7.99911090992212324e-10
2.06582825796136105e-07
1.78995894536967549e-10
2.06059127367490184e-07
5.90769256003587743e-10
2.05560119232792133e-07
5.24250295417928036e-10
2.05116951732472116e-07
3.63102800629040178e-10
2.04619010560905083e-07
3.28170278276741735e-10
2.0388845095729784e-07
3.89870597489282472e-10
2.03098161336787485e-07
1.51273648520775101e-10
2.02726759245387866e-07
-5.11698554730711223e-10
2.02555819638897559e-07
-9.08725301281573438e-10
2.02430244768823806e-07
-8.42028661308414506e-10
2.02226866966061979e-07
-2.71917823914169633e-10
2.01628220326023922e-07
6.80719852030573572e-10
2.00859758859488311e-07
1.03141858646805094e-09
2.00003738594501163e-07
9.22656454500583939e-10
1.99313851146132158e-07
2.72902322095442625e-10
1.99124205923745657e-07
-5.35193082101847283e-10
1.98874378878285293e-07
-6.41242026329347254e-10
1.98612723091924629e-07
-6.65109953832806794e-10
1.98297322770181299e-07
-6.29801967090807568e-10
1.97939264748914836e-07
-5.99783278471432372e-10
1.97585058251563178e-07
-6.1122220762061942e-10
1.97257314596797529e-07
-6.41554301696186939e-10
1.9695986292808962e-07
-6.76947763804892858e-10
1.96700197649763931e-07
-7.24267352805686421e-10
1.96485427477558356e-07
-7.93558743066587318e-10
1.96334677327045175e-07
-8.45739817597167853e-10
1.96232392169236653e-07
-5.81318506213456457e-10
1.95979507314587584e-07
8.74182216509028866e-11
1.95632761459580088e-07
3.51576408569638947e-10
3.20128451228610518e-10
1.96331223141117067e-07
-3.54741537840383614e-09
1.94697544278187008e-07
-3.40523840254554703e-09
1.93050295936570666e-07
-3.25503483494418372e-09
1.91411483864044913e-07
-3.09721071316043539e-09
1.89788830743616602e-07
-2.94272206965181804e-09
1.88181319552381103e-07
-2.79519240407097815e-09
1.86589501383290742e-07
-2.65270932017159645e-09
1.85017181837293726e-07
-2.51427369199528572e-09
1.83467654999373862e-07
-2.38085126066479465e-09
1.81941836764650645e-07
-2.2534844566991589e-09
1.80439354947138245e-07
-2.13244225552278347e-09
1.78960489715780013e-07
-2.01807065371358356e-09
1.77505275420783858e-07
-1.90877249090066521e-09
1.76072473196388783e-07
-1.80480552384294174e-09
1.74659588334555453e-07
-1.70554684256156386e-09
1.73263811063301086e-07
-1.6119643075615049e-09
1.7188109198701675e-07
-1.52313825528152054e-09
1.70510026604044154e-07
-1.44004132869390255e-09
1.69155144546352372e-07
-1.36096726177310869e-09
1.67822206643059114e-07
-1.28593711865915222e-09
1.66509830580052151e-07
-1.21098401575567218e-09
1.65216333011109504e-07
-1.13448260620579226e-09
1.63928848177668274e-07
-1.06004161009282303e-09
1.62649567094665999e-07
-9.90546441925211921e-10
1.61386249851806153e-07
-9.43283959758481185e-10
1.60150992747903768e-07
-9.25110513785519199e-10
1.59140356849145688e-07
-9.1618516336386703e-10
1.58393553525275123e-07
-8.77761501341289327e-10
1.5803381728371564e-07
-5.1087102499177796e-10
1.57591699501613116e-07
1.24415955245040514e-10
1.56681884592988658e-07
4.57886158186881323e-10
1.55577519028690376e-07
1.46835762453701486e-10
1.54789268450030554e-07
-3.78365680049339354e-10
1.54172122334173508e-07
-4.42037892052466002e-10
1.5355912580071153e-07
-3.15454217171216543e-10
1.52821378187513623e-07
-1.25972612267900886e-10
1.5216410599370395e-07
-1.77498242693547091e-10
1.52514421809908582e-07
-5.5507100920431375e-10
1.52743661301752307e-07
-5.19327083808718052e-11
1.52649445529001462e-07
4.85413808780775581e-10
1.52297743961441184e-07
6.95615199492767516e-10
1.51391822000236507e-07
8.52937142560091975e-10
1.50041860309315239e-07
4.64225675008007755e-10
1.48986813843044871e-07
-2.75709260925367865e-10
1.48727756605612406e-07
-7.22832253439846571e-10
1.49346527119101222e-07
-5.99046088228377929e-10
1.49660434752831678e-07
7.97004120584902501e-11
1.49562679259734687e-07
4.06144300711035336e-10
1.49384085318407758e-07
3.40929522690031845e-10
1.49274105091560821e-07
2.59808728872795534e-10
1.4910210378023099e-07
3.90645235832621818e-10
1.48496306209072725e-07
5.79164554923201469e-10
1.47511833366513837e-07
2.69236223471949336e-10
1.46696525382800716e-07
-3.11901150295500899e-10
1.46312680035779941e-07
-6.40748396239269142e-10
1.46832330112336507e-07
-9.109559936369457e-10
1.47833276357152203e-07
-4.23438463005601084e-10
1.48399558075956108e-07
3.46200773496898875e-10
1.48498843144019978e-07
6.79555556492260944e-10
1.4797856476020692e-07
6.57789289849858758e-10
1.47292830823024208e-07
3.55371983194898768e-11
1.47077756426146938e-07
-5.20424550758915103e-10
1.46863763341768687e-07
-5.28007680064243938e-10
1.46646610258088918e-07
-4.75183875607541621e-10
1.46388278001280267e-07
-3.91994013102176417e-10
1.46068227445172576e-07
-3.31547395443145919e-10
1.45696313019319611e-07
-3.01453128825474888e-10
1.45269236857244417e-07
-2.74285426804623009e-10
1.44753699353811135e-07
-2.26055175621427196e-10
1.44108911455468282e-07
-1.57084485072124914e-10
1.43420968724643662e-07
-1.64508205512344401e-10
1.43241583630324017e-07
-4.07972887418463027e-10
1.43648958125934977e-07
-3.25589385206992343e-10
1.4377739804248105e-07
2.18011172223951483e-10
3.13066785341366669e-10
1.14465884855104354e-07
1.11060624676618485e-07
1.07805546108393311e-07
1.04708239872532339e-07
1.01765305687313337e-07
9.89696488311497684e-08
9.63159497714380102e-08
9.37996851802052289e-08
9.14154557067366942e-08
8.91555603991258685e-08
8.70105837297090838e-08
8.49687358812810201e-08
8.3028664216692833e-08
8.11853872488793991e-08
7.94280211164740166e-08
7.77450050566450808e-08
7.6125209795390598e-08
7.45559677831379653e-08
7.30255301265318039e-08
7.15587241578248073e-08
7.01646206291271881e-08
6.88507903832906852e-08
6.7616066512889596e-08
6.64595941341056415e-08
6.54144263301159003e-08
6.43718669723887207e-08
6.33182700825351269e-08
6.22770058021059631e-08
6.15794100044158508e-08
6.15110281110815911e-08
6.17774111946928455e-08
6.17573030248084856e-08
6.12448467414802946e-08
6.06830626880249459e-08
6.02574818313475706e-08
6.00262306384276564e-08
5.97472156521875609e-08
5.90976697848164197e-08
5.89559844967536324e-08
5.93397325037716356e-08
5.99248569270135926e-08
6.06655170908187836e-08
6.10363066874392904e-08
6.06902037980099936e-08
5.99066112189012658e-08
5.9250858232269358e-08
5.92748109646507499e-08
5.96239657226365608e-08
5.99124862132256984e-08
6.01238473444025678e-08
6.04657468724027606e-08
6.09960922788353337e-08
6.12251029944789172e-08
6.0882831216740166e-08
6.02182112396127049e-08
5.92873920262557641e-08
5.88456019120953064e-08
5.9172287860921036e-08
5.98321047037554013e-08
6.04734344998679053e-08
6.04979752593981148e-08
5.99693714517004974e-08
5.9435119113754001e-08
5.89551776351750329e-08
5.85596006594556758e-08
5.82253985364906524e-08
5.79220183812545256e-08
5.76463662186872539e-08
5.74193546418992888e-08
5.72615648752510427e-08
5.70964647378978337e-08
5.66880023058637611e-08
5.63620757153201771e-08
5.65797692316621713e-08
)
;

boundaryField
{
    reactingWall
    {
        type            calculated;
        value           uniform 0;
    }
    inertWall
    {
        type            calculated;
        value           uniform 0;
    }
    inlet
    {
        type            calculated;
        value           nonuniform List<scalar> 
20
(
-2.13293564138218238e-07
-2.13293502200519192e-07
-2.13293499899033028e-07
-2.1329347410564166e-07
-2.13293471564238866e-07
-2.13293459318206403e-07
-2.13293457603298098e-07
-2.13293451767235056e-07
-2.13293451452838052e-07
-2.13293449308246133e-07
-2.13293449367523272e-07
-2.13293451474071765e-07
-2.13293451767259197e-07
-2.13293457601824287e-07
-2.13293459316203911e-07
-2.13293471562235553e-07
-2.13293474103646341e-07
-2.1329349989708337e-07
-2.13293502198585575e-07
-2.1329356413626273e-07
)
;
    }
    outlet
    {
        type            calculated;
        value           nonuniform List<scalar> 
20
(
5.73493989566765984e-08
1.42224316333904515e-07
1.95880590861667321e-07
2.22632354591734112e-07
2.33993222709571816e-07
2.37699897814683132e-07
2.37893349841743141e-07
2.37857842720718253e-07
2.38673228317009772e-07
2.40792646456015371e-07
2.39746699121010253e-07
2.39609312750785816e-07
2.39054041015784149e-07
2.39154469369687297e-07
2.3838708772891693e-07
2.33877338261194553e-07
2.21948573566670452e-07
1.95358063796448495e-07
1.43780832812950679e-07
5.68925816454990077e-08
)
;
    }
    defaultFaces
    {
        type            empty;
        value           nonuniform List<scalar> 0();
    }
}


// ************************************************************************* //
