/*--------------------------------*- C++ -*----------------------------------*\
  =========                 |
  \\      /  F ield         | OpenFOAM: The Open Source CFD Toolbox
   \\    /   O peration     | Website:  https://openfoam.org
    \\  /    A nd           | Version:  8
     \\/     M anipulation  |
\*---------------------------------------------------------------------------*/
FoamFile
{
    version     2.0;
    format      ascii;
    class       volScalarField;
    location    "0.3";
    object      CH3COCH3;
}
// * * * * * * * * * * * * * * * * * * * * * * * * * * * * * * * * * * * * * //

dimensions      [0 0 0 0 0 0 0];

internalField   nonuniform List<scalar> 
1800
(
3.11530052326180122e-70
1.93105839950630968e-68
1.10500667856882364e-66
6.01910970399887153e-65
3.12485968314575771e-63
1.53785192105316291e-61
7.10065351346901928e-60
3.04290272400716275e-58
1.1979379282717637e-56
4.28001118437468263e-55
1.36367239325460362e-53
3.77276052741741546e-52
8.67611234775282889e-51
1.53891510922247228e-49
1.81508307928057464e-48
1.49545043017621624e-68
9.01758113432533619e-67
5.03996874582006323e-65
2.68459965678916781e-63
1.36136349256159905e-61
6.55873846141522229e-60
2.97845887693542114e-58
1.26195260252366668e-56
4.93981751523030895e-55
1.7661195230484259e-53
5.66971622747433068e-52
1.59150634751111856e-50
3.73424469487009785e-49
6.7782073565486667e-48
8.19051261219356165e-47
7.87178362956209948e-67
4.88071858013773443e-65
2.79682638006130101e-63
1.52743199461549735e-61
7.92223919126357905e-60
3.89509332641067464e-58
1.80435982875386038e-56
7.802494767176871e-55
3.12012417992917418e-53
1.14100289926075289e-51
3.75196596311332351e-50
1.08073095307890049e-48
2.60447476639780085e-47
4.84775387477359559e-46
5.9829146197832138e-45
4.01989146299315877e-65
2.59154177698184526e-63
1.54038352113796033e-61
8.72061778377816776e-60
4.68259279702411507e-58
2.37854446255803783e-56
1.13701920378681804e-54
5.07317663228084782e-53
2.09428501541914498e-51
7.90930778881654883e-50
2.68654902690058987e-48
8.00088604518235525e-47
1.99450451247763677e-45
3.83241929704592635e-44
4.86118753528440021e-43
1.96630701673566782e-63
1.32043361274466979e-61
8.16561067269750926e-60
4.80784715885382277e-58
2.68381372212199293e-56
1.41528258477019098e-54
7.01547495025609652e-53
3.24490151086096719e-51
1.38945851551795416e-49
5.44353167500293695e-48
1.91704037871266099e-46
5.92468337205281862e-45
1.53460563793272123e-43
3.06018945575153461e-42
4.01583277771220452e-41
9.22220486850395477e-62
6.47041404620414291e-60
4.17922069368122393e-58
2.56714380612374286e-56
1.49357886689275217e-54
8.19520959658132566e-53
4.22034486554087188e-51
2.0268646876168599e-49
9.01890426499005281e-48
3.67118416467746625e-46
1.34108321777464053e-44
4.30462474756035946e-43
1.16140588934805676e-41
2.41311991561735155e-40
3.29537363992926706e-39
4.13504022794133193e-60
3.0399874075368247e-58
2.05678705293593809e-56
1.32154206880163641e-54
8.03151672335412521e-53
4.59331027475119303e-51
2.4613838271407051e-49
1.22922061612107934e-47
5.69435779536511752e-46
2.41224194724886705e-44
9.13747171773761533e-43
3.04638337120940299e-41
8.58623224549754133e-40
1.86760769990729768e-38
2.66898895042666873e-37
1.76216795293221815e-58
1.36355097201565313e-56
9.70645706139773085e-55
6.54968558231309878e-53
4.17171619548538766e-51
2.49275608220985038e-49
1.39312936706556202e-47
7.24745142823345874e-46
3.5019204973907705e-44
1.5470138293272603e-42
6.07086104642095402e-41
2.10030392018430196e-39
6.20989781955770068e-38
1.42302627506963272e-36
2.13576151666197502e-35
7.06898792134560469e-57
5.79305536683208615e-55
4.35843062394187272e-53
3.10167725114936319e-51
2.07850134093514261e-49
1.30188937627170927e-47
7.6211104999095466e-46
4.14272493796542173e-44
2.09356825317721658e-42
9.67562112855653276e-41
3.93319034825534455e-39
1.408845785701501e-37
4.40289345348843695e-36
1.07308495476186297e-34
1.68927795800999571e-33
2.6200007082687587e-55
2.29435715754473662e-53
1.83585075374394723e-51
1.38837676520098642e-49
9.84891998396812182e-48
6.50820483891487355e-46
4.02630262920417134e-44
2.29793522879195499e-42
1.22117671868294177e-40
5.91705901959040776e-39
2.49850774934538141e-37
9.21450231649769116e-36
3.0838262173881787e-34
8.07679805307744172e-33
1.324082744952617e-31
8.71353121162370892e-54
8.26364655756406308e-52
7.06908808726847236e-50
5.7558028765498869e-48
4.33979615227942711e-46
3.0785532903527951e-44
2.04168417607347828e-42
1.22823911196613124e-40
6.98777444305468711e-39
3.53035739038411692e-37
1.56310466778211564e-35
5.87626942237038206e-34
2.1520252111938569e-32
6.0511139614645056e-31
1.03802251482265879e-29
2.31562358613695565e-52
2.34404879056809414e-50
2.12558229859654781e-48
1.81147698964529475e-46
1.42105211933749931e-44
1.02029384957510411e-42
7.31054627901845296e-41
4.70338879566906475e-39
2.91368057360110261e-37
1.51480318117307279e-35
7.11441814033443469e-34
2.76770666949538681e-32
1.11105193509293859e-30
3.50220612853114593e-29
6.34737986595787539e-28
4.94951118805029403e-51
5.23638861984005377e-49
4.92526763637890398e-47
4.34735494144393929e-45
3.52376521935146122e-43
2.78665140281434007e-41
2.03995002966527198e-39
1.4034738610175088e-37
9.20418681916612747e-36
5.18217438414000105e-34
2.56696251308076764e-32
1.05249456235244699e-30
4.54919284092464615e-29
1.51964558017971131e-27
3.23922462150972125e-26
8.53028384169430739e-50
9.45296441264372185e-48
9.26060929401026724e-46
8.49872252211747767e-44
7.52058736378736572e-42
6.26269597628695877e-40
4.84210177469394764e-38
3.47756896472341187e-36
2.29480610517880408e-34
1.36326793963507621e-32
7.43638982350051131e-31
3.28507440208271436e-29
1.5122029051169151e-27
5.02395941666713179e-26
1.31051037666717819e-24
1.21145451453049075e-48
1.3617491740003027e-46
1.36440170969633054e-44
1.29862171732410865e-42
1.20448598761493251e-40
1.059595658403283e-38
8.61738522582982603e-37
6.62990924486903042e-35
4.66231029683920971e-33
2.98271206498040308e-31
1.73123854746176898e-29
9.30030889833690664e-28
4.19126349712765358e-26
1.59699704756802746e-24
3.95632801273959627e-23
1.4249261315853284e-47
1.62037659283286078e-45
1.62214519905281974e-43
1.60420302003073129e-41
1.64668560323017957e-39
1.45980884455287675e-37
1.1889838714760641e-35
1.01148954451093075e-33
7.75802382790577201e-32
5.52843934033745743e-30
3.37732796175827288e-28
2.03158119784192525e-26
9.55250206993387896e-25
3.88213394077182575e-23
1.06157346825947898e-21
1.3164727955037231e-46
1.5620409759902259e-44
1.69658573987300318e-42
1.79119736490418349e-40
1.8047772100841585e-38
1.70148378597436569e-36
1.53006841789698673e-34
1.17299451560691347e-32
1.02491600110098141e-30
8.37500506370510944e-29
6.04357757965579899e-27
3.76400344590728783e-25
1.83441738924811745e-23
8.24372511727302795e-22
3.28234353419398127e-20
9.70241182000075274e-46
1.17485260748287973e-43
1.2923413732271127e-41
1.48024575714303494e-39
1.56969827189900671e-37
1.59982199972726831e-35
1.57480598302472658e-33
1.47721403433486199e-31
1.29313502534696027e-29
1.05985615237763912e-27
8.83561859607800367e-26
6.12015490888775351e-24
3.50284206897549997e-22
2.11943879394956773e-20
1.01892869784097074e-18
5.62490985443459639e-45
6.9694483216955824e-43
8.32547565883769082e-41
9.7343951307280801e-39
1.11018799431356707e-36
1.21913091233568617e-34
1.28946493736649649e-32
1.31699199516944235e-30
1.29192218176481275e-28
1.21043573743115149e-26
1.06810100284238893e-24
8.94392643690031981e-23
6.97589979506645399e-21
4.87252335328372319e-19
2.92426656517762772e-17
2.05990486623343437e-44
2.90855161238703088e-42
3.91982768976068187e-40
5.09232848520718351e-38
6.38957532893408954e-36
7.72174113453578248e-34
8.95884315405522865e-32
9.95762183222556472e-30
1.05826161129263793e-27
1.07263276607059348e-25
1.03361078095703827e-23
9.44040507361574281e-22
8.15977160249517025e-20
6.69203775266161512e-18
5.25824569556112109e-16
7.70897299940619082e-48
3.51821232488596806e-47
1.66306092645608477e-46
7.60831468628818242e-46
3.22242721722955965e-45
1.24581021066331246e-44
4.40956536742359574e-44
1.44119006337770879e-43
4.38550353881105292e-43
1.25063427796005106e-42
3.35955896107754372e-42
8.53581389643569907e-42
2.0549956067088254e-41
4.66468661136001158e-41
9.76764862420097484e-41
1.90315400158112257e-40
3.54773728316366507e-40
6.39563397657327231e-40
1.12145218366135183e-39
1.92008277340009435e-39
3.21986080531698148e-39
5.31352665029372188e-39
8.72413051526639653e-39
1.41926208558599601e-38
2.28563442638856268e-38
3.6405246392296705e-38
5.73982247214057541e-38
8.96811924196570769e-38
1.38916933875103839e-37
2.13298075587674262e-37
3.24702658763505116e-37
4.90281935450384817e-37
7.34577347117540737e-37
1.09240052022823114e-36
1.6128493856643954e-36
2.36480545989950674e-36
3.44416733357452029e-36
4.98346197257571469e-36
7.16672555488298014e-36
1.02485689393466417e-35
1.45790145461478123e-35
2.06485056866847665e-35
2.91524109147149519e-35
4.10830226392408285e-35
5.78722553528355383e-35
8.16669763789547117e-35
1.16023950975614562e-34
1.60778939973533343e-34
2.10397880019756251e-34
2.6980977596690337e-34
3.54163277196126501e-34
4.76038252005768146e-34
6.48960546251348254e-34
8.88319702638771774e-34
1.21741043806330207e-33
1.67097919420267068e-33
2.29915437814225015e-33
3.0770936013021491e-33
3.79922434099590514e-33
4.34336579859824514e-33
4.83698028900437428e-33
5.52295723266522645e-33
6.61404294008104343e-33
8.20553735751363085e-33
1.03820482491366227e-32
1.33192349284800769e-32
1.69416424503379719e-32
2.06915377078399987e-32
2.37518099413533649e-32
2.58595139409447458e-32
2.63881792697636085e-32
2.51410972075820573e-32
2.37644311335074997e-32
2.42973395604873533e-32
2.59308743466318745e-32
3.40332716295293748e-46
1.5304585679351407e-45
7.09242085257619177e-45
3.1441959583142439e-44
1.27574537432305812e-43
4.68008110287079371e-43
1.5612337422903293e-42
4.79438286375138579e-42
1.37169116457823066e-41
3.68976347575801861e-41
9.39118679906369278e-41
2.27203520910508125e-40
5.24215593305471501e-40
1.15326347308805317e-39
2.36609575999088946e-39
4.52314705584600616e-39
8.28113853577353863e-39
1.46712822361475533e-38
2.52869138372414494e-38
4.25475169024982005e-38
7.0077419844647696e-38
1.1312380619909101e-37
1.79075756784160889e-37
2.8104746649216834e-37
4.40931718856567197e-37
6.81543901703831872e-37
1.04194228149375881e-36
1.58011722755131426e-36
2.37971711071023333e-36
3.54776782400996e-36
5.24180048399168874e-36
7.68529519961612223e-36
1.11895756614199924e-35
1.61800175858334556e-35
2.32345079443493145e-35
3.31504178791138509e-35
4.70097345521368116e-35
6.61282227189452273e-35
9.24483630788084079e-35
1.28574844600148074e-34
1.77407448559908807e-34
2.43171413241992999e-34
3.31635452945442919e-34
4.50171078614355977e-34
6.06260570507107552e-34
8.14233109429569279e-34
1.09246377783416506e-33
1.47035495298123091e-33
1.99513588101256038e-33
2.6110147430290905e-33
3.37201737505586496e-33
4.39568991731885578e-33
5.78267770999630024e-33
7.47176747928718217e-33
9.70535245813398193e-33
1.27461536522134738e-32
1.70552386386968404e-32
2.31916351573482228e-32
3.19177918586305391e-32
3.84892695871295534e-32
4.54888448993309478e-32
5.50557081363172893e-32
6.79776099571375153e-32
8.30261260067509898e-32
1.02229727296336737e-31
1.2863277145725489e-31
1.67236045724294403e-31
2.15962767365725893e-31
2.72551626718376609e-31
3.27446999872347441e-31
3.61063229871837635e-31
3.63726998747816739e-31
3.68192186062057554e-31
3.73438033054934285e-31
3.81411693923680353e-31
2.50046123512799381e-44
1.13665237626677276e-43
5.26437119640115072e-43
2.29430433054879501e-42
9.04235726820042536e-42
3.19607681605298273e-41
1.02120611957814099e-40
2.99212987078261127e-40
8.15518007021454884e-40
2.09094378220153651e-39
5.08356060925813298e-39
1.17817052739229353e-38
2.61225056701799141e-38
5.54456157341895005e-38
1.10420495863386703e-37
2.05609457300073728e-37
3.6770007605331072e-37
6.37660015740948764e-37
1.07753741069180361e-36
1.77969161682882369e-36
2.87962119824422534e-36
4.57660564115796922e-36
7.14887377173877687e-36
1.09850585538477453e-35
1.68924968075937368e-35
2.5775423371323018e-35
3.77634514964335261e-35
5.58892866594468747e-35
8.32563338934161475e-35
1.19754177351665806e-34
1.72275835168811154e-34
2.46810115927927626e-34
3.5191827566984802e-34
4.98604348722877528e-34
6.9965395874517422e-34
9.79099509974648331e-34
1.37482828954025065e-33
1.86766108778263961e-33
2.55536873525407076e-33
3.52392464820044129e-33
4.69178143234880265e-33
6.26027485460989106e-33
8.37438527397007731e-33
1.11734429775787635e-32
1.46383802270805867e-32
1.91072694583011027e-32
2.50316586844095551e-32
3.29341975349057416e-32
4.35556313200922857e-32
5.69914578435486653e-32
7.15078300254732061e-32
9.1005075339335182e-32
1.17664371009640631e-31
1.49616768349564728e-31
1.86016111568090116e-31
2.35269076918478848e-31
2.97059235936697417e-31
3.71896961782981843e-31
4.72319958502478828e-31
6.143917372856854e-31
7.41650306025488926e-31
8.95250593120988209e-31
1.09834804727491536e-30
1.33143694273996359e-30
1.64179710812968378e-30
1.98211122357784166e-30
2.39274865086161474e-30
2.9463562854206554e-30
3.70512701560621614e-30
4.51931733968709565e-30
5.11341127597696251e-30
5.73379327336000904e-30
6.23222840560592042e-30
6.64647259026061539e-30
6.97729787554215756e-30
2.06699825849448393e-42
9.5966796125501032e-42
4.46400782572201985e-41
1.91575266692838702e-40
7.3475414682264969e-40
2.51023584900981588e-39
7.71665712929768694e-39
2.16792559111710993e-38
5.65520507544468138e-38
1.38726727618726559e-37
3.23145404027863997e-37
7.19132954374028946e-37
1.53524297092499711e-36
3.14789277673998022e-36
6.08704344380422507e-36
1.10523059344782728e-35
1.93297411307757369e-35
3.28476941715253333e-35
5.44626881765569291e-35
8.83413511229254539e-35
1.40474485360981194e-34
2.19485503668456107e-34
3.37621029009079056e-34
5.11009044631896889e-34
7.67430095484573355e-34
1.14972967512432512e-33
1.64479979635255718e-33
2.39189492457910329e-33
3.53142024055693051e-33
4.93434109720203011e-33
6.94702700082882254e-33
9.73754554513301018e-33
1.3761769851581153e-32
1.92835783480239206e-32
2.60025931096148461e-32
3.56986101758208853e-32
5.0011809407611896e-32
6.57914633225787326e-32
8.77117193288140587e-32
1.18533933391928471e-31
1.56068872991741988e-31
2.0153312062231304e-31
2.63805446260572146e-31
3.49566864481424534e-31
4.45813678744198963e-31
5.67607019620434664e-31
7.29525932693834904e-31
9.39778871243239901e-31
1.18799584283363469e-30
1.51896911397804751e-30
1.94084226848632572e-30
2.38843483938588098e-30
2.99892585475147446e-30
3.85507481660921322e-30
4.68194363282669833e-30
5.78498376018290983e-30
7.27837876643943915e-30
8.9790501421547598e-30
1.10801856641767668e-29
1.39152894888890357e-29
1.64502973976491125e-29
1.96505180143448028e-29
2.40065679005864626e-29
2.84160557886467576e-29
3.35616108538932997e-29
4.03714063242029883e-29
4.76033480558071837e-29
5.68138087765551057e-29
6.7264611087156263e-29
7.76766667068622351e-29
8.88463872483799477e-29
1.00203815658204436e-28
1.11688766094001195e-28
1.2145236578034943e-28
1.29038676749085405e-28
1.75249325311932922e-40
8.36292713299196915e-40
3.90731176543971167e-39
1.64625694940496417e-38
6.12928347867325795e-38
2.02205952864544369e-37
5.98340114580072329e-37
1.61407827291576797e-36
4.03673433300985102e-36
9.48557091394272088e-36
2.11888658491583367e-35
4.52943343575110468e-35
9.31046707835135722e-35
1.84421579035960301e-34
3.46575736938808088e-34
6.14279449313248708e-34
1.05180993640690823e-33
1.75283674651252731e-33
2.85237595153360165e-33
4.54254367240966768e-33
7.09373924316841048e-33
1.08840056350468684e-32
1.64404007239644381e-32
2.44685124649647928e-32
3.59546624908486786e-32
5.25834466897132378e-32
7.44921485218890622e-32
1.0563621181755827e-31
1.52721713724829895e-31
2.12384208523316766e-31
2.89196910165203622e-31
3.99021151138893697e-31
5.61487478944514377e-31
7.678630974552081e-31
1.006211522320903e-30
1.3533571176079202e-30
1.86988681041014353e-30
2.40697681361153915e-30
3.13739388952740432e-30
4.1705171825752458e-30
5.42639012372617049e-30
6.80837784924929651e-30
8.72199559611184225e-30
1.13182767509038863e-29
1.43249135982716318e-29
1.78418736441978181e-29
2.24581503511757165e-29
2.88154955592720259e-29
3.53393011357379944e-29
4.39227715427657594e-29
5.57214812726370509e-29
6.75292083423657119e-29
8.29866607630387584e-29
1.0408467016864188e-28
1.26821049666460156e-28
1.53856015839738574e-28
1.8996826242874655e-28
2.34133985955518476e-28
2.78271366669931932e-28
3.32437676465775378e-28
3.99984947353440935e-28
4.67108401223715711e-28
5.49924115023878205e-28
6.5512214507777737e-28
7.55076314066329123e-28
8.74350762323333786e-28
1.02874343319077749e-27
1.17602105961337158e-27
1.33597121448974347e-27
1.53585794623578687e-27
1.71292213079186502e-27
1.8949499645635847e-27
2.08349042917995048e-27
2.25090418493148124e-27
2.37982445410980809e-27
1.48913906308416394e-38
7.33701196598265538e-38
3.43354530574525878e-37
1.41215571195293697e-36
5.07793881012183796e-36
1.61135605959778821e-35
4.57947214128689667e-35
1.18523037460764537e-34
2.8425867011291644e-34
6.3973523600517578e-34
1.37040224025883346e-33
2.81210263297236152e-33
5.5576567331226651e-33
1.06202186954071079e-32
1.93788096463800836e-32
3.35317707136721211e-32
5.62394293454740487e-32
9.19263583086299258e-32
1.46746515445677371e-31
2.29210492564765407e-31
3.51046714614028723e-31
5.28250654451379282e-31
7.82578699644988432e-31
1.1432805843806567e-30
1.64851874010985187e-30
2.35615678982243808e-30
3.31066870091225463e-30
4.61175099320974542e-30
6.44792948090126214e-30
8.85527946008579845e-30
1.18311874077464238e-29
1.59573596726678919e-29
2.21034517638838135e-29
2.95456967383863876e-29
3.78795185735063536e-29
4.99495504332997676e-29
6.77930485792853253e-29
8.56970437394213178e-29
1.09040507970884919e-28
1.42533357776020136e-28
1.83639194616178686e-28
2.24959411948642333e-28
2.82578515794472704e-28
3.6345751775923986e-28
4.49773019693632842e-28
5.47641980758114776e-28
6.78527368683514595e-28
8.52483945457507679e-28
1.04062703066359528e-27
1.26561988661118376e-27
1.56837075717939774e-27
1.89943874887175193e-27
2.29370009231526047e-27
2.81131668149127661e-27
3.39731810904225123e-27
4.0477138919061464e-27
4.88733306320544114e-27
5.91657039611166319e-27
6.94030706352161643e-27
8.06989923072999351e-27
9.49579842934349918e-27
1.09460083141193142e-26
1.25457217827836918e-26
1.46257704974269556e-26
1.66514392419864043e-26
1.89664474411725482e-26
2.13922376372294118e-26
2.37966302706872218e-26
2.70309767913141918e-26
3.00124314052990116e-26
3.28822522627110461e-26
3.57681141071775947e-26
3.8404670470828113e-26
4.06330309368239861e-26
4.23153794310332937e-26
1.26216167977624757e-36
6.44244864984824745e-36
3.00630781129577949e-35
1.19919900072677227e-34
4.13884769018964634e-34
1.25595120856386617e-33
3.41364434066037185e-33
8.45623416942389195e-33
1.94394001052579223e-32
4.18609010560803482e-32
8.59858432447474909e-32
1.69285403980457827e-31
3.21001876457182855e-31
5.90648983303103067e-31
1.04384530524414493e-30
1.7632957642443635e-30
2.89772236744703789e-30
4.64386182770006249e-30
7.26165279721816671e-30
1.11001116613137242e-29
1.66351024179166885e-29
2.44995879215199388e-29
3.55362749918059321e-29
5.08560774118078683e-29
7.18893644812644789e-29
1.00558576428201531e-28
1.39033688183605133e-28
1.90304180441874362e-28
2.58853908275095083e-28
3.48652820618178732e-28
4.61424668115047327e-28
6.0831018678649496e-28
8.18224823133568138e-28
1.06898310331777859e-27
1.34690471708841616e-27
1.7452260859844014e-27
2.31969057221289716e-27
2.87803129352455722e-27
3.5858703523751048e-27
4.61187652675161836e-27
5.84502620773190746e-27
7.02367049323582976e-27
8.65537745991765384e-27
1.09441664180564994e-26
1.33654859041265799e-26
1.59954124410709472e-26
1.95159082260791694e-26
2.42377169649936529e-26
2.90704343016312448e-26
3.49325456329594863e-26
4.21993077792383712e-26
5.04727666549696922e-26
6.04284075622648524e-26
7.24084412619953651e-26
8.57340998541177628e-26
1.01020754301925475e-25
1.19424013012462136e-25
1.40222253670110942e-25
1.62725774926095577e-25
1.869798290006973e-25
2.12815798432402217e-25
2.41551576340561422e-25
2.71957387337431244e-25
3.05300285407421913e-25
3.43337407119302965e-25
3.81536927167545457e-25
4.19605157959384518e-25
4.61430137154231112e-25
5.07361559505190665e-25
5.521441087859169e-25
5.92805178533553983e-25
6.28810739608365068e-25
6.60147959567900008e-25
6.86495707713574751e-25
7.07070864860771045e-25
1.06944627047765042e-34
5.66131709605808837e-34
2.61842479118696642e-33
1.00757585067792121e-32
3.31504012141002149e-32
9.55083347676271986e-32
2.46841853119589371e-31
5.83012854779348236e-31
1.28320343116032508e-30
2.63604813253870287e-30
5.19338929973869701e-30
9.80822224191092025e-30
1.77993604365062751e-29
3.15064763570099616e-29
5.36860248949184892e-29
8.87291716777097023e-29
1.4290497672412298e-28
2.24374831114657289e-28
3.42770230989766909e-28
5.10824551230615279e-28
7.46681374480430113e-28
1.07351796422699392e-27
1.52152257760339157e-27
2.12904670345347616e-27
2.94502197082671422e-27
4.03086221511612516e-27
5.46099114700285217e-27
7.32719175982614563e-27
9.74480846486887138e-27
1.28480586427443295e-26
1.67683886623730946e-26
2.17078199682035239e-26
2.81547658138792417e-26
3.60143863481989824e-26
4.48359739562985444e-26
5.72232208125456204e-26
7.36625880352369221e-26
9.00826333169815757e-26
1.10109116200349775e-25
1.3893554054865479e-25
1.72839688999225548e-25
2.04587382094125604e-25
2.47839182011563015e-25
3.08009899992837102e-25
3.7145274516798606e-25
4.37491534090122286e-25
5.26237716732846937e-25
6.40820677920626592e-25
7.56132930941775867e-25
8.9607472313719989e-25
1.06104687720007175e-24
1.25195361082311955e-24
1.47651195178155636e-24
1.73490067746073855e-24
2.01882600875151316e-24
2.33433818258039687e-24
2.69235901232287931e-24
3.0915974972839915e-24
3.51787054981071573e-24
3.96393131884608864e-24
4.42829338983377349e-24
4.90550602692189482e-24
5.39740042509496759e-24
5.91536236643618354e-24
6.46726189350778324e-24
7.05058836693056696e-24
7.63848844040871396e-24
8.20415140899128728e-24
8.73999360993826878e-24
9.24572417915277009e-24
9.71689877101854633e-24
1.01455675480697716e-23
1.05210284469956393e-23
1.08303707226263865e-23
1.10555640798031547e-23
9.06670978705275667e-33
4.96151665544674067e-32
2.25870635361672225e-31
8.36850073464648259e-31
2.60225767376319357e-30
7.06326077520155574e-30
1.72539730056707321e-29
3.86794707350631928e-29
8.13807493462204344e-29
1.58348798455599953e-28
2.99334793751622821e-28
5.42203044225639088e-28
9.38705948352702079e-28
1.59781328760768415e-27
2.60720688539894754e-27
4.27488843552659748e-27
6.71539227988516698e-27
1.03337437456384195e-26
1.53537622429320297e-26
2.21607200006206423e-26
3.14747849508275281e-26
4.40721848798231288e-26
6.09318266521721152e-26
8.32160756329480261e-26
1.12448522129050906e-25
1.50424678460677877e-25
1.99303902532710772e-25
2.61639390040404214e-25
3.40414475714439544e-25
4.39200535389502971e-25
5.62063099096948038e-25
7.13840331348501544e-25
9.0138118466341023e-25
1.12969789207976218e-24
1.39988176214777642e-24
1.73579258015764795e-24
2.15261914092712304e-24
2.61136800267364983e-24
3.13750187242857443e-24
3.86402709891333326e-24
4.69983908360432617e-24
5.51213457501775527e-24
6.58335574242991327e-24
7.99488276914249341e-24
9.4892744938546114e-24
1.10865676949275734e-23
1.31366351348317677e-23
1.55504787895834366e-23
1.8126584174817632e-23
2.11750733216407297e-23
2.46642497689819657e-23
2.86308981748765278e-23
3.31678387802388841e-23
3.82014012815086228e-23
4.35790512005620166e-23
4.92429787315798634e-23
5.54015749493304237e-23
6.21029119151430719e-23
6.91103908724861952e-23
7.62436929756217181e-23
8.3395546580954787e-23
9.04618715254950679e-23
9.74022539366781466e-23
1.04181625335666504e-22
1.10810932811182363e-22
1.17329761478743914e-22
1.23778734261226627e-22
1.30144431908292194e-22
1.36371059326230799e-22
1.42299386095488375e-22
1.47670241320662296e-22
1.52256718609336046e-22
1.55933354118269204e-22
1.58607103068703414e-22
1.6003367403034383e-22
7.70450862263854672e-31
4.30909667332745886e-30
1.9179879727981202e-29
6.86553491749152437e-29
1.98710745218321515e-28
5.05407814731797059e-28
1.15963925621426046e-27
2.46289242455822064e-27
4.89083418069565131e-27
9.36155313547987166e-27
1.60189347503419656e-26
2.78993274997581997e-26
4.72613846109638798e-26
7.4341820210407938e-26
1.22296314914228567e-25
1.96221223993668699e-25
3.00384770419964902e-25
4.49479589814867863e-25
6.45003373515971135e-25
8.95504331191350927e-25
1.23425824779348978e-24
1.68331080327314172e-24
2.26617400033861128e-24
3.01220523981443094e-24
3.97093911832491176e-24
5.18769731622220693e-24
6.71226342286749275e-24
8.6083470423167053e-24
1.09465734731795195e-23
1.38097902516549476e-23
1.72893160769637996e-23
2.14926605834120249e-23
2.6544161453913356e-23
3.25771332688768919e-23
3.97285673141944483e-23
4.81771403171709357e-23
5.81618389068535789e-23
6.97075782627577416e-23
8.30043797048665581e-23
9.88106744638312092e-23
1.17008380749486765e-22
1.37206491641311864e-22
1.6141357039760506e-22
1.89798802957639545e-22
2.20818476879130373e-22
2.55362732216081975e-22
2.96504450564965165e-22
3.43794769162102927e-22
3.95972838636599084e-22
4.55726199912232342e-22
5.2307015030279573e-22
5.97328867372865718e-22
6.79255823354414039e-22
7.64308690291682224e-22
8.50344941870389028e-22
9.38358793150893229e-22
1.02859714511501206e-21
1.11868452305717821e-21
1.20691055324205028e-21
1.29436282947162128e-21
1.38109281417335092e-21
1.46665104223214022e-21
1.550202902264539e-21
1.63008490100315784e-21
1.70403713813415373e-21
1.7733335907251053e-21
1.84022840609704809e-21
1.90504845578090892e-21
1.96787681210818709e-21
2.02600188130517215e-21
2.07037390254167094e-21
2.0982338667043282e-21
2.11492759590182628e-21
2.11944798558475488e-21
2.11100525446817043e-21
6.56119294867689624e-29
3.66923655719688108e-28
1.58505994367584427e-27
5.50843145070864133e-27
1.44512877250240977e-26
3.47840436642832913e-26
7.39967499832327207e-26
1.49525737963453668e-25
2.89180864944715547e-25
5.08683364239597653e-25
8.81708930218698749e-25
1.43390869013465595e-24
2.20342012495178352e-24
3.53391516266918266e-24
5.49543217948332763e-24
8.07135537893060371e-24
1.222937998075441e-23
1.75496625203825836e-23
2.51620708722974911e-23
3.32765185769994796e-23
4.50834984061061638e-23
5.95288310588337034e-23
7.7282978875577914e-23
9.99615712663330787e-23
1.2853392471401099e-22
1.63764502807549993e-22
2.06576780142870811e-22
2.58300096916424008e-22
3.2047753347032917e-22
3.94707712400658475e-22
4.82683785264510687e-22
5.86377442175061294e-22
7.08167007292851104e-22
8.5022489409832753e-22
1.01513374465582119e-21
1.20481071358208469e-21
1.42401577070885941e-21
1.67566750921342183e-21
1.9596673219978827e-21
2.28434310426496422e-21
2.65066605155948784e-21
3.06652037326042699e-21
3.52666085582643323e-21
4.02635719441760052e-21
4.59076421592358901e-21
5.2191350165269496e-21
5.93543934913874308e-21
6.73292776628135877e-21
7.60010112023819059e-21
8.58909208369262889e-21
9.69554874220042582e-21
1.08716124744586792e-20
1.20796811469508002e-20
1.32747751676316855e-20
1.44592921866661619e-20
1.56188106659128223e-20
1.67621400949691841e-20
1.77803756750530047e-20
1.86756257837279517e-20
1.96527532149631787e-20
2.06139267871673991e-20
2.1526163962683335e-20
2.23799054078033987e-20
2.31934546250811828e-20
2.37487611001598115e-20
2.4209681879820592e-20
2.46341317689546939e-20
2.50764174586897246e-20
2.54505113580577015e-20
2.56833536893387323e-20
2.58014293451858637e-20
2.58090131693494794e-20
2.5721098013098081e-20
2.54892884651913315e-20
2.50085259687274876e-20
4.09297827298157335e-27
2.2671260956199373e-26
9.22727302774720934e-26
3.27174219887796631e-25
8.20859334229635146e-25
1.78171314875497973e-24
3.54509319394939663e-24
6.91591927502550023e-24
1.20039484684424512e-23
2.05955918783417336e-23
3.52694505632187076e-23
5.39941116363039212e-23
8.60885787492158573e-23
1.38274073460730361e-22
2.06549583745080601e-22
2.98420651041790394e-22
4.15726537264945858e-22
5.69468031050032262e-22
7.66766062917562646e-22
1.01472676615560362e-21
1.32766190448195936e-21
1.7145543018052314e-21
2.18881003590847427e-21
2.76489743555551553e-21
3.45938413380610862e-21
4.28864851990125569e-21
5.27308118345486914e-21
6.43294246978920975e-21
7.78852322720890369e-21
9.36811435682084347e-21
1.11938358920379724e-20
1.32931873174443593e-20
1.5709188613686702e-20
1.84552544092774377e-20
2.15709127820694268e-20
2.50656346369986659e-20
2.90274438200932012e-20
3.35203002962643201e-20
3.84138465395812448e-20
4.38853181517956919e-20
4.99446094590110008e-20
5.66877562486459912e-20
6.40799223509927082e-20
7.1823399344621659e-20
8.04248420532009401e-20
8.9598734656567328e-20
1.00133909667484011e-19
1.11774503868391043e-19
1.23990664441356464e-19
1.3816338199346388e-19
1.54150969282859916e-19
1.69829307553992846e-19
1.85461965123337824e-19
1.97204163555965306e-19
2.07105897841054819e-19
2.16778480225114592e-19
2.27482842837960795e-19
2.38469329919155551e-19
2.48983285093290617e-19
2.58436507962794144e-19
2.66634671631988171e-19
2.73613133321586057e-19
2.79388453437706659e-19
2.83923995611391785e-19
2.86655223625557556e-19
2.87829830284778693e-19
2.88115013572991839e-19
2.87923665786018839e-19
2.87707108218015872e-19
2.86918460974227551e-19
2.85398938394859301e-19
2.82768808173927154e-19
2.78387761514784048e-19
2.70954367927337143e-19
2.58994006555493557e-19
2.22827739352799971e-25
1.10733723263551747e-24
4.41256295173598066e-24
1.46573324687506574e-23
3.43501237119404825e-23
6.92124395318333548e-23
1.28984987821842392e-22
2.38302671625302428e-22
4.14916052441392018e-22
7.47859208958645154e-22
1.22554641956523129e-21
1.9311505082475432e-21
2.94145626112393855e-21
4.34923263916550318e-21
6.25548372217802525e-21
8.69079067707101854e-21
1.17547517934273441e-20
1.5598439353877043e-20
2.03641242442059608e-20
2.62041601132583239e-20
3.3281826788036096e-20
4.17751790917220028e-20
5.18709307374957199e-20
6.37770732016198281e-20
7.77199647302463548e-20
9.39256652442717884e-20
1.12670865672589306e-19
1.34172712638647605e-19
1.58599311381677714e-19
1.86398327663762094e-19
2.1775430539803609e-19
2.52993540548650833e-19
2.92947765988346383e-19
3.36949900407911083e-19
3.855553255704852e-19
4.39197004557462324e-19
4.98925834175665535e-19
5.6604409332541373e-19
6.35608817916044958e-19
7.11921979902046936e-19
7.95126703493170011e-19
8.87617516330948316e-19
9.89082709247136663e-19
1.09584306264434657e-18
1.21223511073985885e-18
1.32818763157500933e-18
1.4603279930391074e-18
1.60441040871935581e-18
1.77375389746318727e-18
1.90009970350341132e-18
2.00469327233071169e-18
2.10621488043104412e-18
2.21684041816020383e-18
2.33138974322550653e-18
2.45671858471558889e-18
2.58165066739153108e-18
2.6842281293205225e-18
2.76997218133356819e-18
2.84292351589351095e-18
2.89809283189231934e-18
2.9358840811221422e-18
2.95901852224296632e-18
2.96773898644380806e-18
2.9649311921172961e-18
2.9525941586160579e-18
2.93197787674109777e-18
2.90135269738705999e-18
2.86107618336593871e-18
2.8128594534276455e-18
2.75884861141624456e-18
2.69476333044303803e-18
2.62130609734245227e-18
2.52419808917972331e-18
2.39950761800887869e-18
2.25891098270153682e-18
1.10705885316958261e-23
6.08159586705460384e-23
1.93128796787740587e-22
5.30616383606619554e-22
1.16607905571174044e-21
2.39227178109692793e-21
4.516577385263807e-21
8.56520375345115841e-21
1.47219918167308709e-20
2.39993825238140216e-20
3.74675063606163302e-20
5.636590008736211e-20
8.21017870567571819e-20
1.16238957438037207e-19
1.60359401366775096e-19
2.14335441403263414e-19
2.79751208328507625e-19
3.58783197325027845e-19
4.5335816496192792e-19
5.65372278457427383e-19
6.96751162672797286e-19
8.49449230172042309e-19
1.02530635565325122e-18
1.22661573103632262e-18
1.4560614044368299e-18
1.71560053909930325e-18
2.00866781125325692e-18
2.33480646084186603e-18
2.69350998610240833e-18
3.09287742293707424e-18
3.53346754947533779e-18
4.01936834466820209e-18
4.56432693333865462e-18
5.13129304629130793e-18
5.74059027511817617e-18
6.41963183970286999e-18
7.17061449980372699e-18
7.98051121909185611e-18
8.82184560315484204e-18
9.74535470126439274e-18
1.06844790597813769e-17
1.17623978929102394e-17
1.299762176089384e-17
1.43451616901927242e-17
1.53734458650903955e-17
1.6224565452646467e-17
1.70775614709218462e-17
1.79363263734168331e-17
1.89259952163384135e-17
2.01475335024608207e-17
2.12681362147701111e-17
2.24576631422506416e-17
2.35612109282398964e-17
2.45382727016749622e-17
2.54934760554782395e-17
2.62538468277167363e-17
2.66355131893878783e-17
2.67473495311527387e-17
2.67321157631714866e-17
2.66655073735648275e-17
2.6548555115896051e-17
2.63429850306755669e-17
2.6153856752385731e-17
2.59333081777019719e-17
2.56151123238482006e-17
2.5173283999088197e-17
2.45781124749340629e-17
2.38856133303932481e-17
2.31149326260285974e-17
2.23156798401087594e-17
2.14372520736547296e-17
2.0542079995726893e-17
1.95437174300197379e-17
1.8309091008213537e-17
1.69303546160008886e-17
4.12668617295593759e-22
2.2652946825312472e-21
6.64784449158174128e-21
1.73640039882202253e-20
4.0094638621314034e-20
8.20076729876016159e-20
1.52320828808049126e-19
2.62288899542295902e-19
4.2506686238094305e-19
6.55585831562583413e-19
9.70367864449019617e-19
1.38721445828899338e-18
1.92482987168145651e-18
2.60241357944267356e-18
3.43752945079741631e-18
4.41606557317032009e-18
5.55463617740701895e-18
6.8772209974726742e-18
8.40280801667459556e-18
1.01473599078972706e-17
1.21263916189421415e-17
1.43519605783039485e-17
1.68272594901706332e-17
1.95776677319201233e-17
2.26382686301300588e-17
2.60096228574533184e-17
2.97281585479126116e-17
3.36723261282955694e-17
3.78592294394188904e-17
4.24722556384791218e-17
4.74877482273801503e-17
5.2932684724755024e-17
5.88793248356849381e-17
6.48857569649438176e-17
7.12311584178597195e-17
7.81286714925315304e-17
8.55850607952235525e-17
9.37968288665225775e-17
1.03091881849599304e-16
1.10978750244757799e-16
1.18127185736799904e-16
1.24955486683821642e-16
1.32517124316274489e-16
1.40235008859871732e-16
1.47640857657784642e-16
1.56432443008776274e-16
1.64508861774113015e-16
1.71417582188788628e-16
1.79239666807522628e-16
1.87315430107015923e-16
1.9352946194126573e-16
1.9953139157356696e-16
2.06266813157180229e-16
2.10812541507043181e-16
2.12145579574276903e-16
2.11555936113784328e-16
2.10021070610636656e-16
2.07455451189581023e-16
2.03557592661877352e-16
1.97880565265352244e-16
1.94833100400836803e-16
1.92078396123362778e-16
1.88944159477352642e-16
1.85317891543417708e-16
1.80686582646824796e-16
1.74910906349969607e-16
1.67500204158893155e-16
1.60094909448038716e-16
1.5185795988068389e-16
1.44072689036282554e-16
1.36523832091303612e-16
1.2841876456839889e-16
1.21009023606698285e-16
1.12450040465826531e-16
1.01335630258781293e-16
1.34239025922572281e-20
7.11106055940625874e-20
2.41333407305946302e-19
6.20013469951335584e-19
1.32548084729538459e-18
2.49626141196472215e-18
4.28757168935808797e-18
6.86559174943133651e-18
1.04025138559849114e-17
1.50731920326452229e-17
2.10511019083564134e-17
2.85029801845519755e-17
3.75840127207257316e-17
4.84342571454564159e-17
6.11589864895867594e-17
7.54298776023072326e-17
9.13087066930103165e-17
1.08986610473365074e-16
1.28622026770373045e-16
1.50278385214271132e-16
1.74025225214932733e-16
1.99811229760768747e-16
2.27140965796995691e-16
2.56825499110082163e-16
2.89494072533079159e-16
3.24444760808508308e-16
3.61615147710762614e-16
3.99510387352969528e-16
4.3862577514040468e-16
4.80441268297107895e-16
5.24496290340046303e-16
5.721851365371732e-16
6.23547412822376112e-16
6.79339548357373665e-16
7.27429837497227942e-16
7.66705752994617724e-16
8.08679058868332124e-16
8.55941378563581527e-16
9.04970404006495872e-16
9.62614714703910147e-16
1.02338333262276556e-15
1.07500218697235709e-15
1.13056769539715219e-15
1.18911005586615419e-15
1.22806536068088389e-15
1.27369805992794458e-15
1.31950618385187558e-15
1.34350056069392853e-15
1.36310937962213966e-15
1.38475245857197029e-15
1.39571671982417545e-15
1.39635936018242092e-15
1.39006052500014954e-15
1.37803274861608685e-15
1.35829950899999228e-15
1.32687829253624627e-15
1.27362712061819645e-15
1.231373764428493e-15
1.19488545424986764e-15
1.16295653870030817e-15
1.12914530403732136e-15
1.09493612455519891e-15
1.05451081596946262e-15
1.01433775084670082e-15
9.69456704464480178e-16
9.14633293165350563e-16
8.60275452117002586e-16
8.06952164549871463e-16
7.47344678375825796e-16
6.96509972874207961e-16
6.48786023955382563e-16
5.99123276088599614e-16
5.58243731130708645e-16
5.10681101658665198e-16
4.47579113560161441e-16
5.92774207013872737e-19
2.84140560740158431e-18
8.56144486149931121e-18
1.96895044425368834e-17
3.79445411489854448e-17
6.49523611784569415e-17
1.02260433308529974e-16
1.51255633152002846e-16
2.13136645028400877e-16
2.8891306777287703e-16
3.79385280438913037e-16
4.85112903627331417e-16
6.06402098241503189e-16
7.43314085489474975e-16
8.95572047318187975e-16
1.0587865509876949e-15
1.23121934852959013e-15
1.4139064621826298e-15
1.61022860734551933e-15
1.81823866754748625e-15
2.03849704118810147e-15
2.27000289664772343e-15
2.50622637831872596e-15
2.75514287706584598e-15
3.02088204984434701e-15
3.29584037761385063e-15
3.57669219604628096e-15
3.87367914558364862e-15
4.13554021584889964e-15
4.36018160370564599e-15
4.5779038134680406e-15
4.82557750363995989e-15
5.08625080991742679e-15
5.33835714975168469e-15
5.64835582231807182e-15
5.92590337738597262e-15
6.25057621156935336e-15
6.57170948556260193e-15
6.9020036025018612e-15
7.21633170372368769e-15
7.45538801691213435e-15
7.64614748223939809e-15
7.86208182277279541e-15
7.99075294402094018e-15
8.01405899145244448e-15
7.96750371542527838e-15
7.86687204121670475e-15
7.71323935639357249e-15
7.54086248063689748e-15
7.3507225855407878e-15
7.17373616573041695e-15
6.94633445841966725e-15
6.65053262027804027e-15
6.2794719930590029e-15
6.11444485478353255e-15
5.93486796955516578e-15
5.71540390677935133e-15
5.4631695367217379e-15
5.1678214770814491e-15
4.86277411729843695e-15
4.61352866533699042e-15
4.35972225278816197e-15
4.05179372379584212e-15
3.81002026498447865e-15
3.55618705241375073e-15
3.25497349155424282e-15
2.98458806916465566e-15
2.74846229316061902e-15
2.47274284741646111e-15
2.22455299698795993e-15
2.02736819592314394e-15
1.81592336110609374e-15
1.6405668359895575e-15
1.44612115984775725e-15
1.21703122910116849e-15
2.5295883116697542e-17
1.03417445180855093e-16
2.71405910486616495e-16
5.49747186245229189e-16
9.38837800173412422e-16
1.43933862572948974e-15
2.05426468065421647e-15
2.78357216410486927e-15
3.62482754286183336e-15
4.57373990412402525e-15
5.6242712339944713e-15
6.76865353890087241e-15
7.99761686025241552e-15
9.30074932158085008e-15
1.06663675137760084e-14
1.20619016453630878e-14
1.34551275613011048e-14
1.48542594808537189e-14
1.62783572736159792e-14
1.77168635603392471e-14
1.92087125633749608e-14
2.07524411002883245e-14
2.23385394543843899e-14
2.36827482019593037e-14
2.47948217587105506e-14
2.5964309708256806e-14
2.70775461003302896e-14
2.81673126746406771e-14
2.91664255218881766e-14
3.01612174788427942e-14
3.13132672575304707e-14
3.25244462877404082e-14
3.35574004211672006e-14
3.44812688682875744e-14
3.51581099795077962e-14
3.54294669117921815e-14
3.53845354849910477e-14
3.52172980828204816e-14
3.49305117767042482e-14
3.45096901551600875e-14
3.39192648223491382e-14
3.30834130964810212e-14
3.20521263738889457e-14
3.08905485452407253e-14
2.96550086046721763e-14
2.84624577652001761e-14
2.70315551784685026e-14
2.54724573535232061e-14
2.41915984047929595e-14
2.2346506891259183e-14
2.12618909336059095e-14
2.03961826344175149e-14
1.96058684647551718e-14
1.8801640839877765e-14
1.79136666557974213e-14
1.66968957933304914e-14
1.53508108613299324e-14
1.41503626192290993e-14
1.29492560376443391e-14
1.16699345071617998e-14
1.06219588592620243e-14
9.55698979308815532e-15
8.51709761591722191e-15
7.64187927434505728e-15
6.80969393081353539e-15
6.05414328016305637e-15
5.36378363016319155e-15
4.70362878352399046e-15
4.10450922852044192e-15
3.54643430989152525e-15
3.08381732099090019e-15
2.62202303568411694e-15
2.26360584871774533e-15
1.89985037802950891e-15
1.50592108398065309e-15
1.09581012400401945e-15
3.53615696745690533e-15
7.874906869666497e-15
1.37245453398139986e-14
2.02184418721704964e-14
2.70870291019666173e-14
3.45017149937753433e-14
4.23572601258982277e-14
5.05454472155115257e-14
5.8962027116339051e-14
6.75052341817980765e-14
7.60745957886547764e-14
8.45726048852301959e-14
9.29068988167602099e-14
1.00989948829948256e-13
1.08738064712845556e-13
1.16071006767218235e-13
1.22877640252922285e-13
1.28337235262755644e-13
1.33550826439726656e-13
1.38587009976697063e-13
1.43336814654423839e-13
1.47477382155805277e-13
1.50865607275996386e-13
1.53420827421867313e-13
1.55033218372143363e-13
1.55571600285963974e-13
1.55237127918620089e-13
1.54330462261211424e-13
1.52702068169867604e-13
1.50126229063103928e-13
1.46393319278559745e-13
1.41521763443947318e-13
1.36121596033282201e-13
1.30126757072993079e-13
1.23419858355839913e-13
1.16626644306129757e-13
1.10053675341314955e-13
1.0330374287053225e-13
9.62683593290471128e-14
8.93867084052571687e-14
8.28666910257997406e-14
7.73058439094086569e-14
7.25294744358016014e-14
6.62894910207707432e-14
5.7374962945672218e-14
5.01917623542625674e-14
4.72322398629286131e-14
4.46934401990176433e-14
4.23860691866362267e-14
3.98223210937812734e-14
3.6474650514975477e-14
3.23748661341331749e-14
2.85589425027940614e-14
2.51005089759081579e-14
2.18619899979622106e-14
1.88981113290077687e-14
1.63611762542854116e-14
1.41457373477477207e-14
1.2072815921084916e-14
1.01317640956602076e-14
8.54273288274109063e-15
7.40216793946030842e-15
6.56127609115815343e-15
5.68573392706530439e-15
4.84833411200387757e-15
4.07858715791468997e-15
3.41934695815887871e-15
2.90153116714195124e-15
2.468055713709725e-15
2.04642381592285636e-15
1.68745448717337038e-15
1.45455001671774732e-15
1.2507568833988859e-15
9.53895869084353501e-16
3.74603368305336768e-14
8.97695160313019542e-14
1.58695951228677926e-13
2.19320286569488386e-13
2.66179961266275728e-13
3.06412078187636608e-13
3.45791011152181351e-13
3.83391815019192673e-13
4.18834507487235277e-13
4.5187042053603593e-13
4.82322820605205282e-13
5.09966389532229417e-13
5.34576275296855049e-13
5.55975460814612056e-13
5.74000221365017207e-13
5.88467830337617841e-13
5.99231455908731951e-13
6.06317198659680726e-13
6.09652184748489395e-13
6.09351839944331003e-13
6.06348460701817045e-13
6.00737814336143224e-13
5.91323310347154456e-13
5.77892811377775092e-13
5.60660437921882313e-13
5.39937749701717513e-13
5.16142977993481779e-13
4.89862563413346599e-13
4.61610072241192645e-13
4.31110047050421405e-13
3.9663242326092262e-13
3.57004967614584531e-13
3.2084109454873194e-13
2.87866419138538474e-13
2.57985269232146019e-13
2.31170736102306129e-13
2.07338562245734006e-13
1.86258454557116259e-13
1.67736826807367081e-13
1.51476579383245761e-13
1.37255153639650953e-13
1.24654897343969406e-13
1.13532356047375037e-13
1.03762146806777612e-13
9.6715635858934145e-14
8.93837125482751736e-14
8.19128636052855102e-14
7.44643331641539031e-14
6.73412982235170226e-14
6.08769351733995704e-14
5.51448870061714761e-14
4.98065757300046961e-14
4.4873677260421447e-14
4.03603190954038885e-14
3.62497527888038712e-14
3.25240695497208545e-14
2.91623246471509832e-14
2.61544686647201345e-14
2.3479386250297596e-14
2.10917796720873684e-14
1.89430139762390009e-14
1.69333321829569155e-14
1.50380806313286925e-14
1.32955849144206634e-14
1.17116488644459864e-14
1.02881481815568218e-14
9.02241199851621757e-15
7.92435629528389519e-15
6.97630690164011412e-15
6.14847352884786436e-15
5.40488538814937984e-15
4.71399240261782492e-15
4.0756251248103685e-15
3.44100874568083716e-15
2.74273843413542418e-15
)
;

boundaryField
{
    reactingWall
    {
        type            catalyticWall;
        gradient        uniform 0;
    }
    inertWall
    {
        type            zeroGradient;
    }
    inlet
    {
        type            fixedValue;
        value           uniform 0;
    }
    outlet
    {
        type            zeroGradient;
    }
    defaultFaces
    {
        type            empty;
    }
}


// ************************************************************************* //
