/*--------------------------------*- C++ -*----------------------------------*\
  =========                 |
  \\      /  F ield         | OpenFOAM: The Open Source CFD Toolbox
   \\    /   O peration     | Website:  https://openfoam.org
    \\  /    A nd           | Version:  8
     \\/     M anipulation  |
\*---------------------------------------------------------------------------*/
FoamFile
{
    version     2.0;
    format      ascii;
    class       volScalarField;
    location    "0.3";
    object      CH3CHOHCH3;
}
// * * * * * * * * * * * * * * * * * * * * * * * * * * * * * * * * * * * * * //

dimensions      [0 0 0 0 0 0 0];

internalField   nonuniform List<scalar> 
1800
(
0.07999999999999996
0.0799999999999999739
0.0800000000000000572
0.0800000000000000433
0.0800000000000000988
0.0800000000000000572
0.0800000000000001127
0.0800000000000001404
0.0800000000000001404
0.0800000000000000433
0.0800000000000000572
0.0800000000000000017
0.0799999999999996547
0.0799999999999965877
0.0799999999999738282
0.0800000000000000711
0.0800000000000000711
0.0799999999999999878
0.07999999999999996
0.0799999999999999462
0.0799999999999999878
0.0800000000000000433
0.0799999999999999878
0.0800000000000000017
0.0800000000000000433
0.0800000000000001821
0.0800000000000001404
0.0800000000000001404
0.079999999999999627
0.0799999999999972816
0.0799999999999999878
0.0800000000000000017
0.0799999999999998906
0.0800000000000000017
0.0800000000000001127
0.0800000000000000849
0.0800000000000001127
0.080000000000000196
0.0800000000000002098
0.0800000000000002792
0.0800000000000001404
0.0800000000000000572
0.0800000000000000711
0.0800000000000000155
0.0799999999999996686
0.0800000000000000849
0.0800000000000000572
0.0800000000000001821
0.0800000000000000711
0.0800000000000000294
0.0799999999999999878
0.0800000000000000711
0.0800000000000002237
0.0800000000000001127
0.0800000000000001266
0.0800000000000000988
0.0800000000000000155
0.0800000000000000155
0.07999999999999996
0.0799999999999999462
0.0800000000000001127
0.0800000000000001821
0.0800000000000000572
0.0800000000000000294
0.0799999999999999184
0.0799999999999999739
0.0800000000000000017
0.0799999999999998906
0.0799999999999999184
0.0799999999999999045
0.0800000000000000294
0.0800000000000000849
0.0800000000000000294
0.0800000000000000017
0.0800000000000000017
0.0800000000000000849
0.0800000000000000988
0.0800000000000000988
0.0800000000000000988
0.0800000000000000433
0.0800000000000000711
0.0800000000000000711
0.0800000000000001127
0.0800000000000001404
0.0800000000000001266
0.080000000000000196
0.0800000000000002098
0.0800000000000001543
0.0800000000000000988
0.0800000000000000849
0.0800000000000001127
0.0800000000000000433
0.0800000000000000294
0.0800000000000000155
0.0799999999999999739
0.0799999999999999462
0.0799999999999999184
0.0799999999999999323
0.0800000000000000294
0.0800000000000001266
0.0800000000000001404
0.0800000000000000572
0.0800000000000000433
0.0800000000000000711
0.0799999999999999323
0.0800000000000000433
0.0799999999999999739
0.0799999999999999739
0.0800000000000001127
0.0799999999999999878
0.0800000000000000294
0.0800000000000000433
0.0799999999999999878
0.07999999999999996
0.0799999999999999878
0.0800000000000002098
0.0800000000000002376
0.0800000000000000711
0.0800000000000000155
0.0799999999999998906
0.0800000000000000849
0.0800000000000000017
0.0800000000000000711
0.0800000000000000849
0.0800000000000001127
0.0800000000000002098
0.0800000000000001821
0.0800000000000002515
0.0800000000000002376
0.0800000000000000849
0.0800000000000000849
0.0800000000000001127
0.0800000000000000711
0.0800000000000000988
0.0800000000000000155
0.0799999999999999739
0.0800000000000000711
0.0800000000000000711
0.0799999999999999878
0.0800000000000000155
0.0800000000000000711
0.0800000000000001404
0.0800000000000001266
0.0800000000000000849
0.0800000000000001682
0.0800000000000001266
0.0800000000000000572
0.07999999999999996
0.0800000000000000711
0.0800000000000002237
0.0800000000000001543
0.0800000000000002098
0.0800000000000002237
0.0800000000000001127
0.0800000000000000711
0.0800000000000001127
0.0800000000000001543
0.0800000000000001404
0.0800000000000001543
0.0800000000000001821
0.0800000000000001404
0.0800000000000001266
0.0800000000000000433
0.0800000000000002098
0.0800000000000001404
0.0800000000000000433
0.0800000000000000849
0.080000000000000196
0.0800000000000000988
0.0800000000000000572
0.0799999999999999184
0.0799999999999999878
0.0800000000000000433
0.0800000000000000849
0.0800000000000000294
0.0800000000000000849
0.0800000000000001543
0.0800000000000000849
0.0800000000000002098
0.0800000000000001543
0.0800000000000000155
0.0800000000000000294
0.0799999999999999739
0.0799999999999999739
0.0799999999999998768
0.0799999999999999462
0.0799999999999999462
0.0799999999999999323
0.0800000000000000294
0.0800000000000001127
0.0800000000000001682
0.0800000000000001682
0.0800000000000001682
0.0800000000000002237
0.0800000000000001127
0.0800000000000000988
0.0800000000000000017
0.07999999999999996
0.0800000000000000017
0.0800000000000000433
0.0800000000000000711
0.0799999999999999462
0.0799999999999999739
0.0800000000000000988
0.0800000000000002931
0.0800000000000002098
0.0800000000000001266
0.0800000000000000572
0.0800000000000000988
0.0800000000000000017
0.0799999999999999878
0.0800000000000000433
0.0800000000000000849
0.0800000000000000572
0.0800000000000000433
0.0800000000000000988
0.0800000000000001404
0.0800000000000000849
0.0800000000000001543
0.0800000000000002237
0.0800000000000000988
0.0800000000000000433
0.0800000000000001127
0.0800000000000000294
0.0799999999999999739
0.0799999999999999739
0.0799999999999999739
0.0800000000000000433
0.0800000000000000294
0.0799999999999999739
0.0800000000000000155
0.0800000000000001127
0.0800000000000000017
0.0799999999999998768
0.07999999999999996
0.0800000000000000294
0.0799999999999999462
0.0799999999999999878
0.0800000000000000017
0.07999999999999996
0.0800000000000000711
0.0800000000000001404
0.0800000000000000711
0.0800000000000000433
0.0800000000000000155
0.0800000000000000155
0.0800000000000000711
0.0800000000000000849
0.0800000000000001821
0.0800000000000001404
0.0800000000000000711
0.0800000000000000433
0.0800000000000000572
0.0800000000000000711
0.0799999999999999739
0.0800000000000000572
0.0800000000000000711
0.0800000000000001127
0.0800000000000000849
0.0800000000000000572
0.0800000000000000294
0.0799999999999999878
0.0800000000000000155
0.0799999999999999878
0.0799999999999999184
0.0799999999999999323
0.0799999999999999739
0.0800000000000000572
0.0800000000000000433
0.0799999999999994466
0.0799999999999999878
0.0800000000000001821
0.0800000000000000572
0.0799999999999999184
0.0799999999999999184
0.0799999999999999878
0.0800000000000000017
0.0799999999999998768
0.0799999999999998768
0.0799999999999999878
0.0800000000000001682
0.0800000000000000849
0.0799999999999999045
0.0799999999999993078
0.0799999999999905093
0.0799999999999998768
0.0800000000000000017
0.0799999999999999462
0.0799999999999999462
0.0800000000000000849
0.0800000000000002098
0.0800000000000001127
0.0800000000000001404
0.0800000000000000155
0.07999999999999996
0.079999999999999849
0.0799999999999997102
0.0799999999999994604
0.0799999999999947559
0.0799999999998656369
0.0799999999999016914
0.0799999999996155176
0.0799999999984380705
0.0799999999935433054
0.0799999999733620598
0.0799999998921659961
0.0799999995773112982
0.0799999984115146445
0.0799999943180125656
0.0799999807579410416
0.0799999385904845567
0.0799998163633972165
0.0799994899828699729
0.0799987001120854163
0.0799970036120277173
0.0799936224075333407
0.0799870317423534427
0.0799745200943220158
0.0799514100259495486
0.0799098956589387871
0.079837406088773738
0.079714543625087439
0.0795127159241840603
0.0792040329830810269
0.0787536499493030895
0.0781239786226775451
0.0772855455641247163
0.0762135163055930459
0.0748880273041863664
0.0733020840306613797
0.0714585181213501369
0.0693663985851045162
0.0670436474747065775
0.0645199267123557629
0.061839567010801233
0.0590615135144319653
0.0562557180318640215
0.0534975645413348216
0.0508525490644550424
0.0483660910796432433
0.0460686459509444396
0.0439721145341863268
0.0420662741269821963
0.0403482334567799791
0.0388286758016052058
0.0374979876926580524
0.0362272818907924191
0.0347003595524163627
0.0330991678198425815
0.0316892567411872841
0.03058501438148176
0.0294753010716957385
0.0283216267444762956
0.0271791730085328143
0.0260870981852918717
0.0250421339804078186
0.0240238765502228911
0.0229801843128290238
0.0217740985702604348
0.0203778593565189341
0.0189633881011098022
0.0179527956268316878
0.0170499749255681315
0.0161952827988128996
0.0154096398883150163
0.0147047719853822135
0.0139214542297513531
0.0129765148188591001
0.0119063806462169873
0.0109765624061660145
0.0102826574287912722
0.00947884418380711205
0.00849124305310512868
0.00787474646645646911
0.00722243339788443579
0.0799999999999901068
0.0799999999999631284
0.0799999999998584482
0.0799999999994440575
0.0799999999978040777
0.0799999999914247917
0.0799999999673547818
0.0799999998801522727
0.0799999995790118962
0.0799999985929800012
0.0799999955459447937
0.0799999867113684038
0.0799999628974898264
0.0799999040604499334
0.0799997757285542122
0.0799995205355193556
0.0799990254147138896
0.0799980902789726583
0.0799963700344273748
0.0799932864739114763
0.0799879010408882235
0.0799787427034023696
0.079963591257494096
0.0799392199005148768
0.0799014145705078671
0.0798435329730700499
0.0797568394511918299
0.079642054567936077
0.0794868577185465358
0.0792796514954776932
0.0790195484266201786
0.0786986763516666216
0.0783099044404529376
0.0778459945569539291
0.0773069041994537409
0.0766960774105126808
0.075997003505965402
0.0752256421756092586
0.0744187876618595534
0.0735082976450631559
0.072494516444216936
0.071578431877213064
0.0706141276830237891
0.069361731426578796
0.0680839784414187382
0.0669313983947255609
0.0657600641049876228
0.0648327846301573196
0.0640533389560763167
0.0630176614007764008
0.0615920777542051934
0.0604336492422579835
0.0594310565477212741
0.0581111603614974104
0.0564328521875851058
0.0550535946046646005
0.0543218086655097993
0.0538268036819099724
0.0531965451170452602
0.0523349049432607419
0.0511781236396663813
0.0498061397892605659
0.0479367165044660773
0.0456119221552020102
0.0433047532083729453
0.0419563581949211339
0.0414120277973679882
0.0407852512463872524
0.0398902202429841923
0.0386144595652241143
0.0368439241612182611
0.0352828476535714253
0.0341508057079263905
0.0323236731666329824
0.0300789841518825825
0.0799999999999988221
0.0799999999999960465
0.0799999999999852773
0.0799999999999446848
0.0799999999997895866
0.0799999999992044297
0.079999999997048335
0.0799999999893825503
0.079999999963290061
0.079999999878737113
0.0799999996190879498
0.0799999988675272333
0.0799999968332596456
0.0799999917519477605
0.0799999805630124822
0.079999958318572692
0.0799999152244270928
0.0799998340030626531
0.0799996848686979067
0.0799994177655060507
0.0799989508282463735
0.0799981539589834784
0.0799968264690683051
0.0799946677162252373
0.0799912333811988036
0.0799858587403331212
0.0799775224595351969
0.0799660570384021357
0.0799504087669336005
0.079927226031828516
0.0798982279016642732
0.0798581034466888384
0.0798101947726155558
0.079748283410299492
0.0796619315778655662
0.0795729857567335219
0.0794711899276628331
0.0793271125113707426
0.0791703421348307484
0.0790216502351656219
0.0788182908970494478
0.078582214726000077
0.0783720429844005362
0.0781004733947005536
0.0777687334954026005
0.0774681455279593589
0.0771989969847250712
0.0769380697872034114
0.0766749867731797569
0.0763218270463695281
0.0758368568984986446
0.0753062478851377753
0.074937121529228129
0.0744855369780687143
0.0738589705289608711
0.0734478961013173975
0.0731123760753775026
0.072688486986569989
0.072335948887400095
0.0720394579751545139
0.0716337654118798933
0.0710736361520350191
0.0705198946406060262
0.0697899079885036105
0.0689442415818814769
0.0682585290096153624
0.0675809579229872115
0.0669360677127199127
0.0663190664369071731
0.0657081594607205471
0.0651094455663780297
0.0643820508517241735
0.0633455639859788339
0.0621245661634953275
0.0604755869295468124
0.0799999999999998768
0.0799999999999995992
0.0799999999999985029
0.0799999999999945199
0.0799999999999803646
0.079999999999928656
0.0799999999997431932
0.0799999999990989169
0.0799999999969456532
0.079999999990064144
0.0799999999691312358
0.0799999999088243235
0.0799999997454202832
0.079999999334337088
0.0799999984245126777
0.0799999966165572535
0.0799999931192139913
0.079999986540931628
0.0799999744847827987
0.0799999529136777299
0.0799999151823482108
0.079999850599425798
0.079999742332827653
0.0799995643731414019
0.0799992770867637287
0.0799988207056468448
0.0799981083264702658
0.0799970422839039741
0.0799955716602934463
0.0799933764858776486
0.0799903665702592637
0.0799860239336809692
0.0799808894221609307
0.0799736324915483882
0.0799630883363251221
0.079951461500590626
0.0799381700290819758
0.0799190957367542504
0.0798941675082484593
0.0798721273755473304
0.079842395834768376
0.0798010511718647286
0.0797619218068207764
0.0797200125343016791
0.0796634883213687972
0.0795955323315965663
0.0795392265141148941
0.0794715009722120891
0.0793887129326007607
0.0793153891309020947
0.0792255229355261353
0.0791009031938421925
0.0789926310028300771
0.0788837005900620419
0.0787311316280680101
0.078597000493203284
0.0785116185453719195
0.078416204100482001
0.0783347736462260413
0.0782379291758225626
0.0781059517154734095
0.0779478641136651107
0.0778032889615711543
0.0776106963529919619
0.0773861857089402777
0.0772115220171691041
0.0770574160266967872
0.0769104391304037821
0.0767148560274523161
0.0765112052777195267
0.0763145082183390583
0.0760746783390689324
0.0757697736951932072
0.0753580253260614785
0.0747601782899116885
0.0800000000000000572
0.0800000000000000572
0.0799999999999999184
0.0799999999999996131
0.079999999999998378
0.0799999999999937844
0.079999999999978269
0.0799999999999250894
0.0799999999997505762
0.0799999999992005856
0.0799999999975430365
0.0799999999927910321
0.0799999999799145128
0.0799999999473643836
0.0799999998749275076
0.0799999997308898231
0.0799999994521497643
0.0799999989277547785
0.0799999979663844757
0.079999996244867061
0.0799999932284733983
0.0799999880502315769
0.0799999793318864894
0.0799999649233816001
0.0799999415334740754
0.079999904234676053
0.0799998458733860301
0.0799997563810061207
0.0799996237873468047
0.0799994268771553885
0.0799991392468386714
0.0799987166184810972
0.0799981944552454888
0.0799974332298923618
0.0799962992313319327
0.0799949879092346217
0.0799934128073152978
0.0799911524928925005
0.079987928333923014
0.0799849791501957424
0.0799809344576353914
0.0799751466232547781
0.079969584435106586
0.0799629885309457861
0.0799549370042178242
0.0799441396119258685
0.0799341872965179945
0.0799236542974996744
0.0799091786268688042
0.079893074318541743
0.0798763871721258761
0.079853583840017936
0.079828387331916939
0.0798070241664010915
0.0797783788725286713
0.0797468230619214208
0.0797235524578762539
0.0796988702511913227
0.0796700659675902284
0.0796431458801315634
0.0796131420441151122
0.0795725203663141395
0.0795319891498406373
0.079496012425792878
0.079448666464839543
0.079399113420716011
0.0793701027813092236
0.079339256432671354
0.0792996154033498157
0.0792615335707110152
0.0792113829483749865
0.0791510719607214919
0.0790704181991768729
0.078965213210682228
0.0787948281157114794
0.0800000000000002098
0.080000000000000307
0.0800000000000001543
0.0800000000000000433
0.07999999999999996
0.0799999999999995021
0.0799999999999982947
0.0799999999999939648
0.0799999999999803091
0.079999999999937968
0.079999999999811694
0.0799999999994517597
0.079999999998477303
0.079999999996006807
0.0799999999904760228
0.0799999999794649419
0.0799999999581263305
0.0799999999179229343
0.0799999998440962395
0.0799999997116226658
0.0799999994788791191
0.0799999990779136083
0.0799999983997837644
0.0799999972728820397
0.0799999954316195638
0.0799999924726967626
0.079999987797305272
0.0799999805391747448
0.0799999694652458737
0.0799999528004421701
0.0799999280369294297
0.0799998912636374349
0.0799998412872667403
0.0799997676067330105
0.0799996575081282357
0.079999525917466327
0.0799993557933045135
0.0799991110829973567
0.0799987559226918166
0.0799984057322073727
0.0799979193652356896
0.0799972178536073192
0.0799964852746224003
0.0799956686726895766
0.0799945691771491302
0.0799930652752714744
0.0799916361383700841
0.0799899495963476426
0.0799876636615386577
0.0799852313682965083
0.0799826031413969629
0.0799790702042038337
0.0799749702622134379
0.0799711161185041042
0.0799662124324908852
0.0799601047973447915
0.0799548478347220509
0.0799502194347786049
0.0799441231449601886
0.0799374027587103769
0.0799310121071625662
0.0799226914289925677
0.0799132269599382716
0.0799052185399121567
0.0798966883678570994
0.079884980255976637
0.0798760930331964131
0.0798697905530209307
0.0798632300642525272
0.0798546687662053112
0.0798430058750140281
0.0798275724083133686
0.0798064220964760512
0.0797751508224380512
0.0797226001348196184
0.07999999999999996
0.0799999999999998351
0.0799999999999998906
0.0800000000000000433
0.0799999999999999739
0.0799999999999999323
0.0799999999999998074
0.0799999999999994743
0.0799999999999984335
0.0799999999999952971
0.0799999999999861794
0.0799999999999602002
0.0799999999998899924
0.079999999999711538
0.0799999999993089572
0.079999999998506155
0.0799999999969470271
0.0799999999940020773
0.0799999999885791374
0.079999999978817668
0.079999999961605367
0.0799999999318268401
0.0799999998812156859
0.0799999997966336918
0.0799999996575395389
0.0799999994323499497
0.0799999990733462757
0.0799999985096848387
0.0799999976378465705
0.0799999963081723248
0.0799999943075300063
0.0799999913347456681
0.0799999869718166917
0.0799999805559768046
0.0799999710191550417
0.0799999589797970034
0.0799999421780602793
0.0799999182586243612
0.0799998834236364947
0.079999845990982546
0.0799997933609713913
0.0799997174489599783
0.0799996335410977089
0.0799995375587645302
0.079999407320982055
0.0799992284055499187
0.07999904537355014
0.0799988305680218031
0.0799985425760042779
0.0799981932425202075
0.079997816290728177
0.0799973149613988632
0.0799967132078914511
0.0799961185280979453
0.0799953619535589966
0.0799943815558550597
0.079993484003671303
0.0799926637645988758
0.0799915910266323638
0.0799903532340522638
0.0799890423039804066
0.0799874612775282601
0.0799857033511558319
0.079983944198734655
0.0799820299053175948
0.079980052902774379
0.0799782629049138466
0.0799763823517968403
0.0799739499839822315
0.0799706656186590509
0.0799661074450090104
0.0799595342786139779
0.0799495555786275819
0.0799333127714494523
0.0799043523613329892
0.0799999999999997935
0.0799999999999997796
0.0799999999999997935
0.079999999999999738
0.0799999999999997796
0.0799999999999997796
0.0799999999999998768
0.0799999999999998768
0.0799999999999999045
0.0799999999999996825
0.0799999999999991274
0.0799999999999972677
0.0799999999999923966
0.0799999999999801703
0.0799999999999524286
0.0799999999998969036
0.0799999999997887262
0.0799999999995836542
0.0799999999992047628
0.0799999999985201993
0.0799999999973078912
0.0799999999952005075
0.0799999999915993465
0.0799999999855448146
0.0799999999755217905
0.0799999999591736177
0.0799999999328906836
0.0799999998912265253
0.0799999998260809281
0.0799999997255712858
0.0799999995725068774
0.0799999993423096273
0.0799999990003305711
0.0799999984970305306
0.0799999977647027488
0.0799999967229130249
0.0799999952517199131
0.0799999931638701728
0.0799999901441069416
0.0799999865543181837
0.0799999814993762465
0.0799999743025126969
0.0799999657932268238
0.0799999557163573044
0.0799999419227468006
0.0799999228340760038
0.0799999016828916026
0.0799998759409584759
0.0799998415418469722
0.0799997987341314332
0.079999752041369443
0.0799996898846539184
0.0799996155003503129
0.0799995350021948798
0.0799994294483260676
0.0799992947108431468
0.0799991583100336107
0.0799990168486212488
0.079998844759331153
0.0799986438666813043
0.0799984168116655153
0.079998154543540409
0.0799978579600931633
0.0799975166447658287
0.079997085423143599
0.0799965115984176967
0.079995738408134065
0.0799946699738596501
0.079993143801027608
0.0799908890253482885
0.0799874510328527494
0.0799820441535110394
0.0799732293519418436
0.0799581440877654703
0.0799305645371146123
0.07999999999999996
0.0800000000000000017
0.0799999999999999878
0.0799999999999999462
0.0799999999999999323
0.0799999999999999045
0.0799999999999999878
0.0799999999999999739
0.0799999999999998629
0.0799999999999999184
0.0799999999999999739
0.0799999999999998768
0.0799999999999996131
0.0799999999999988637
0.0799999999999970041
0.0799999999999932848
0.0799999999999860822
0.0799999999999725098
0.0799999999999474326
0.0799999999999019967
0.0799999999998209366
0.079999999999679397
0.07999999999943605
0.0799999999990242683
0.0799999999983380672
0.0799999999972102055
0.0799999999953818486
0.079999999992457313
0.0799999999878397011
0.0799999999806405709
0.0799999999695536201
0.0799999999526834621
0.0799999999273097451
0.079999999889568893
0.0799999998340804735
0.0799999997536765955
0.0799999996384187645
0.0799999994747357529
0.0799999992447738145
0.0799999989277846574
0.0799999984919450846
0.0799999978922636829
0.0799999971252969289
0.0799999961346600091
0.0799999948101373232
0.0799999930176077262
0.0799999908116809239
0.0799999881164955018
0.079999984530140289
0.0799999798609900281
0.0799999743140517999
0.0799999671194961265
0.0799999581630792128
0.0799999473300180286
0.0799999335175313186
0.0799999166034548181
0.0799998967170698627
0.079999871642155107
0.0799998382835283295
0.0799997935747518985
0.0799997329390380874
0.0799996491592459003
0.0799995307406909384
0.0799993591322301911
0.0799991041666471142
0.0799987168861387571
0.0799981181251271795
0.0799971794632165917
0.0799956921861861986
0.0799933160674066585
0.0799894942359803407
0.0799833062723278865
0.079973174177769446
0.0799561219540610019
0.0799256063644298714
0.0800000000000002376
0.0800000000000002376
0.0800000000000002653
0.0800000000000002237
0.0800000000000001266
0.0800000000000001127
0.0800000000000002098
0.0800000000000001266
0.0800000000000002098
0.0800000000000002376
0.0800000000000001127
0.0799999999999999462
0.0799999999999999184
0.0799999999999997657
0.0799999999999997102
0.079999999999999627
0.0799999999999992661
0.0799999999999985029
0.0799999999999967959
0.0799999999999938122
0.0799999999999884692
0.0799999999999791711
0.0799999999999631561
0.079999999999935692
0.0799999999998896177
0.0799999999998131928
0.0799999999996881955
0.0799999999994862737
0.0799999999991640037
0.0799999999986558269
0.0799999999978635301
0.0799999999966420489
0.0799999999947793444
0.0799999999919684401
0.0799999999877708812
0.0799999999815690227
0.0799999999724978483
0.0799999999593587474
0.0799999999405218709
0.0799999999138623352
0.0799999998764457237
0.0799999998243559884
0.0799999997527294643
0.0799999996548612785
0.0799999995207336528
0.0799999993368874091
0.0799999990862885341
0.0799999987455442402
0.0799999982809071059
0.0799999976451314376
0.0799999967714736804
0.0799999955600283336
0.0799999938625018392
0.0799999914550256902
0.0799999879874198627
0.0799999829163737936
0.0799999753958307996
0.079999964094394943
0.0799999468916176293
0.0799999203718553681
0.0799998790434478801
0.0799998140739860558
0.0799997112634442675
0.0799995478003660415
0.0799992872909053854
0.0799988702275889196
0.0799981983293028137
0.0799971084182731357
0.0799953288606704838
0.0799924029108661366
0.0799875533193805666
0.0799794872179716287
0.0799661671274316255
0.0799460179708073454
0.0799305817728090812
0.0800000000000001404
0.0800000000000001404
0.0800000000000001266
0.0800000000000000294
0.0800000000000000433
0.07999999999999996
0.0799999999999998629
0.0799999999999998074
0.0799999999999997796
0.0799999999999997796
0.0799999999999997796
0.0799999999999998213
0.0799999999999997935
0.0799999999999998629
0.079999999999999849
0.0799999999999998213
0.0799999999999996686
0.0799999999999993633
0.0799999999999988082
0.079999999999997698
0.0799999999999957967
0.0799999999999923828
0.0799999999999864847
0.07999999999997634
0.0799999999999591177
0.079999999999930349
0.0799999999998830674
0.0799999999998062539
0.0799999999996824362
0.0799999999994855521
0.0799999999991750643
0.0799999999986906185
0.0799999999979420368
0.0799999999967958425
0.0799999999950557206
0.0799999999924360383
0.0799999999885230434
0.0799999999827219199
0.0799999999741834167
0.0799999999617096585
0.0799999999436007553
0.0799999999174615117
0.0799999998799108547
0.0799999998261267803
0.0799999997491430276
0.0799999996390793888
0.0799999994814467041
0.0799999992546907984
0.0799999989267115574
0.0799999984517481971
0.0799999977588341654
0.0799999967323080097
0.0799999951801162318
0.0799999927861957671
0.0799999889591392066
0.0799999824829827205
0.0799999706541191791
0.0799999547722442111
0.0799999356501287923
0.0799999020776576142
0.0799998442366380846
0.0799997443392482382
0.0799995698293985286
0.0799992520428746134
0.0799988919346090871
0.0799983812937239136
0.0799976378524701603
0.0799962883642574146
0.0799938940544515642
0.0799896850322645986
0.0799823548965825359
0.079974195562393588
0.0799665554006517981
0.0799580310559305091
0.0799468513597448166
0.0800000000000002098
0.0800000000000001821
0.0800000000000002931
0.0800000000000001682
0.0800000000000000988
0.0800000000000000155
0.0800000000000000017
0.0799999999999999045
0.0799999999999999184
0.0799999999999999323
0.0799999999999999462
0.079999999999999738
0.0799999999999996547
0.0799999999999995159
0.079999999999999058
0.0799999999999979894
0.0799999999999957412
0.0799999999999915223
0.0799999999999837508
0.0799999999999694705
0.0799999999999437689
0.0799999999998984718
0.0799999999998202149
0.0799999999996870576
0.0799999999994639027
0.079999999999095156
0.0799999999984939286
0.0799999999975261195
0.0799999999959871144
0.0799999999935686185
0.0799999999898108605
0.0799999999840338427
0.0799999999752412927
0.0799999999619895874
0.0799999999422152386
0.0799999999129983597
0.0799999998702253662
0.0799999998081318692
0.0799999997187370165
0.0799999995912339668
0.0799999994111464524
0.0799999991589799286
0.0799999988082710778
0.079999998323966634
0.0799999976677760599
0.079999996792107772
0.0799999956249770189
0.0799999940571081841
0.0799999919303620299
0.0799999890565241401
0.0799999850950102592
0.0799999792647501234
0.0799999695340342376
0.0799999601651098791
0.0799999506635954843
0.0799999393301778217
0.0799999218160737657
0.0799998944962796305
0.0799998521070967583
0.0799997850999988463
0.0799996764874549293
0.0799994956992944178
0.0799991840661109233
0.0799986320046217197
0.0799979627454317221
0.079997118980479287
0.0799958520470134826
0.0799942671685146128
0.0799919001048421396
0.0799896736365042216
0.0799869771968695492
0.0799827853091438085
0.079977243749144486
0.0799707347785897915
0.0799594277102410739
0.0800000000000001821
0.0800000000000001682
0.0800000000000002515
0.0800000000000002376
0.0800000000000001543
0.0800000000000000711
0.0800000000000000294
0.0799999999999999878
0.0799999999999998768
0.0799999999999998768
0.0799999999999996547
0.079999999999999169
0.0799999999999976563
0.0799999999999939926
0.0799999999999852357
0.0799999999999670003
0.0799999999999311262
0.0799999999998623063
0.0799999999997338951
0.0799999999994996797
0.0799999999990814586
0.0799999999983498633
0.0799999999970932574
0.0799999999949713575
0.0799999999914445675
0.079999999985666842
0.0799999999763286729
0.0799999999614318114
0.0799999999379779475
0.0799999999015270913
0.0799999998455534211
0.0799999997605105317
0.0799999996325248125
0.0799999994417007476
0.0799999991601083316
0.0799999987488325126
0.0799999981531393789
0.0799999972955438843
0.0799999960696607393
0.0799999943520121465
0.0799999919877513316
0.079999988765845173
0.0799999843804185401
0.079999978402914021
0.07999997037669139
0.0799999604692260696
0.0799999470969688792
0.0799999279423045662
0.0799998967749666334
0.0799998696479597982
0.0799998435334040303
0.0799998145027275842
0.0799997767065018933
0.0799997277419383784
0.0799996651158098315
0.0799995884071285357
0.0799994892514760136
0.0799993610884900258
0.0799991955774336932
0.0799989714655738454
0.079998654791924112
0.0799981736805242538
0.0799973574056613151
0.0799966760790809528
0.0799960033653614455
0.0799953169237255096
0.0799944785481704751
0.0799933582082602568
0.0799919808285555062
0.0799902710314687598
0.0799878455725235721
0.0799848369815926441
0.0799806469764036965
0.0799743745822518032
0.079963713298284278
0.0800000000000000155
0.0800000000000000433
0.0799999999999999878
0.0799999999999999184
0.0800000000000000155
0.0800000000000000294
0.0799999999999999739
0.0799999999999998213
0.0799999999999995159
0.0799999999999985723
0.0799999999999953804
0.0799999999999867345
0.0799999999999634198
0.0799999999999038702
0.0799999999997614564
0.0799999999994666228
0.0799999999988870863
0.0799999999977786813
0.079999999995715193
0.0799999999919684124
0.0799999999853189675
0.0799999999737633916
0.079999999954070547
0.0799999999211183505
0.079999999866883803
0.0799999997789023198
0.079999999638018085
0.0799999994153104688
0.0799999990681900947
0.079999998534802122
0.07999999772507424
0.0799999965066126861
0.0799999946846594867
0.0799999919816599819
0.0799999880537336783
0.0799999824526132775
0.0799999745213372943
0.0799999632833902075
0.0799999473944077444
0.079999925473035069
0.0799998956956722851
0.0799998548557447064
0.0799997956782157044
0.0799996985344187533
0.0799996074573715854
0.0799995193127098492
0.0799994138910690294
0.079999280276997306
0.0799991290346451639
0.0799989292097479793
0.0799986632091096855
0.0799983267568321332
0.0799979560054845384
0.0799975040271268395
0.0799969547882736914
0.0799962639166906936
0.0799953155335090538
0.0799938447876163278
0.0799930186843186147
0.079992241443549772
0.0799910908087135969
0.0799893334923869742
0.0799880447802873706
0.0799868993471824358
0.0799856614389807263
0.0799843214834547594
0.0799826853964051704
0.079980739021665026
0.079978688410474813
0.079976073800025943
0.0799727332508960581
0.0799691435406890139
0.0799643136607318811
0.0799573066045305841
0.0799456496979855241
0.0800000000000000017
0.0799999999999998213
0.0799999999999998629
0.0799999999999998906
0.0799999999999998906
0.0799999999999997241
0.0799999999999992939
0.0799999999999973371
0.0799999999999918693
0.0799999999999752576
0.079999999999926491
0.079999999999789656
0.0799999999994224914
0.079999999998485255
0.0799999999962425629
0.0799999999915847054
0.0799999999824362457
0.0799999999649764898
0.079999999932601068
0.0799999998741395407
0.0799999997710850452
0.0799999995933781405
0.0799999992931685472
0.0799999987957806802
0.0799999979852906301
0.0799999966808797591
0.0799999946021628383
0.0799999913295134507
0.0799999863014686508
0.0799999787574922905
0.0799999675842554964
0.0799999510821627347
0.0799999266748111504
0.0799998906459058606
0.0799998388189656767
0.0799997656125855106
0.0799996606683530675
0.0799995017409446119
0.0799992343777281151
0.0799989489824085159
0.0799986371571619059
0.0799982786802018453
0.0799978218104740457
0.0799972141659139463
0.0799965158549968275
0.0799956055318494369
0.0799944012096100721
0.0799930412112499906
0.079991640706436995
0.0799899077047813017
0.0799875520882348118
0.0799849979982937137
0.0799817961472635702
0.0799773939394627931
0.0799705645069668097
0.0799667510525032682
0.0799636309928585531
0.0799599032523223979
0.0799545300418269267
0.0799460990783204817
0.0799412466949101924
0.0799367169737056626
0.079931919818912095
0.079926936340549426
0.0799207747203941193
0.0799130687507606657
0.0799064020923972579
0.0799006608583339301
0.0798929289999531361
0.0798844029775212933
0.0798728284497839669
0.0798624184180782015
0.0798487340496155801
0.0798324697116549048
0.0798070937117748846
0.0800000000000000572
0.0799999999999999878
0.0799999999999998074
0.0799999999999994604
0.0799999999999985029
0.0799999999999954081
0.079999999999986901
0.0799999999999603667
0.0799999999998771832
0.0799999999996228311
0.0799999999988735555
0.0799999999967647979
0.0799999999911142207
0.0799999999767321696
0.07999999994229616
0.0799999998702338871
0.0799999997286334336
0.0799999994587259344
0.0799999989601063166
0.0799999980648107151
0.0799999964971097044
0.079999993812574971
0.079999989316788131
0.0799999820065885187
0.0799999703704008663
0.0799999519501075479
0.0799999228411131663
0.0799998772250746087
0.0799998080441058912
0.0799997061592543635
0.0799995568834574594
0.0799993331549220532
0.0799989799163127874
0.0799983675789383009
0.0799976590681210215
0.0799969148658409984
0.0799959337639459395
0.0799944985629414129
0.0799926671442535431
0.0799902397179140245
0.079987000408552722
0.0799828589484776475
0.0799782219736034361
0.0799725226984799864
0.0799654407163852415
0.0799559650928750032
0.0799459752363934351
0.0799370939878452785
0.0799262979219784314
0.0799111075459245784
0.0798879384520698732
0.079865709796442752
0.0798488556937101968
0.0798304380982900047
0.0798084336184913534
0.0797846033221744771
0.0797534149531590464
0.0797299799473775994
0.0797100566913615804
0.0796925483681330815
0.0796706284497268047
0.0796426706032953569
0.0796171429320299412
0.0795858840349400604
0.0795421768120762179
0.0795095671625663247
0.0794767615290614682
0.0794432208049027505
0.0794147255575491234
0.0793767580083632185
0.0793249029741709272
0.0792766644183086205
0.0792136764370254265
0.0791351715710845866
0.0790315322678027954
0.0799999999999996408
0.0799999999999982808
0.0799999999999952416
0.0799999999999881917
0.0799999999999721351
0.0799999999999306682
0.0799999999998080441
0.0799999999994203126
0.0799999999981876736
0.0799999999943752649
0.0799999999830785236
0.0799999999512320675
0.0799999998660587547
0.0799999996501590815
0.0799999991339721273
0.0799999980378278824
0.0799999958788430582
0.0799999917719307618
0.0799999842732248834
0.0799999709844446127
0.079999948025171172
0.0799999091774134252
0.0799998447628115922
0.0799997415583094257
0.0799995788194524521
0.0799993165513948751
0.0799988750394606957
0.0799980828177817571
0.0799970617600729017
0.0799958851279427285
0.0799943577002828199
0.079992087558609079
0.0799887559490728983
0.0799839616529472858
0.0799770645486532206
0.0799672301666808222
0.0799536351894816477
0.0799352350997158123
0.0799152138145598212
0.0798887792370170935
0.0798552620278977082
0.0798221211658383389
0.0797796682628304915
0.0797219398581678201
0.079634730044071414
0.0795908357135079875
0.0795608138724772374
0.0795169638824266695
0.0794558711879675139
0.0793716247959244947
0.0792899022342479914
0.0791856802176194308
0.0790451290628887276
0.0788525210167592694
0.0787566103560653763
0.0786781189975021139
0.0786169295062210671
0.0785477015994791722
0.0784754329106123055
0.078390420154135429
0.0782656240410048304
0.0781188935676397495
0.0779771298843103394
0.0777886559671688294
0.0775539879176148361
0.0774278653568183511
0.0772881106298832082
0.0771274818787827388
0.0769928409519569507
0.0768442850711250763
0.0766326982421076108
0.0764273083675513221
0.0761507305130198903
0.07581920180481172
0.0753771916700416156
0.0799999999999906064
0.0799999999999664868
0.0799999999999141398
0.0799999999998076972
0.079999999999585833
0.0799999999990247818
0.0799999999973241144
0.0799999999917957866
0.0799999999738716661
0.079999999917767961
0.0799999997505225491
0.0799999992784044128
0.0799999980187050125
0.0799999948416711959
0.0799999872779011689
0.0799999708784350921
0.0799999383659928676
0.0799998762348346631
0.079999763273726987
0.0799995646923222087
0.0799992228044636433
0.0799986278743608087
0.0799975400134856629
0.0799961048017754223
0.0799943685677082655
0.0799915344932586869
0.0799869635137508139
0.0799800002089328665
0.0799697787358425033
0.079954932298837697
0.0799335447772679536
0.0799031999913357993
0.0798609938152036319
0.0798020017249856106
0.0797157986183967826
0.0795746500864173839
0.0794518004368868769
0.079338605379064564
0.0792191929640097547
0.0790421406107244123
0.0788330857996149686
0.0786677779797911314
0.0784638500726172194
0.0782471025048386143
0.0779579969386327565
0.0776331218955069735
0.0773705325436627039
0.077055547715324732
0.0766127573618915619
0.075912582457344599
0.0754937860288706769
0.0751617555889736305
0.0748673349012855815
0.0745491519224182053
0.0741609980673843538
0.0737495688423133872
0.0733776005128993769
0.0729840982044579339
0.0725912735924774677
0.0722743791410703218
0.0718906239453838691
0.0713794074724611871
0.0708387346433555498
0.0701102729381666984
0.0693344693140396234
0.0687256261521524969
0.0681562175812509274
0.0676173081607718413
0.0671066328635914061
0.066606671919747687
0.0659324456055238595
0.0651883262153633569
0.0641893340622529673
0.0630693518673809128
0.0615492143023236571
0.0799999999997954986
0.079999999999367119
0.0799999999985521876
0.0799999999970229941
0.079999999994079779
0.0799999999867355149
0.0799999999633914244
0.0799999998851149974
0.0799999996272491853
0.0799999988146889718
0.0799999963906545819
0.0799999895726445226
0.0799999715089787233
0.07999992639006899
0.0799998200035963308
0.0799995830957063309
0.0799990845034042608
0.0799981001767753469
0.079996648511175647
0.0799941244921649475
0.0799900800348309071
0.0799838107171339935
0.0799740788051119533
0.0799587599344872557
0.0799340761949297457
0.0798926591528812541
0.079818241149354513
0.0797250129871233115
0.0796147607130143486
0.0794720536167099201
0.0792736136575095673
0.0790006535012469785
0.0786284821223254132
0.0781391499440954457
0.0775266000141890815
0.0768378054185798326
0.0761207243722544225
0.0753408705229064862
0.074448052387920266
0.0734456870563982428
0.0724006088129733882
0.0714183540379955961
0.0704097333074090309
0.0690760031125988994
0.0674270658480659452
0.0655685069673520582
0.0640924866209163918
0.0634483834820010473
0.0628436743319103902
0.0620532398954856887
0.0610356068485984685
0.0599992989066949339
0.0588699527361995906
0.0575144009133496184
0.0560515059876867811
0.0549771409524584878
0.0543166792119259348
0.0537376652069005561
0.0531443289317022061
0.0523992194333436218
0.0515033414457487515
0.0503619860390216306
0.048813354242090122
0.0467052321727910585
0.0440483842209884666
0.0424270466311379713
0.0416305843284832458
0.0409174348826275291
0.0400284966247878224
0.0388032182255207206
0.0374538490756195983
0.0358574434721010346
0.0336970673519864788
0.0311947639755769841
0.0289495803092458537
0.0799999999937854034
0.0799999999856683686
0.0799999999744903378
0.0799999999574930176
0.079999999927541296
0.0799999998471700724
0.0799999995648643797
0.079999998571828837
0.0799999952183555879
0.0799999845053075698
0.0799999523344759045
0.0799998617598802753
0.0799996226969621332
0.0799990303333681513
0.0799976507591004943
0.0799946355598047248
0.0799884493479930542
0.0799760599657763638
0.0799513632697713
0.0799132922024011899
0.0798675286903905018
0.0798072700428258119
0.0797105767837232027
0.0795571575378525159
0.079320195816957817
0.0789603478837356126
0.0784217598100916263
0.0776276558742948625
0.0764742194824219457
0.0748225019775151656
0.0724966402774193525
0.069458136770462503
0.0664428769832488691
0.0634715559709839033
0.0605548458511040583
0.0577035189002378518
0.0549387228532291841
0.0522719746201915358
0.0497300254665975841
0.0473287105576285089
0.0451018279813341361
0.0430365675974860723
0.0411498054655071444
0.0394571389587242624
0.0382281377932737684
0.0369443622983423245
0.0356207071741606596
0.0340837528509851523
0.0324544235931185088
0.0311237345204370824
0.0300605406465488563
0.0290219919766773193
0.0279701054255770479
0.0269168614158449282
0.0258792274842163696
0.02486964309971074
0.0238668880103756025
0.0227820526049057892
0.0215397809318463897
0.0201527059411761647
0.0186986530582593166
0.0174740821915489661
0.0165148360998066228
0.0156607043855962365
0.0149053033884533632
0.0142253193345649731
0.0135445604949722201
0.0127273511333391119
0.0117585173658805373
0.0106800437986873629
0.00963059355590573617
0.00881806065045549758
0.008220908853722491
0.0077238347353080633
0.00702203795930426283
)
;

boundaryField
{
    reactingWall
    {
        type            catalyticWall;
        gradient        uniform 0;
    }
    inertWall
    {
        type            zeroGradient;
    }
    inlet
    {
        type            fixedValue;
        value           uniform 0.0800000000000000017;
    }
    outlet
    {
        type            zeroGradient;
    }
    defaultFaces
    {
        type            empty;
    }
}


// ************************************************************************* //
