/*--------------------------------*- C++ -*----------------------------------*\
  =========                 |
  \\      /  F ield         | OpenFOAM: The Open Source CFD Toolbox
   \\    /   O peration     | Website:  https://openfoam.org
    \\  /    A nd           | Version:  8
     \\/     M anipulation  |
\*---------------------------------------------------------------------------*/
FoamFile
{
    version     2.0;
    format      ascii;
    class       volScalarField;
    location    "0.3";
    object      gas::h;
}
// * * * * * * * * * * * * * * * * * * * * * * * * * * * * * * * * * * * * * //

dimensions      [0 2 -2 0 0 0 0];

internalField   nonuniform List<scalar> 
1800
(
-158553.580710883427
-158553.58071088334
-158553.58071088366
-158553.58071088366
-158553.580710883834
-158553.58071088366
-158553.580710883834
-158553.580710883951
-158553.580710883951
-158553.580710883602
-158553.580710883747
-158553.580710883514
-158553.580710882292
-158553.580710871232
-158553.580710789072
-158553.580710883747
-158553.580710883747
-158553.580710883427
-158553.58071088334
-158553.580710883311
-158553.580710883514
-158553.58071088366
-158553.580710883456
-158553.580710883456
-158553.580710883747
-158553.580710884096
-158553.580710883951
-158553.580710883951
-158553.580710882205
-158553.580710873648
-158553.580710883456
-158553.580710883456
-158553.580710883136
-158553.580710883602
-158553.580710883893
-158553.580710883776
-158553.580710883834
-158553.580710884213
-158553.580710884213
-158553.580710884416
-158553.580710883893
-158553.580710883747
-158553.580710883747
-158553.580710883572
-158553.580710882292
-158553.580710883776
-158553.580710883747
-158553.580710884184
-158553.580710883747
-158553.580710883572
-158553.580710883514
-158553.580710883834
-158553.580710884358
-158553.580710883834
-158553.580710883951
-158553.580710883776
-158553.580710883572
-158553.580710883602
-158553.580710883427
-158553.580710883194
-158553.580710883893
-158553.580710884184
-158553.580710883747
-158553.580710883514
-158553.580710883194
-158553.580710883456
-158553.580710883427
-158553.580710883136
-158553.580710883194
-158553.580710883136
-158553.580710883572
-158553.580710883776
-158553.580710883572
-158553.580710883456
-158553.580710883572
-158553.580710883747
-158553.580710883834
-158553.580710883776
-158553.580710883776
-158553.58071088366
-158553.580710883834
-158553.580710883747
-158553.580710883834
-158553.580710883951
-158553.580710883834
-158553.580710884271
-158553.580710884213
-158553.580710884038
-158553.580710883834
-158553.580710883834
-158553.580710883893
-158553.58071088366
-158553.58071088366
-158553.580710883456
-158553.58071088334
-158553.580710883427
-158553.580710883194
-158553.580710883194
-158553.58071088366
-158553.580710883951
-158553.580710883834
-158553.580710883747
-158553.58071088366
-158553.580710883747
-158553.580710883194
-158553.58071088366
-158553.58071088334
-158553.580710883514
-158553.580710883834
-158553.580710883456
-158553.58071088366
-158553.580710883747
-158553.580710883456
-158553.58071088334
-158553.580710883456
-158553.580710884271
-158553.580710884329
-158553.580710883747
-158553.580710883572
-158553.580710883136
-158553.580710883747
-158553.580710883514
-158553.580710883747
-158553.580710883776
-158553.580710883834
-158553.580710884329
-158553.580710884213
-158553.580710884416
-158553.580710884329
-158553.580710883776
-158553.580710883747
-158553.580710883834
-158553.580710883747
-158553.580710883834
-158553.580710883514
-158553.580710883427
-158553.580710883747
-158553.580710883747
-158553.580710883427
-158553.580710883572
-158553.580710883747
-158553.580710884038
-158553.580710883951
-158553.580710883776
-158553.580710884096
-158553.580710883834
-158553.580710883747
-158553.58071088334
-158553.580710883834
-158553.580710884329
-158553.580710883893
-158553.580710884329
-158553.580710884329
-158553.580710883834
-158553.580710883776
-158553.580710883893
-158553.580710883951
-158553.580710884038
-158553.580710883951
-158553.580710884184
-158553.580710883893
-158553.580710883834
-158553.580710883747
-158553.580710884271
-158553.580710883951
-158553.580710883747
-158553.580710883834
-158553.580710884271
-158553.580710883747
-158553.580710883747
-158553.580710883194
-158553.580710883427
-158553.58071088366
-158553.580710883776
-158553.58071088366
-158553.580710883834
-158553.580710884038
-158553.580710883776
-158553.580710884271
-158553.580710884096
-158553.580710883572
-158553.580710883572
-158553.58071088334
-158553.58071088334
-158553.580710883078
-158553.58071088334
-158553.580710883427
-158553.580710883194
-158553.580710883602
-158553.580710883834
-158553.580710884096
-158553.580710884096
-158553.580710884213
-158553.580710884329
-158553.580710883893
-158553.580710883834
-158553.580710883514
-158553.580710883311
-158553.580710883514
-158553.580710883602
-158553.580710883747
-158553.580710883311
-158553.580710883427
-158553.580710883951
-158553.580710884562
-158553.580710884329
-158553.580710883893
-158553.580710883747
-158553.580710883834
-158553.580710883456
-158553.580710883456
-158553.580710883572
-158553.580710883776
-158553.580710883747
-158553.580710883747
-158553.580710883776
-158553.580710883951
-158553.580710883834
-158553.580710884038
-158553.580710884416
-158553.580710883834
-158553.580710883747
-158553.580710883893
-158553.58071088366
-158553.580710883456
-158553.580710883311
-158553.580710883427
-158553.580710883602
-158553.580710883572
-158553.58071088334
-158553.580710883514
-158553.580710883893
-158553.580710883514
-158553.580710883078
-158553.580710883311
-158553.580710883602
-158553.580710883311
-158553.580710883514
-158553.580710883514
-158553.580710883427
-158553.580710883747
-158553.580710884096
-158553.58071088366
-158553.580710883572
-158553.580710883514
-158553.58071088366
-158553.580710883747
-158553.580710883834
-158553.580710884184
-158553.580710883893
-158553.580710883747
-158553.580710883747
-158553.580710883747
-158553.580710883747
-158553.580710883427
-158553.580710883747
-158553.580710883747
-158553.580710883834
-158553.580710883834
-158553.580710883747
-158553.580710883572
-158553.580710883427
-158553.580710883602
-158553.580710883456
-158553.580710883194
-158553.580710883311
-158553.580710883427
-158553.580710883747
-158553.58071088366
-158553.580710881535
-158553.580710883514
-158553.580710884096
-158553.580710883747
-158553.580710883194
-158553.580710883194
-158553.580710883456
-158553.580710883456
-158553.58071088299
-158553.580710883078
-158553.580710883456
-158553.580710884096
-158553.580710883834
-158553.580710883136
-158553.580710880982
-158553.580710849754
-158553.580710883078
-158553.580710883514
-158553.580710883194
-158553.580710883311
-158553.580710883776
-158553.580710884213
-158553.580710883776
-158553.580710883951
-158553.580710883572
-158553.58071088334
-158553.580710882903
-158553.580710882379
-158553.580710881535
-158553.580710864713
-158553.580710407434
-158553.580710529262
-158553.580709498725
-158553.580705259577
-158553.580687644047
-158553.580615046259
-158553.58032309945
-158553.579191578174
-158553.575004113634
-158553.560308295739
-158553.511653342342
-158553.360435074632
-158552.92236311239
-158551.753329798608
-158548.926264916867
-158542.859545310464
-158530.770458686893
-158507.211273719178
-158462.496573119395
-158379.923946139694
-158231.629118369543
-157972.750630959694
-157534.097102437925
-156814.059793754044
-155713.868188105029
-154109.304204647633
-151867.501460955013
-148884.148456705007
-145071.293619652628
-140358.914094989625
-134723.034754386521
-128173.963826634848
-120744.095483025711
-112497.441220730761
-103539.799831375261
-94028.9849187297514
-84174.5298939595668
-74224.919360102489
-64447.5736169074371
-55073.8554904337143
-46264.184499808398
-38126.1582722563398
-30700.5008421233288
-23950.7754453198722
-17867.7131590566678
-12488.8799924858504
-7777.98356456887541
-3262.10768492334637
2164.81950995135958
7839.65045765559807
12816.222077800021
16724.2856744586934
20660.4105080511617
24751.3431127264266
28798.4007470909091
32665.915573961669
36367.7075074654131
39980.6449899266518
43689.6078168857348
47979.5299545348244
52940.9064684136829
57940.0897731677032
61495.5724421230188
64700.6010114744495
67723.7274309539935
70500.2440029639547
72996.8193566640548
75778.409259272652
79141.67868493282
82937.5150446490734
86226.1923269173858
88669.8727132863569
91539.4153114807123
95024.4574682954117
97198.8899644638295
99510.3989220099029
-158553.580710847804
-158553.580710750743
-158553.580710373732
-158553.580708882189
-158553.580702981882
-158553.580680041225
-158553.580593523686
-158553.580280239432
-158553.579198914755
-158553.575660143513
-158553.564730391226
-158553.533057841996
-158553.44773352507
-158553.237068239105
-158552.778080156568
-158551.865554285527
-158550.095498122973
-158546.75314918239
-158540.606079444144
-158529.590006280865
-158510.355434224795
-158477.655383544741
-158423.577160164248
-158336.622538687952
-158201.741450760048
-157995.166973231535
-157686.459157221019
-157278.013527232892
-156725.04075546618
-155987.765107013198
-155062.838932799321
-153921.909918022546
-152539.668857005803
-150890.792868243036
-148975.806536354386
-146805.836757079349
-144321.576083251188
-141585.502534631552
-138721.003255982127
-135482.514363815775
-131890.522589837958
-128647.893426339229
-125213.684310316341
-120758.058331551219
-116235.184985470478
-112150.204621611847
-108004.992841496831
-104738.184621608161
-101964.396198117378
-98271.8976032922801
-93205.9585309815448
-89126.5853284874465
-85559.4117045206076
-80845.2748355033691
-74892.442272362372
-70048.5450115468702
-67489.0718283387978
-65735.0784939331643
-63479.7327491050237
-60401.7422169990532
-56287.0059412021437
-51385.9144881051398
-44712.2380446382449
-36450.3535480574064
-28305.4250397232536
-23613.7359042260759
-21702.0147915292109
-19460.2763513102364
-16258.7690609867132
-11690.0657604891439
-5376.69986216425696
61.8962267015717345
4112.98605729995779
10671.0178489903956
18571.570831538229
-158553.580710879382
-158553.580710869195
-158553.580710830487
-158553.580710684328
-158553.580710126233
-158553.580708021735
-158553.580700270686
-158553.580672726093
-158553.580579018482
-158553.58027551166
-158553.579343966383
-158553.576648999267
-158553.569358544948
-158553.551160143048
-158553.511136412882
-158553.431584170554
-158553.27750543307
-158552.987174461625
-158552.454204264388
-158551.499857696996
-158549.831904442748
-158546.986109885358
-158542.246671590867
-158534.541591242567
-158522.286434661481
-158503.109763329267
-158473.361764261208
-158432.623418910167
-158376.798414933262
-158294.115628214407
-158190.965483806474
-158048.21657211383
-157877.848565170396
-157656.984207838483
-157349.994281079795
-157035.585581006511
-156672.475791931094
-156158.510551344836
-155604.552369573037
-155075.406752696377
-154349.979153049644
-153514.863444769842
-152768.742584354593
-151800.44161752233
-150623.68889654646
-149560.475559919636
-148605.709523591329
-147682.268679909495
-146746.141116458166
-145487.744846731366
-143756.79874249117
-141886.942289017927
-140581.57128676711
-138970.731552192417
-136745.212654757779
-135308.601176921802
-134114.009573044546
-132607.570813394501
-131369.339880911139
-130311.503384375697
-128862.030806434952
-126873.077002488673
-124904.8370422546
-122299.824398789511
-119305.010235972019
-116877.572607881724
-114475.270794807104
-112189.673425222209
-109998.356582601569
-107837.955107124435
-105711.902635215069
-103115.596764572707
-99418.3172679067211
-95071.4887391512457
-89211.1182318041829
-158553.58071088299
-158553.580710882059
-158553.580710878101
-158553.580710863811
-158553.580710812821
-158553.58071062676
-158553.580709959992
-158553.580707644636
-158553.580699909857
-158553.580675203237
-158553.580600085581
-158553.580383783759
-158553.579798019346
-158553.578325344861
-158553.575070262217
-158553.568603483291
-158553.556097235036
-158553.532579366787
-158553.489487269719
-158553.412402553979
-158553.277597876237
-158553.046909574827
-158552.660270332213
-158552.024874567258
-158550.999258204014
-158549.369781505695
-158546.824320794491
-158543.035893305088
-158537.785854233836
-158529.943086952437
-158519.233041353145
-158503.784900448925
-158485.497104789712
-158459.635209123575
-158422.049273784127
-158380.968511058629
-158333.483225716947
-158265.218004430673
-158177.121079492412
-158098.787395224033
-157992.872191224218
-157845.589556653926
-157707.565811280074
-157558.054379892419
-157356.20123114562
-157115.852290138399
-156916.578005540505
-156674.761068508029
-156381.178975544346
-156121.620261537144
-155801.523605804454
-155357.359788688453
-154976.670270166214
-154587.762874358479
-154043.549787135998
-153574.66393436378
-153271.514194201241
-152933.664768306015
-152645.455208381638
-152300.210018184647
-151829.391566555889
-151270.856290307682
-150755.676788819459
-150068.622297646216
-149274.587047748064
-148659.308703747374
-148112.42902770685
-147589.023154115042
-146891.552811674104
-146170.192059479654
-145470.493897309672
-144616.762824423204
-143529.917796724738
-142061.159441538417
-139933.846516852442
-158553.580710883747
-158553.58071088366
-158553.580710883136
-158553.580710882001
-158553.58071087749
-158553.580710861221
-158553.580710805341
-158553.580710614129
-158553.580709987262
-158553.580708012159
-158553.58070206258
-158553.580685014575
-158553.58063884353
-158553.580522205302
-158553.580262999691
-158553.579747709446
-158553.578750790068
-158553.57687573423
-158553.573438962543
-158553.567286041129
-158553.556507239089
-158553.538006964285
-158553.506865095173
-158553.455407465459
-158553.371887414891
-158553.238721849222
-158553.030420616124
-158552.711305924022
-158552.23791154442
-158551.535151155724
-158550.509478955704
-158549.006728542474
-158547.145462571818
-158544.430062188301
-158540.382168810378
-158535.748892289062
-158530.113429020683
-158522.027472038288
-158510.601710351999
-158500.137057094107
-158485.725831631949
-158465.071094910294
-158445.405573922239
-158421.933947705227
-158393.179146867769
-158354.84593542965
-158319.761080247525
-158282.134662200318
-158230.443670239911
-158173.633230435342
-158114.061545951059
-158032.62533005781
-157943.856989934226
-157867.808940892457
-157765.596697208122
-157654.264840946853
-157572.229856501217
-157484.309473120928
-157382.104202311602
-157286.847328073927
-157179.926456163143
-157035.174826440896
-156892.33273065195
-156764.528893377195
-156595.65888346557
-156421.191371341003
-156318.953501274518
-156209.047597781464
-156068.134567678091
-155932.537821350066
-155753.113768735959
-155538.503671703977
-155251.432798308495
-154875.786578090541
-154267.482118811458
-158553.580710884271
-158553.580710884504
-158553.580710884096
-158553.580710883602
-158553.580710883427
-158553.580710881826
-158553.580710877344
-158553.58071086189
-158553.580710812705
-158553.580710660666
-158553.580710207345
-158553.580708915542
-158553.580705420696
-158553.580696565739
-158553.580676770682
-158553.580637371429
-158553.5805610393
-158553.580417259975
-158553.580153291026
-158553.579679724848
-158553.578847872821
-158553.577415043546
-158553.574992226582
-158553.570966760773
-158553.564390602929
-158553.553824349947
-158553.537131411635
-158553.51122314902
-158553.471695495711
-158553.412218466605
-158553.323897993949
-158553.192977290571
-158553.014557923365
-158552.751616747701
-158552.358538396074
-158551.893109503231
-158551.284070389142
-158550.410230658832
-158549.1485919939
-158547.904517626652
-158546.171815545909
-158543.665395357617
-158541.081265788205
-158538.162073973625
-158534.240592722548
-158528.892047707341
-158523.839988128108
-158517.82520962556
-158509.672750074242
-158501.075386911631
-158491.702487852395
-158479.093006829353
-158464.590080923866
-158450.90155467391
-158433.373045899527
-158411.722983753774
-158393.223668599792
-158376.773320770561
-158355.027767336316
-158331.237894362363
-158308.525960911385
-158278.845936501632
-158245.385222303972
-158217.129586112656
-158186.713937461813
-158144.996919865196
-158114.008533122134
-158091.69416084222
-158068.267982566409
-158037.623719632364
-157995.915657835692
-157940.754201532953
-157865.083965320926
-157753.072008490009
-157564.737470293592
-158553.580710883427
-158553.580710882903
-158553.580710883136
-158553.580710883602
-158553.58071088334
-158553.580710883194
-158553.580710882845
-158553.580710881681
-158553.580710877926
-158553.580710866634
-158553.580710833718
-158553.580710740673
-158553.580710488721
-158553.58070984896
-158553.58070840771
-158553.580705534725
-158553.580699956306
-158553.580689422088
-158553.580670028459
-158553.580635126302
-158553.580573595013
-158553.580467160005
-158553.580286295881
-158553.579984084499
-158553.579487182229
-158553.578682836989
-158553.577400727896
-158553.575388049998
-158553.572275352315
-158553.567528719665
-158553.56038832257
-158553.549781620008
-158553.534216314525
-158553.511325703847
-158553.477264186542
-158553.434508617152
-158553.374447808805
-158553.289164453076
-158553.165257352608
-158553.031998224877
-158552.844407731871
-158552.573083495896
-158552.276989285485
-158551.933832017938
-158551.469162737689
-158550.832042828784
-158550.184294886334
-158549.418688298872
-158548.391045167838
-158547.152137589932
-158545.809618801402
-158544.021412949718
-158541.889272110246
-158539.7751027458
-158537.067972641322
-158533.589111379639
-158530.428126351413
-158527.512730979564
-158523.684761976619
-158519.289636106289
-158514.626710577839
-158509.001011620014
-158502.77095245244
-158496.532369078399
-158489.734323918063
-158482.746680763172
-158476.414396274427
-158469.696447981347
-158460.970406773733
-158449.180602937762
-158432.802887065103
-158409.161297637213
-158373.240384013858
-158314.73704588908
-158210.399741860718
-158553.580710882758
-158553.580710882758
-158553.580710882816
-158553.580710882525
-158553.580710882699
-158553.580710882699
-158553.58071088299
-158553.58071088299
-158553.580710883136
-158553.580710882496
-158553.580710880342
-158553.58071087359
-158553.580710856244
-158553.580710812472
-158553.580710713111
-158553.580710514216
-158553.580710127164
-158553.580709393515
-158553.580708038033
-158553.580705589935
-158553.580701255269
-158553.580693721422
-158553.580680849147
-158553.580659211264
-158553.580623395974
-158553.580564987904
-158553.580471099354
-158553.580322287249
-158553.580089638475
-158553.579730747937
-158553.579184288828
-158553.578362622095
-158553.577142119699
-158553.575345896272
-158553.572731923196
-158553.569017049711
-158553.563769898261
-158553.556324365549
-158553.545576168282
-158553.532777296845
-158553.514746703702
-158553.489024849405
-158553.458964099234
-158553.42295962444
-158553.373732635606
-158553.305679098412
-158553.230663844704
-158553.138890061382
-158553.016166603775
-158552.864206256461
-158552.697914558899
-158552.476333898579
-158552.212385865947
-158551.925563926547
-158551.548185283522
-158551.06969528168
-158550.587135008158
-158550.083985176316
-158549.470851280814
-158548.75644603587
-158547.948882529134
-158547.01624191142
-158545.961273941008
-158544.742308251676
-158543.195862044784
-158541.136274208984
-158538.358786204888
-158534.515317249141
-158529.017168830207
-158520.88379224349
-158508.470956162433
-158488.940326373297
-158457.098714418709
-158402.621090971399
-158303.050988994481
-158553.580710883427
-158553.580710883572
-158553.580710883427
-158553.58071088334
-158553.580710883311
-158553.580710883136
-158553.580710883514
-158553.58071088334
-158553.58071088299
-158553.580710883311
-158553.58071088334
-158553.580710883078
-158553.580710881972
-158553.580710879411
-158553.580710872688
-158553.580710859474
-158553.580710833514
-158553.580710785172
-158553.580710695504
-158553.580710532697
-158553.580710242939
-158553.580709736736
-158553.580708866764
-158553.580707394722
-158553.580704942113
-158553.580700911349
-158553.580694378237
-158553.580683929817
-158553.580667434551
-158553.580641721026
-158553.5806021264
-158553.580541887553
-158553.580451298389
-158553.580316576146
-158553.580118529411
-158553.579831613111
-158553.579420356022
-158553.578836393339
-158553.578016359737
-158553.576885933639
-158553.575331684347
-158553.573190923664
-158553.570465853554
-158553.566932459711
-158553.562207902694
-158553.555812488339
-158553.547973290406
-158553.538364090666
-158553.525566077937
-158553.508950683929
-158553.489184766542
-158553.463533522008
-158553.431638476817
-158553.392985859566
-158553.343706704065
-158553.283493573428
-158553.212548809097
-158553.122742826235
-158553.003172484692
-158552.84283864405
-158552.625181425479
-158552.324082195933
-158551.897910095315
-158551.279443219042
-158550.359400166082
-158548.960486576834
-158546.796034795843
-158543.401029700501
-158538.01967285428
-158529.419832839048
-158515.585282915621
-158493.188745749678
-158456.547932140296
-158394.994203476905
-158285.039213432814
-158553.580710884416
-158553.580710884416
-158553.580710884416
-158553.580710884271
-158553.580710883834
-158553.580710883834
-158553.580710884271
-158553.580710883951
-158553.580710884213
-158553.580710884329
-158553.580710883834
-158553.58071088334
-158553.580710883194
-158553.580710882583
-158553.580710882525
-158553.580710882146
-158553.580710880895
-158553.580710878101
-158553.580710871902
-158553.580710861366
-158553.580710842332
-158553.58071080895
-158553.580710751732
-158553.580710653478
-158553.580710488721
-158553.580710215378
-158553.580709768576
-158553.580709046742
-158553.5807078949
-158553.580706078792
-158553.580703247455
-158553.580698883074
-158553.580692228017
-158553.580682186323
-158553.580667191942
-158553.580645040056
-158553.580612641061
-158553.580565716024
-158553.580498450203
-158553.580403254979
-158553.58026964523
-158553.58008362574
-158553.579827856214
-158553.579478272819
-158553.578998993587
-158553.578341849119
-158553.577445888019
-158553.576227080572
-158553.574564165145
-158553.572287383751
-158553.569156315352
-158553.564810864802
-158553.558716208179
-158553.550063707866
-158553.537588365871
-158553.519327147864
-158553.492220075714
-158553.451449433342
-158553.389341418835
-158553.293534215365
-158553.144150214095
-158552.909219778085
-158552.537351692939
-158551.945993268018
-158551.003391098115
-158549.493979236577
-158547.061650104006
-158543.115281402075
-158536.671330128505
-158526.075827289169
-158508.504347551323
-158479.23682589407
-158430.972465788189
-158359.422677678318
-158304.717260213307
-158553.580710883893
-158553.580710884038
-158553.580710883893
-158553.580710883602
-158553.580710883747
-158553.580710883311
-158553.580710882961
-158553.580710882816
-158553.580710882699
-158553.580710882641
-158553.580710882758
-158553.580710882816
-158553.580710882816
-158553.58071088299
-158553.580710882903
-158553.580710882816
-158553.580710882292
-158553.580710881215
-158553.58071087912
-158553.58071087522
-158553.580710868497
-158553.580710856186
-158553.580710835027
-158553.580710798909
-158553.580710737268
-158553.580710634415
-158553.580710465554
-158553.580710190727
-158553.58070974829
-158553.580709044414
-158553.580707934656
-158553.580706203211
-158553.58070352787
-158553.580699431448
-158553.580693212367
-158553.580683849665
-158553.580669864285
-158553.580649129231
-158553.580618607491
-158553.580574013991
-158553.580509265797
-158553.580415787263
-158553.580281466682
-158553.580089015159
-158553.579813443706
-158553.579419268004
-158553.578854417516
-158553.578041383385
-158553.576864667411
-158553.575159447442
-158553.572669785877
-158553.568978286552
-158553.563391861331
-158553.554769568524
-158553.540975817625
-158553.517619745166
-158553.474944264541
-158553.417758142721
-158553.348663178069
-158553.227201988862
-158553.017667535547
-158552.655712384498
-158552.024813945551
-158550.879934386059
-158549.590757238126
-158547.754565354757
-158545.060406805511
-158540.153718685615
-158531.470055360958
-158516.208473412145
-158489.165735600138
-158461.3572238161
-158433.654098093219
-158403.300931672129
-158363.185197613551
-158553.580710884213
-158553.580710884213
-158553.580710884475
-158553.580710884038
-158553.580710883776
-158553.580710883572
-158553.580710883572
-158553.580710883136
-158553.580710883194
-158553.580710883194
-158553.580710883194
-158553.580710882525
-158553.580710882146
-158553.580710881826
-158553.580710880167
-158553.580710876297
-158553.580710868147
-158553.580710853275
-158553.580710825394
-158553.580710774288
-158553.580710682407
-158553.580710520589
-158553.580710240902
-158553.580709765083
-158553.580708967929
-158553.580707650573
-158553.580705503322
-158553.580702047184
-158553.580696551566
-158553.580687916663
-158553.580674501485
-158553.580653879471
-158553.580622496665
-158553.580575202184
-158553.58050463628
-158553.580400384555
-158553.58024777571
-158553.580026251846
-158553.57970735323
-158553.579252547788
-158553.578610227298
-158553.577710894257
-158553.57646020726
-158553.574733225774
-158553.572393586655
-158553.569271337328
-158553.565108744515
-158553.5595152108
-158553.551924767438
-158553.541663587501
-158553.527510383981
-158553.506665489957
-158553.471858124423
-158553.438470288675
-158553.404694313766
-158553.364088040369
-158553.300974920887
-158553.202579832927
-158553.049765596748
-158552.80784934148
-158552.415335098573
-158551.761917331663
-158550.636880960112
-158548.588400615117
-158546.303048905946
-158543.221694908512
-158538.653828698967
-158532.94083948381
-158524.484319677285
-158516.562786660361
-158506.852182043804
-158491.751492842013
-158471.943794257182
-158448.62132126189
-158408.053869270283
-158553.580710884184
-158553.580710884038
-158553.580710884416
-158553.580710884416
-158553.580710884096
-158553.580710883747
-158553.580710883572
-158553.580710883456
-158553.580710883078
-158553.58071088299
-158553.580710882292
-158553.580710880575
-158553.580710875103
-158553.58071086189
-158553.580710830516
-158553.580710765353
-158553.580710636976
-158553.580710390932
-158553.580709931644
-158553.580709094618
-158553.580707599758
-158553.58070498571
-158553.580700496037
-158553.58069291609
-158553.58068031969
-158553.580659686209
-158553.580626342038
-158553.580573156156
-158553.580489429878
-158553.58035932295
-158553.580159554753
-158553.579856072349
-158553.579399393639
-158553.578718571312
-158553.577714030049
-158553.576247045596
-158553.574122500344
-158553.571064194723
-158553.566693014553
-158553.560569224675
-158553.552141678665
-158553.540658145881
-158553.525027168391
-158553.503724241164
-158553.475160353439
-158553.439857745514
-158553.392185090604
-158553.323890591768
-158553.212775072752
-158553.116532782209
-158553.024104441662
-158552.920823944383
-158552.785930312646
-158552.611607873841
-158552.38853057081
-158552.115078831877
-158551.760746550251
-158551.303275495215
-158550.71061440272
-158549.907349181682
-158548.770890237356
-158547.043707516597
-158544.115309270099
-158541.698949134938
-158539.316993480781
-158536.866873370775
-158533.859748996707
-158529.837248000578
-158524.908405710099
-158518.763649482426
-158510.053222300281
-158499.268471688352
-158484.24100401561
-158461.708703922079
-158423.432921047963
-158553.580710883572
-158553.580710883747
-158553.580710883427
-158553.580710883194
-158553.580710883572
-158553.580710883572
-158553.580710883311
-158553.580710882845
-158553.580710881797
-158553.580710878334
-158553.580710866954
-158553.5807108359
-158553.580710752285
-158553.580710538808
-158553.580710028677
-158553.580708973954
-158553.580706901237
-158553.580702937965
-158553.580695561453
-158553.580682170374
-158553.580658409803
-158553.580617125495
-158553.580546781857
-158553.580429094844
-158553.580235427624
-158553.579921294906
-158553.579418339941
-158553.578623377311
-158553.577384482254
-158553.575481032138
-158553.572591764561
-158553.568244491413
-158553.561744737788
-158553.5521032291
-158553.538095466647
-158553.518124947732
-158553.489848791069
-158553.449786244688
-158553.39314760486
-158553.315014143911
-158553.208899996709
-158553.063376698847
-158552.852514254977
-158552.506373822573
-158552.182603238034
-158551.87017570663
-158551.494636061689
-158551.020210165967
-158550.482412055717
-158549.770402122755
-158548.821734663739
-158547.625779822207
-158546.308090494334
-158544.698778510268
-158542.743871573941
-158540.272374602559
-158536.885749495937
-158531.657583403139
-158528.776380354189
-158526.017160605086
-158521.896488518483
-158515.624659726658
-158511.102757594024
-158507.056110103906
-158502.650306573254
-158497.882109012309
-158492.035802022059
-158485.102657071926
-158477.803533186088
-158468.421325130883
-158456.531627485499
-158443.706998568814
-158426.432535857661
-158401.336354830535
-158359.552530870045
-158553.580710883514
-158553.580710882816
-158553.580710883078
-158553.580710883136
-158553.580710883078
-158553.580710882525
-158553.580710880982
-158553.58071087391
-158553.580710854265
-158553.580710794631
-158553.580710619688
-158553.580710128706
-158553.580708811904
-158553.580705452565
-158553.580697421217
-158553.580680761283
-158553.580648047617
-158553.580585629359
-158553.580469915032
-158553.580261009309
-158553.57989282909
-158553.579258060578
-158553.578185913182
-158553.576409895875
-158553.573516336823
-158553.568860018073
-158553.56144059822
-158553.549761389469
-158553.531820813427
-158553.50490829497
-158553.465052901738
-158553.406192882685
-158553.319142077322
-158553.190658021544
-158553.005884766637
-158552.744957019197
-158552.370915937732
-158551.80447781019
-158550.851554140565
-158549.834993955883
-158548.727735288849
-158547.451971478557
-158545.824260658119
-158543.664185142406
-158541.183188454248
-158537.939645741513
-158533.650766373699
-158528.83143954986
-158523.859180111467
-158517.68030474172
-158509.285053379543
-158500.216558686894
-158488.774204438552
-158473.070210463688
-158448.798335377011
-158435.488209710602
-158424.465530978137
-158411.136620865
-158391.879449161061
-158362.017157511931
-158345.069435077108
-158329.042275639251
-158312.008947429305
-158294.309038944426
-158272.309790763567
-158244.914117157779
-158221.404755968659
-158201.024789075454
-158173.561470383924
-158143.14813278467
-158101.974425823602
-158065.001350125269
-158016.23067555789
-157958.379794471402
-157868.109193537908
-158553.580710883747
-158553.580710883514
-158553.580710882845
-158553.580710881681
-158553.580710878101
-158553.580710867012
-158553.580710836541
-158553.580710741197
-158553.580710442591
-158553.580709529371
-158553.580706840468
-158553.580699276412
-158553.580679017905
-158553.580627481628
-158553.580504176149
-158553.58024646694
-158553.579740197485
-158553.578775437636
-158553.576993587572
-158553.573794869473
-158553.568194899737
-158553.558607470506
-158553.542555111053
-158553.516461020656
-158553.474931544857
-158553.409194274573
-158553.305320416228
-158553.142563100031
-158552.895776437945
-158552.53240953738
-158552.000050571398
-158551.202135309111
-158549.942245225306
-158547.758130476519
-158545.236128391
-158542.593556924607
-158539.094293841452
-158533.979433471046
-158527.468152928544
-158518.815883103642
-158507.280170540675
-158492.557081933453
-158476.087678810523
-158455.81084497858
-158430.575606518978
-158396.801299970102
-158361.536166142207
-158330.081062209327
-158291.601408760704
-158237.313514053414
-158153.280446468416
-158077.43901572359
-158016.810243016749
-157951.113171660923
-157873.03062544245
-157788.539481178683
-157677.503401901573
-157594.829669668892
-157524.871298732294
-157462.834678494459
-157384.60646336354
-157285.315264441713
-157195.105367510376
-157083.350553477416
-156927.987702252169
-156813.467664695199
-156696.559333984071
-156578.217682150775
-156476.923026470526
-156341.861255407101
-156157.290225314093
-155985.803505709046
-155761.131244388118
-155482.799811427627
-155115.641871369327
-158553.580710882146
-158553.580710877344
-158553.580710866605
-158553.580710841459
-158553.580710784154
-158553.580710635753
-158553.580710195733
-158553.58070880358
-158553.580704377731
-158553.580690693023
-158553.58065016169
-158553.580535956105
-158553.580230666266
-158553.579457208019
-158553.577609132743
-158553.573689501529
-158553.565971341508
-158553.551293953555
-158553.524502102606
-158553.477033965028
-158553.395038909948
-158553.256328625139
-158553.026384272292
-158552.658096952015
-158552.077433079539
-158551.141619302391
-158549.56625817233
-158546.739712842886
-158543.099820810487
-158538.915230477229
-158533.471216030448
-158525.377740799304
-158513.503391048755
-158496.41604680923
-158471.835484995419
-158436.788155186485
-158388.36030022084
-158322.98090193086
-158251.757449313794
-158157.446061191207
-158038.623816142557
-157920.846271443996
-157769.102275815443
-157563.129207488615
-157254.582630815974
-157101.9182328881
-156995.114064113528
-156838.12044484244
-156619.943631831702
-156320.579418125533
-156030.708670026273
-155657.599429440481
-155151.305528611469
-154480.164209151349
-154141.844669761718
-153865.147034839203
-153648.106453157612
-153401.854756895802
-153146.041353447567
-152842.401414807566
-152396.245323081966
-151877.359686045296
-151372.588477146899
-150699.378012451343
-149871.875757837173
-149430.253285502753
-148930.087107552768
-148361.40019226275
-147885.623484219803
-147356.619648292777
-146603.269050793984
-145871.537702047033
-144884.731415663555
-143709.412970955658
-142142.935505741596
-158553.580710850278
-158553.580710764829
-158553.580710579088
-158553.580710200855
-158553.580709409987
-158553.580707401328
-158553.58070129875
-158553.580681448511
-158553.58061709677
-158553.580415748846
-158553.579815816629
-158553.578123132582
-158553.573609093262
-158553.562230387353
-158553.535155513382
-158553.476518202602
-158553.360299271299
-158553.138276718848
-158552.734730611934
-158552.025496821734
-158550.804681347712
-158548.680536509317
-158544.796724097541
-158539.688641395187
-158533.501293575653
-158523.3835746517
-158507.074660140497
-158482.243900238565
-158445.80815353262
-158392.889855365647
-158316.667769174324
-158208.562772244448
-158058.23548949862
-157848.155231671961
-157541.216696256684
-157038.700324811158
-156602.83670236828
-156201.876750041876
-155776.733225135569
-155144.845212103333
-154407.87841004951
-153819.527587810997
-153096.691420429415
-152324.918273996707
-151294.359111082507
-150145.115052204987
-149215.215228777
-148091.462883056724
-146512.691645372222
-144020.726548524399
-142550.469845099142
-141384.885683605884
-140341.461245722603
-139209.998970619868
-137827.999188675371
-136370.151214027544
-135054.608261938207
-133655.596819145925
-132268.07242525724
-131146.121281613858
-129774.886280874372
-127963.242086529935
-126036.945435772199
-123437.575690881597
-120697.833859977341
-118540.766873903543
-116529.008333087564
-114618.856378622833
-112811.607956174892
-111032.166737860505
-108629.293629621985
-105977.11616227981
-102411.720683396838
-98441.0534725533944
-93053.6346902072255
-158553.580710161506
-158553.580708647118
-158553.580705762608
-158553.580700334714
-158553.580689860828
-158553.58066355047
-158553.580579752626
-158553.580298672081
-158553.579372950451
-158553.576457228977
-158553.567763514729
-158553.543324103317
-158553.478609302809
-158553.317053120292
-158552.936317481712
-158552.088903236145
-158550.306312522298
-158546.790235972789
-158541.608159156458
-158532.60092851767
-158518.171948482573
-158495.806359329232
-158461.085529841162
-158406.428706089529
-158318.356828302989
-158170.584649405995
-157905.082807166444
-157573.136676947848
-157181.007662148797
-156672.732703765942
-155966.176135259331
-154994.318239277462
-153669.672682923701
-151928.240570423368
-149750.231380826794
-147306.662294074486
-144763.322995396098
-141992.502410357352
-138817.956917161093
-135258.011788203119
-131555.089375584881
-128079.151022548598
-124487.824435022252
-119728.497629342033
-113874.566538652478
-107243.353163796797
-102116.115422580959
-99844.9777295568783
-97700.2166314589558
-94876.3238685621182
-91258.0052774533106
-87583.2195478305221
-83564.6485169610096
-78740.5823313801957
-73565.5076989513764
-69796.2095274834865
-67468.2445780141134
-65415.6651100773961
-63305.1182359497761
-60650.0661165306738
-57460.6744313149029
-53384.3915061234657
-47855.0990987295008
-40314.9050609910555
-30919.903284074564
-25257.8869087387866
-22456.293361572436
-19922.328018655222
-16749.8224744711988
-12374.5319373934308
-7587.59076657158221
-1895.80470413243825
5816.38804310544037
14665.2439416576944
22570.1708291272553
-158553.580688966089
-158553.580660346488
-158553.580620857741
-158553.580560531002
-158553.580453781848
-158553.580165359162
-158553.579151420185
-158553.575585406157
-158553.56354838176
-158553.525115011027
-158553.409765590273
-158553.085193248466
-158552.229005738045
-158550.108691957459
-158545.173365729745
-158534.392848811432
-158512.288214825559
-158468.028029908193
-158379.812510832911
-158244.102231768309
-158081.228969449556
-157866.38010878989
-157521.410287518986
-156974.273071070435
-156129.394608815375
-154846.58729753134
-152926.933466383751
-150097.125136159098
-145987.674937980424
-140103.782224484428
-131816.157283112407
-121032.390446960388
-110340.879945270193
-99806.0990346353065
-89465.6220176306233
-79357.7561692175368
-69557.4551334900025
-60105.6949864166163
-51097.5823856339921
-42589.3510169798756
-34700.2749880858537
-27384.2365365747355
-20701.9226308493817
-14713.7712819500393
-10392.0743192702266
-5816.74433458242493
-1111.21081903111349
4357.92827148957531
10133.1557037026378
14819.3802462645399
18582.0086750937517
22262.8953713189221
25991.5559342383167
29724.1352379763593
33400.6245824780417
36978.4396832634957
40535.6482556397459
44395.1980327186029
48809.3186208699117
53738.7235935084027
58888.9842994659339
63205.7532317562727
66597.4995281525189
69618.6335438201786
72289.0181815903488
74695.7419923071284
77111.6471023851482
80023.7641607345577
83466.2906887289719
87294.4665364770335
91002.9645743041765
93863.8941561981483
95971.2858630675182
97728.3178461394855
100209.703268240046
)
;

boundaryField
{
    reactingWall
    {
        type            calculated;
        value           nonuniform List<scalar> 
75
(
-158553.580688966089
-158553.580660346488
-158553.580620857741
-158553.580560531002
-158553.580453781848
-158553.580165359162
-158553.579151420185
-158553.575585406157
-158553.56354838176
-158553.525115011027
-158553.409765590273
-158553.085193248466
-158552.229005738045
-158550.108691957459
-158545.173365729745
-158534.392848811432
-158512.288214825559
-158468.028029908193
-158379.812510832911
-158244.102231768309
-158081.228969449556
-157866.38010878989
-157521.410287518986
-156974.273071070435
-156129.394608815375
-154846.58729753134
-152926.933466383751
-150097.125136159098
-145987.674937980424
-140103.782224484428
-131816.157283112407
-121032.390446960388
-110340.879945270193
-99806.0990346353065
-89465.6220176306233
-79357.7561692175368
-69557.4551334900025
-60105.6949864166163
-51097.5823856339921
-42589.3510169798756
-34700.2749880858537
-27384.2365365747355
-20701.9226308493817
-14713.7712819500393
-10392.0743192702266
-5816.74433458242493
-1111.21081903111349
4357.92827148957531
10133.1557037026378
14819.3802462645399
18582.0086750937517
22262.8953713189221
25991.5559342383167
29724.1352379763593
33400.6245824780417
36978.4396832634957
40535.6482556397459
44395.1980327186029
48809.3186208699117
53738.7235935084027
58888.9842994659339
63205.7532317562727
66597.4995281525189
69618.6335438201786
72289.0181815903488
74695.7419923071284
77111.6471023851482
80023.7641607345577
83466.2906887289719
87294.4665364770335
91002.9645743041765
93863.8941561981483
95971.2858630675182
97728.3178461394855
100209.703268240046
)
;
    }
    inertWall
    {
        type            calculated;
        value           nonuniform List<scalar> 
105
(
-158553.580710883078
-158553.580710883514
-158553.580710883194
-158553.580710883311
-158553.580710883776
-158553.580710884213
-158553.580710883776
-158553.580710883951
-158553.580710883572
-158553.58071088334
-158553.580710882903
-158553.580710882379
-158553.580710881535
-158553.580710864713
-158553.580710407434
-158553.580710883427
-158553.58071088334
-158553.58071088366
-158553.58071088366
-158553.580710883834
-158553.58071088366
-158553.580710883834
-158553.580710883951
-158553.580710883951
-158553.580710883602
-158553.580710883747
-158553.580710883514
-158553.580710882292
-158553.580710871232
-158553.580710789072
-158553.580710529262
-158553.580709498725
-158553.580705259577
-158553.580687644047
-158553.580615046259
-158553.58032309945
-158553.579191578174
-158553.575004113634
-158553.560308295739
-158553.511653342342
-158553.360435074632
-158552.92236311239
-158551.753329798608
-158548.926264916867
-158542.859545310464
-158530.770458686893
-158507.211273719178
-158462.496573119395
-158379.923946139694
-158231.629118369543
-157972.750630959694
-157534.097102437925
-156814.059793754044
-155713.868188105029
-154109.304204647633
-151867.501460955013
-148884.148456705007
-145071.293619652628
-140358.914094989625
-134723.034754386521
-128173.963826634848
-120744.095483025711
-112497.441220730761
-103539.799831375261
-94028.9849187297514
-84174.5298939595668
-74224.919360102489
-64447.5736169074371
-55073.8554904337143
-46264.184499808398
-38126.1582722563398
-30700.5008421233288
-23950.7754453198722
-17867.7131590566678
-12488.8799924858504
-7777.98356456887541
-3262.10768492334637
2164.81950995135958
7839.65045765559807
12816.222077800021
16724.2856744586934
20660.4105080511617
24751.3431127264266
28798.4007470909091
32665.915573961669
36367.7075074654131
39980.6449899266518
43689.6078168857348
47979.5299545348244
52940.9064684136829
57940.0897731677032
61495.5724421230188
64700.6010114744495
67723.7274309539935
70500.2440029639547
72996.8193566640548
75778.409259272652
79141.67868493282
82937.5150446490734
86226.1923269173858
88669.8727132863569
91539.4153114807123
95024.4574682954117
97198.8899644638295
99510.3989220099029
)
;
    }
    inlet
    {
        type            calculated;
        value           uniform -158553.580710883514;
    }
    outlet
    {
        type            calculated;
        value           nonuniform List<scalar> 
20
(
99510.3989220099029
18571.570831538229
-89211.1182318041829
-139933.846516852442
-154267.482118811458
-157564.737470293592
-158210.399741860718
-158303.050988994481
-158285.039213432814
-158304.717260213307
-158363.185197613551
-158408.053869270283
-158423.432921047963
-158359.552530870045
-157868.109193537908
-155115.641871369327
-142142.935505741596
-93053.6346902072255
22570.1708291272553
100209.703265541961
)
;
    }
    defaultFaces
    {
        type            empty;
    }
}


// ************************************************************************* //
