/*--------------------------------*- C++ -*----------------------------------*\
  =========                 |
  \\      /  F ield         | OpenFOAM: The Open Source CFD Toolbox
   \\    /   O peration     | Website:  https://openfoam.org
    \\  /    A nd           | Version:  8
     \\/     M anipulation  |
\*---------------------------------------------------------------------------*/
FoamFile
{
    version     2.0;
    format      ascii;
    class       volScalarField;
    location    "0.3";
    object      gas::mu;
}
// * * * * * * * * * * * * * * * * * * * * * * * * * * * * * * * * * * * * * //

dimensions      [1 -1 -1 0 0 0 0];

internalField   nonuniform List<scalar> 
1800
(
3.89398395867285039e-05
3.89398395867285039e-05
3.89398395867285107e-05
3.89398395867285107e-05
3.89398395867285107e-05
3.89398395867285107e-05
3.89398395867285107e-05
3.89398395867285039e-05
3.89398395867285039e-05
3.89398395867285107e-05
3.89398395867285107e-05
3.89398395867285039e-05
3.89398395867285175e-05
3.89398395867286259e-05
3.89398395867293916e-05
3.89398395867285107e-05
3.89398395867285107e-05
3.89398395867285039e-05
3.89398395867285039e-05
3.89398395867285039e-05
3.89398395867285039e-05
3.89398395867285107e-05
3.89398395867285039e-05
3.89398395867285039e-05
3.89398395867285107e-05
3.89398395867285039e-05
3.89398395867285039e-05
3.89398395867285039e-05
3.89398395867285242e-05
3.89398395867285988e-05
3.89398395867285039e-05
3.89398395867285039e-05
3.89398395867285107e-05
3.89398395867285107e-05
3.89398395867285107e-05
3.89398395867285107e-05
3.89398395867285107e-05
3.89398395867285039e-05
3.89398395867285039e-05
3.89398395867284971e-05
3.89398395867285107e-05
3.89398395867285107e-05
3.89398395867285107e-05
3.89398395867285107e-05
3.89398395867285175e-05
3.89398395867285107e-05
3.89398395867285107e-05
3.89398395867285039e-05
3.89398395867285107e-05
3.89398395867285107e-05
3.89398395867285039e-05
3.89398395867285107e-05
3.89398395867284971e-05
3.89398395867285107e-05
3.89398395867285039e-05
3.89398395867285107e-05
3.89398395867285107e-05
3.89398395867285107e-05
3.89398395867285039e-05
3.89398395867285039e-05
3.89398395867285107e-05
3.89398395867285039e-05
3.89398395867285107e-05
3.89398395867285039e-05
3.89398395867285039e-05
3.89398395867285039e-05
3.89398395867285039e-05
3.89398395867285107e-05
3.89398395867285039e-05
3.89398395867285107e-05
3.89398395867285107e-05
3.89398395867285107e-05
3.89398395867285107e-05
3.89398395867285039e-05
3.89398395867285107e-05
3.89398395867285107e-05
3.89398395867285107e-05
3.89398395867285107e-05
3.89398395867285107e-05
3.89398395867285107e-05
3.89398395867285107e-05
3.89398395867285107e-05
3.89398395867285107e-05
3.89398395867285039e-05
3.89398395867285107e-05
3.89398395867284971e-05
3.89398395867285039e-05
3.89398395867285039e-05
3.89398395867285107e-05
3.89398395867285107e-05
3.89398395867285107e-05
3.89398395867285107e-05
3.89398395867285107e-05
3.89398395867285039e-05
3.89398395867285039e-05
3.89398395867285039e-05
3.89398395867285039e-05
3.89398395867285039e-05
3.89398395867285107e-05
3.89398395867285039e-05
3.89398395867285107e-05
3.89398395867285107e-05
3.89398395867285107e-05
3.89398395867285107e-05
3.89398395867285039e-05
3.89398395867285107e-05
3.89398395867285039e-05
3.89398395867285039e-05
3.89398395867285107e-05
3.89398395867285039e-05
3.89398395867285107e-05
3.89398395867285107e-05
3.89398395867285039e-05
3.89398395867285039e-05
3.89398395867285039e-05
3.89398395867284971e-05
3.89398395867284971e-05
3.89398395867285107e-05
3.89398395867285107e-05
3.89398395867285107e-05
3.89398395867285107e-05
3.89398395867285039e-05
3.89398395867285107e-05
3.89398395867285107e-05
3.89398395867285107e-05
3.89398395867284971e-05
3.89398395867285039e-05
3.89398395867284971e-05
3.89398395867284971e-05
3.89398395867285107e-05
3.89398395867285107e-05
3.89398395867285107e-05
3.89398395867285107e-05
3.89398395867285107e-05
3.89398395867285039e-05
3.89398395867285039e-05
3.89398395867285107e-05
3.89398395867285107e-05
3.89398395867285039e-05
3.89398395867285107e-05
3.89398395867285107e-05
3.89398395867285039e-05
3.89398395867285039e-05
3.89398395867285107e-05
3.89398395867285039e-05
3.89398395867285107e-05
3.89398395867285107e-05
3.89398395867285039e-05
3.89398395867285107e-05
3.89398395867284971e-05
3.89398395867285107e-05
3.89398395867284971e-05
3.89398395867284971e-05
3.89398395867285107e-05
3.89398395867285107e-05
3.89398395867285107e-05
3.89398395867285039e-05
3.89398395867285039e-05
3.89398395867285039e-05
3.89398395867285039e-05
3.89398395867285107e-05
3.89398395867285107e-05
3.89398395867285107e-05
3.89398395867284971e-05
3.89398395867285039e-05
3.89398395867285107e-05
3.89398395867285107e-05
3.89398395867284971e-05
3.89398395867285107e-05
3.89398395867285107e-05
3.89398395867285039e-05
3.89398395867285039e-05
3.89398395867285107e-05
3.89398395867285107e-05
3.89398395867285107e-05
3.89398395867285107e-05
3.89398395867285039e-05
3.89398395867285107e-05
3.89398395867284971e-05
3.89398395867285039e-05
3.89398395867285107e-05
3.89398395867285107e-05
3.89398395867285039e-05
3.89398395867285039e-05
3.89398395867285107e-05
3.89398395867285039e-05
3.89398395867285039e-05
3.89398395867285039e-05
3.89398395867285107e-05
3.89398395867285107e-05
3.89398395867285039e-05
3.89398395867285039e-05
3.89398395867285039e-05
3.89398395867284971e-05
3.89398395867285107e-05
3.89398395867285107e-05
3.89398395867285039e-05
3.89398395867285039e-05
3.89398395867285039e-05
3.89398395867285107e-05
3.89398395867285107e-05
3.89398395867285039e-05
3.89398395867285039e-05
3.89398395867285039e-05
3.89398395867284971e-05
3.89398395867284971e-05
3.89398395867285107e-05
3.89398395867285107e-05
3.89398395867285107e-05
3.89398395867285039e-05
3.89398395867285039e-05
3.89398395867285107e-05
3.89398395867285107e-05
3.89398395867285107e-05
3.89398395867285107e-05
3.89398395867285107e-05
3.89398395867285039e-05
3.89398395867285107e-05
3.89398395867285039e-05
3.89398395867284971e-05
3.89398395867285107e-05
3.89398395867285107e-05
3.89398395867285107e-05
3.89398395867285107e-05
3.89398395867285039e-05
3.89398395867285039e-05
3.89398395867285039e-05
3.89398395867285107e-05
3.89398395867285107e-05
3.89398395867285039e-05
3.89398395867285039e-05
3.89398395867285107e-05
3.89398395867285039e-05
3.89398395867285107e-05
3.89398395867285039e-05
3.89398395867285107e-05
3.89398395867285039e-05
3.89398395867285039e-05
3.89398395867285039e-05
3.89398395867285039e-05
3.89398395867285107e-05
3.89398395867285039e-05
3.89398395867285107e-05
3.89398395867285107e-05
3.89398395867285039e-05
3.89398395867285107e-05
3.89398395867285107e-05
3.89398395867285107e-05
3.89398395867285039e-05
3.89398395867285107e-05
3.89398395867285107e-05
3.89398395867285107e-05
3.89398395867285107e-05
3.89398395867285107e-05
3.89398395867285039e-05
3.89398395867285107e-05
3.89398395867285107e-05
3.89398395867285107e-05
3.89398395867285107e-05
3.89398395867285107e-05
3.89398395867285107e-05
3.89398395867285039e-05
3.89398395867285107e-05
3.89398395867285039e-05
3.89398395867285039e-05
3.89398395867285039e-05
3.89398395867285039e-05
3.89398395867285107e-05
3.89398395867285107e-05
3.89398395867285242e-05
3.89398395867285039e-05
3.89398395867285039e-05
3.89398395867285107e-05
3.89398395867285039e-05
3.89398395867285039e-05
3.89398395867285039e-05
3.89398395867285039e-05
3.89398395867285107e-05
3.89398395867285107e-05
3.89398395867285039e-05
3.89398395867285039e-05
3.89398395867285107e-05
3.89398395867285107e-05
3.89398395867285378e-05
3.89398395867288224e-05
3.89398395867285107e-05
3.89398395867285039e-05
3.89398395867285039e-05
3.89398395867285039e-05
3.89398395867285107e-05
3.89398395867285039e-05
3.89398395867285107e-05
3.89398395867285039e-05
3.89398395867285107e-05
3.89398395867285039e-05
3.89398395867285107e-05
3.89398395867285175e-05
3.89398395867285242e-05
3.89398395867286869e-05
3.89398395867329695e-05
3.89398395867318311e-05
3.89398395867415008e-05
3.89398395867812978e-05
3.89398395869466251e-05
3.89398395876279919e-05
3.89398395903680419e-05
3.89398396009879106e-05
3.893983964028925e-05
3.89398397782164495e-05
3.89398402348662025e-05
3.89398416541212087e-05
3.89398457656340763e-05
3.8939856737566979e-05
3.89398832709226782e-05
3.89399402100301193e-05
3.89400536721496883e-05
3.89402747875451248e-05
3.89406944610674245e-05
3.89414694616832513e-05
3.89428613374726471e-05
3.89452912211541599e-05
3.89494087525903105e-05
3.89561682298519623e-05
3.89664980723430392e-05
3.89815670004445527e-05
3.90026273151825305e-05
3.90306664886196081e-05
3.90665225029570743e-05
3.91108697954431524e-05
3.91639547031608646e-05
3.92257050717516865e-05
3.92958437951426671e-05
3.93737970525428809e-05
3.94585952278946769e-05
3.95487718188008958e-05
3.96423609181522144e-05
3.97370133342221974e-05
3.98301834996797285e-05
3.99196533863857152e-05
4.00038700631526517e-05
4.00817786395227021e-05
4.01529618719008723e-05
4.02177438441400219e-05
4.02761913406482261e-05
4.03279230186964771e-05
4.03732697591938861e-05
4.04167734991349692e-05
4.04690982614200798e-05
4.0523865127068892e-05
4.0571936912070172e-05
4.06097159726703962e-05
4.06477918027138552e-05
4.06873922996754431e-05
4.07265953299756407e-05
4.07640845073915e-05
4.07999904901058214e-05
4.08350565301803556e-05
4.08710770946301612e-05
4.09127682905994992e-05
4.09610230954836246e-05
4.10096870322873366e-05
4.10443227646843393e-05
4.10755626014908213e-05
4.11050451113003631e-05
4.11321360345660091e-05
4.1156506513554173e-05
4.11836714403964214e-05
4.12165343005801383e-05
4.12536465380521468e-05
4.12858197277181133e-05
4.13097380243406158e-05
4.13378373532685386e-05
4.13719823792060325e-05
4.1393296904153337e-05
4.14159637989261074e-05
3.89398395867288427e-05
3.89398395867297575e-05
3.89398395867332947e-05
3.89398395867472945e-05
3.89398395868026633e-05
3.89398395870179723e-05
3.89398395878299923e-05
3.89398395907703147e-05
3.89398396009190569e-05
3.89398396341320929e-05
3.8939839736712987e-05
3.89398400339748427e-05
3.89398408347839349e-05
3.89398428119773547e-05
3.89398471197980293e-05
3.89398556842867743e-05
3.89398722971084002e-05
3.89399036666616158e-05
3.89399613599157544e-05
3.89400647512979614e-05
3.89402452778867089e-05
3.89405521864401237e-05
3.89410597450372514e-05
3.89418758793796301e-05
3.8943141863450745e-05
3.89450808127858123e-05
3.89479785330870026e-05
3.89518126874318024e-05
3.89570039693061458e-05
3.89639262376404661e-05
3.89726115818056983e-05
3.89833271431676675e-05
3.89963118854558336e-05
3.90118053860818238e-05
3.90298048241584443e-05
3.90502080072372828e-05
3.9073575570417333e-05
3.90993231839700705e-05
3.91262921906966507e-05
3.91567981195149652e-05
3.91906536553087833e-05
3.92212341374581155e-05
3.92536397812693428e-05
3.92957119011643638e-05
3.93384516659134393e-05
3.93770817833786932e-05
3.94163089731877636e-05
3.9447243130352897e-05
3.94735222881313226e-05
3.9508524676783318e-05
3.9556582198566848e-05
3.95953109279128479e-05
3.96291990129889391e-05
3.96740148451106008e-05
3.97306580447686058e-05
3.97767917889515902e-05
3.98011838468059436e-05
3.98179057420431227e-05
3.98394146885854683e-05
3.9868782445535113e-05
3.99080660979329586e-05
3.99548931219464594e-05
4.00187191210843717e-05
4.00978352228115661e-05
4.01759405969710323e-05
4.02209806117679455e-05
4.02393433967292163e-05
4.02608837534548813e-05
4.02916606060460528e-05
4.03356097778277112e-05
4.03963983760165324e-05
4.04488167674785847e-05
4.04878937154264193e-05
4.05512100460782464e-05
4.06275823688691956e-05
3.89398395867285513e-05
3.89398395867286462e-05
3.89398395867290053e-05
3.89398395867303742e-05
3.8939839586735619e-05
3.89398395867553718e-05
3.89398395868281082e-05
3.89398395870866294e-05
3.89398395879661207e-05
3.89398395908146789e-05
3.89398395995576785e-05
3.89398396248512207e-05
3.89398396932755722e-05
3.89398398640761813e-05
3.89398402397178242e-05
3.89398409863532641e-05
3.8939842432455149e-05
3.89398451573488375e-05
3.89398501595269593e-05
3.89398591165233249e-05
3.89398747710613003e-05
3.89399014802127314e-05
3.89399459621506399e-05
3.89400182781609569e-05
3.89401332990944965e-05
3.89403132824772406e-05
3.89405924846232627e-05
3.89409748398073235e-05
3.89414987971465904e-05
3.89422748430109608e-05
3.89432430071454491e-05
3.89445828721433039e-05
3.8946182017158774e-05
3.89482552109433417e-05
3.89511369714963944e-05
3.89540885292354833e-05
3.89574974720893402e-05
3.89623230343346237e-05
3.89675245584526455e-05
3.8972493556910069e-05
3.89793064895350121e-05
3.89871506115397918e-05
3.89941597607117667e-05
3.90032574236525161e-05
3.90143156114353725e-05
3.90243087508515703e-05
3.90332841355375441e-05
3.90419664318724234e-05
3.90507694031704008e-05
3.90626050714564801e-05
3.90788893828225369e-05
3.90964859200876278e-05
3.91087736108634311e-05
3.91239404976213831e-05
3.91449017493509949e-05
3.91584368234574516e-05
3.91696942218688039e-05
3.91838936193823024e-05
3.91955676696330071e-05
3.92055429094701082e-05
3.92192141368627066e-05
3.92379791699426549e-05
3.92565550331218916e-05
3.92811502073794246e-05
3.93094391703857664e-05
3.93323792939377924e-05
3.93550912147345419e-05
3.93767084131900515e-05
3.93974418095352345e-05
3.94178902742616113e-05
3.94380209698773755e-05
3.94626141876395586e-05
3.94976550366954492e-05
3.95388802080645028e-05
3.95945081167218757e-05
3.89398395867285107e-05
3.89398395867285242e-05
3.89398395867285649e-05
3.89398395867287004e-05
3.8939839586729168e-05
3.89398395867309163e-05
3.89398395867371775e-05
3.8939839586758909e-05
3.89398395868314963e-05
3.89398395870633801e-05
3.89398395877683961e-05
3.89398395897984901e-05
3.89398395952961609e-05
3.89398396091179225e-05
3.89398396396684087e-05
3.89398397003621886e-05
3.89398398177392372e-05
3.89398400384655607e-05
3.89398404429052802e-05
3.89398411663818093e-05
3.89398424315875162e-05
3.89398445967064982e-05
3.89398482254991177e-05
3.89398541889901509e-05
3.89398638148882113e-05
3.89398791083065714e-05
3.89399029986815944e-05
3.89399385549177724e-05
3.89399878291280609e-05
3.89400614374554342e-05
3.89401619567949361e-05
3.89403069459420012e-05
3.8940478587275492e-05
3.8940721316744666e-05
3.89410740852926817e-05
3.89414596576586006e-05
3.89419053444123387e-05
3.89425460735199469e-05
3.89433729515989416e-05
3.89441082022743687e-05
3.89451023524511747e-05
3.89464848188582192e-05
3.89477804082796506e-05
3.89491838636581608e-05
3.89510787044327147e-05
3.89533349987315115e-05
3.8955205771486468e-05
3.89574760168252205e-05
3.89602323735511259e-05
3.89626694093797858e-05
3.89656749932869084e-05
3.89698457911084412e-05
3.89734208019360085e-05
3.8977073225054441e-05
3.89821846071158765e-05
3.89865888770659481e-05
3.89894365658914922e-05
3.89926103852430094e-05
3.89953180228448632e-05
3.89985616669764665e-05
3.9002985402927242e-05
3.90082337720266625e-05
3.90130751837439562e-05
3.901953245537575e-05
3.90269961247446224e-05
3.9032780231820797e-05
3.90379218453492475e-05
3.90428432128167664e-05
3.90494019174045075e-05
3.90561860960224558e-05
3.90627673404386736e-05
3.90707984544550363e-05
3.90810241781285823e-05
3.90948461893739441e-05
3.91148717736407758e-05
3.89398395867285107e-05
3.89398395867285107e-05
3.89398395867285107e-05
3.89398395867285242e-05
3.89398395867285649e-05
3.89398395867287207e-05
3.89398395867292425e-05
3.8939839586731045e-05
3.893983958673692e-05
3.89398395867554599e-05
3.89398395868112963e-05
3.89398395869712974e-05
3.89398395874046395e-05
3.89398395884993449e-05
3.89398395909321116e-05
3.89398395957683512e-05
3.89398396051249076e-05
3.89398396227232029e-05
3.8939839654978929e-05
3.8939839712727013e-05
3.89398398138911597e-05
3.89398399875249857e-05
3.89398402798061657e-05
3.8939840762760371e-05
3.89398415466355669e-05
3.89398427964574479e-05
3.89398447514631852e-05
3.89398477465058689e-05
3.89398521895368679e-05
3.89398587852774164e-05
3.89398684117003187e-05
3.89398825157329036e-05
3.89398999846107425e-05
3.89399254699614701e-05
3.89399634614276443e-05
3.89400069470340496e-05
3.89400598387081495e-05
3.89401357295942e-05
3.89402429664518113e-05
3.89403411829779709e-05
3.89404764405410552e-05
3.89406702975934887e-05
3.8940854870898066e-05
3.89410751677067202e-05
3.89413450518190184e-05
3.89417048381326549e-05
3.89420341382117963e-05
3.89423872951231851e-05
3.89428724640747078e-05
3.8943405688818798e-05
3.89439648362371736e-05
3.89447292161026885e-05
3.89455624291117476e-05
3.894627625469693e-05
3.89472356852435975e-05
3.89482807373879607e-05
3.89490507977260949e-05
3.89498761160904247e-05
3.89508355437932503e-05
3.89517297600970578e-05
3.89527334885139882e-05
3.89540923853574412e-05
3.89554333887246834e-05
3.89566332403639041e-05
3.89582186706386596e-05
3.89598567007209474e-05
3.8960816608084294e-05
3.89618485289398695e-05
3.89631716079849697e-05
3.89644448006374659e-05
3.89661295572031404e-05
3.89681447713684267e-05
3.89708405158535129e-05
3.89743682277319872e-05
3.89800813227164335e-05
3.89398395867284971e-05
3.89398395867284971e-05
3.89398395867285039e-05
3.89398395867285107e-05
3.89398395867285039e-05
3.89398395867285175e-05
3.89398395867285649e-05
3.8939839586728714e-05
3.8939839586729168e-05
3.89398395867306045e-05
3.893983958673486e-05
3.89398395867469828e-05
3.89398395867797799e-05
3.89398395868628908e-05
3.89398395870486688e-05
3.89398395874184563e-05
3.89398395881348632e-05
3.89398395894843019e-05
3.89398395919617716e-05
3.89398395964064245e-05
3.89398396042137441e-05
3.89398396176615305e-05
3.89398396404008076e-05
3.89398396781817161e-05
3.89398397399020661e-05
3.89398398390713418e-05
3.89398399957424657e-05
3.89398402389037714e-05
3.89398406098894978e-05
3.89398411681095532e-05
3.89398419970390008e-05
3.8939843225791791e-05
3.89398449003420735e-05
3.89398473681696651e-05
3.89398510573965676e-05
3.8939855425667944e-05
3.89398611417900387e-05
3.89398693431930286e-05
3.89398811842762776e-05
3.89398928605126917e-05
3.89399091227593611e-05
3.89399326467329898e-05
3.89399569000574905e-05
3.89399842981184833e-05
3.89400211031836569e-05
3.89400713019964284e-05
3.89401187181846934e-05
3.89401751700404024e-05
3.89402516852478618e-05
3.89403323762294344e-05
3.89404203461764215e-05
3.89405386934929602e-05
3.89406748122054532e-05
3.89408032875938282e-05
3.89409678040591052e-05
3.89411710046631059e-05
3.89413446339501065e-05
3.89414990326742658e-05
3.89417031314965204e-05
3.89419264187024043e-05
3.89421395894171135e-05
3.89424181628037619e-05
3.89427322230087011e-05
3.89429974300642905e-05
3.89432829123954519e-05
3.89436744721698429e-05
3.89439653338248692e-05
3.89441747808264409e-05
3.89443946643092139e-05
3.89446822997135053e-05
3.89450737853594013e-05
3.89455915532776968e-05
3.89463018328720941e-05
3.89473532512593445e-05
3.89491211291029325e-05
3.89398395867285039e-05
3.89398395867285107e-05
3.89398395867285107e-05
3.89398395867285107e-05
3.89398395867285039e-05
3.89398395867285039e-05
3.89398395867285107e-05
3.89398395867285242e-05
3.89398395867285649e-05
3.89398395867286665e-05
3.89398395867289782e-05
3.89398395867298524e-05
3.89398395867322105e-05
3.89398395867382211e-05
3.89398395867517533e-05
3.8939839586778716e-05
3.89398395868310627e-05
3.89398395869299419e-05
3.89398395871119523e-05
3.89398395874395237e-05
3.89398395880170308e-05
3.89398395890159672e-05
3.89398395907134687e-05
3.89398395935498703e-05
3.89398395982135321e-05
3.89398396057626895e-05
3.89398396177958767e-05
3.8939839636685816e-05
3.89398396658999552e-05
3.89398397104493549e-05
3.89398397774653549e-05
3.89398398770142776e-05
3.89398400231020364e-05
3.89398402379412438e-05
3.89398405576246986e-05
3.89398409589059542e-05
3.89398415226050525e-05
3.89398423230297204e-05
3.89398434859565377e-05
3.8939844736656575e-05
3.89398464972822778e-05
3.89398490437889438e-05
3.89398518227737023e-05
3.89398550434677724e-05
3.893985940461014e-05
3.89398653842843001e-05
3.89398714637082923e-05
3.89398786492928578e-05
3.89398882942173721e-05
3.89398999219624646e-05
3.89399125221515045e-05
3.89399293053339601e-05
3.893994931652038e-05
3.89399691590428822e-05
3.893999456680487e-05
3.89400272176646556e-05
3.89400568851131393e-05
3.89400842475922228e-05
3.8940120175062938e-05
3.89401614256233125e-05
3.89402051896576063e-05
3.89402579898784397e-05
3.89403164624049837e-05
3.89403750149979947e-05
3.89404388185234527e-05
3.89405044016109906e-05
3.89405638338443359e-05
3.89406268858304874e-05
3.89407087850842981e-05
3.89408194398244297e-05
3.89409731553791663e-05
3.89411950478845534e-05
3.89415321919643243e-05
3.89420812930468189e-05
3.89430605964881033e-05
3.89398395867285175e-05
3.89398395867285175e-05
3.89398395867285107e-05
3.89398395867285175e-05
3.89398395867285175e-05
3.89398395867285175e-05
3.89398395867285107e-05
3.89398395867285107e-05
3.89398395867285107e-05
3.89398395867285175e-05
3.89398395867285378e-05
3.89398395867285988e-05
3.89398395867287546e-05
3.89398395867291748e-05
3.89398395867301099e-05
3.89398395867319734e-05
3.89398395867356054e-05
3.89398395867424969e-05
3.89398395867552159e-05
3.89398395867781875e-05
3.89398395868188789e-05
3.89398395868895825e-05
3.89398395870103897e-05
3.89398395872134811e-05
3.89398395875496176e-05
3.89398395880978106e-05
3.89398395889789959e-05
3.89398395903756651e-05
3.89398395925591806e-05
3.8939839595927546e-05
3.89398396010563237e-05
3.89398396087680572e-05
3.89398396202230462e-05
3.89398396370814481e-05
3.89398396616148223e-05
3.89398396964806635e-05
3.89398397457276741e-05
3.89398398156075128e-05
3.8939839916484434e-05
3.89398400366078887e-05
3.89398402058335383e-05
3.89398404472453212e-05
3.89398407293796767e-05
3.89398410672987073e-05
3.89398415293173007e-05
3.8939842168031961e-05
3.89398428720856248e-05
3.89398437334260563e-05
3.89398448852438467e-05
3.89398463114637406e-05
3.89398478721901897e-05
3.89398499518298321e-05
3.89398524291074857e-05
3.89398551210677404e-05
3.89398586629459163e-05
3.89398631538026316e-05
3.89398676828611631e-05
3.8939872405162916e-05
3.89398781597182566e-05
3.89398848647544817e-05
3.89398924441266973e-05
3.89399011974091047e-05
3.89399110987944329e-05
3.89399225393799927e-05
3.89399370535328254e-05
3.89399563837763537e-05
3.893998245187633e-05
3.89400185247556056e-05
3.89400701276705873e-05
3.89401464636286905e-05
3.89402629647375739e-05
3.89404462706474129e-05
3.89407451233328975e-05
3.89412564323601606e-05
3.89421909767848157e-05
3.89398395867285039e-05
3.89398395867285107e-05
3.89398395867285039e-05
3.89398395867285039e-05
3.89398395867285039e-05
3.89398395867285107e-05
3.89398395867285039e-05
3.89398395867285039e-05
3.89398395867285107e-05
3.89398395867285039e-05
3.89398395867285039e-05
3.89398395867285107e-05
3.89398395867285175e-05
3.89398395867285513e-05
3.89398395867286056e-05
3.89398395867287411e-05
3.89398395867289715e-05
3.8939839586729439e-05
3.89398395867302725e-05
3.89398395867318039e-05
3.89398395867345145e-05
3.89398395867392714e-05
3.89398395867474368e-05
3.89398395867612536e-05
3.89398395867842793e-05
3.89398395868221044e-05
3.89398395868834161e-05
3.89398395869814754e-05
3.89398395871362994e-05
3.89398395873776293e-05
3.89398395877492464e-05
3.89398395883146104e-05
3.89398395891648349e-05
3.89398395904292722e-05
3.89398395922880419e-05
3.89398395949808816e-05
3.89398395988407159e-05
3.89398396043214866e-05
3.89398396120178923e-05
3.89398396226274678e-05
3.89398396372148321e-05
3.89398396573068805e-05
3.89398396828829658e-05
3.89398397160455322e-05
3.89398397603877341e-05
3.89398398204117278e-05
3.89398398939863038e-05
3.8939839984173195e-05
3.89398401042885994e-05
3.89398402602319322e-05
3.89398404457444195e-05
3.8939840686493477e-05
3.89398409858435739e-05
3.89398413486166789e-05
3.89398418111248709e-05
3.89398423762536117e-05
3.89398430421038195e-05
3.89398438849755107e-05
3.89398450071998131e-05
3.89398465120089146e-05
3.89398485548251549e-05
3.89398513807843617e-05
3.89398553806120999e-05
3.8939861185218231e-05
3.89398698202615001e-05
3.89398829497359568e-05
3.89399032641593723e-05
3.89399351279339713e-05
3.89399856346238593e-05
3.89400663484627447e-05
3.89401961929439268e-05
3.89404063967979785e-05
3.89407502927701973e-05
3.89413280161919183e-05
3.89423600332836233e-05
3.89398395867284971e-05
3.89398395867284971e-05
3.89398395867284971e-05
3.89398395867284971e-05
3.89398395867285107e-05
3.89398395867285107e-05
3.89398395867284971e-05
3.89398395867285039e-05
3.89398395867285039e-05
3.89398395867284971e-05
3.89398395867285107e-05
3.89398395867285039e-05
3.89398395867285039e-05
3.89398395867285175e-05
3.89398395867285175e-05
3.89398395867285242e-05
3.89398395867285378e-05
3.89398395867285649e-05
3.89398395867286191e-05
3.89398395867287207e-05
3.89398395867288902e-05
3.89398395867292086e-05
3.89398395867297507e-05
3.89398395867306655e-05
3.89398395867322105e-05
3.89398395867347787e-05
3.89398395867389732e-05
3.89398395867457495e-05
3.89398395867565576e-05
3.89398395867736067e-05
3.89398395868001697e-05
3.8939839586841139e-05
3.89398395869036026e-05
3.89398395869978468e-05
3.89398395871385763e-05
3.89398395873464788e-05
3.89398395876505569e-05
3.89398395880909733e-05
3.89398395887222975e-05
3.89398395896157478e-05
3.89398395908697496e-05
3.89398395926156133e-05
3.89398395950161385e-05
3.89398395982971376e-05
3.89398396027954043e-05
3.89398396089630239e-05
3.89398396173720417e-05
3.89398396288111268e-05
3.8939839644418373e-05
3.89398396657870355e-05
3.89398396951735968e-05
3.89398397359577047e-05
3.89398397931589374e-05
3.89398398743667507e-05
3.89398399914537413e-05
3.89398401628439058e-05
3.89398404172566008e-05
3.89398407999083765e-05
3.89398413828214753e-05
3.89398422820174422e-05
3.89398436840570256e-05
3.89398458889904931e-05
3.89398493791488778e-05
3.8939854929328653e-05
3.89398637760990287e-05
3.89398779426513051e-05
3.89399007712312603e-05
3.89399378098216083e-05
3.89399982894930502e-05
3.89400977336744485e-05
3.89402626513411906e-05
3.89405373436659176e-05
3.89409903351043516e-05
3.89416618818060216e-05
3.89421753373768139e-05
3.89398395867285107e-05
3.89398395867285039e-05
3.89398395867285107e-05
3.89398395867285107e-05
3.89398395867285107e-05
3.89398395867285039e-05
3.89398395867285107e-05
3.89398395867285107e-05
3.89398395867285175e-05
3.89398395867285175e-05
3.89398395867285175e-05
3.89398395867285107e-05
3.89398395867285107e-05
3.89398395867285107e-05
3.89398395867285107e-05
3.89398395867285107e-05
3.89398395867285175e-05
3.89398395867285378e-05
3.89398395867285581e-05
3.89398395867285852e-05
3.8939839586728653e-05
3.89398395867287546e-05
3.89398395867289647e-05
3.89398395867293035e-05
3.89398395867298795e-05
3.89398395867308485e-05
3.89398395867324274e-05
3.89398395867350159e-05
3.89398395867391697e-05
3.89398395867457698e-05
3.89398395867561917e-05
3.89398395867724344e-05
3.89398395867975473e-05
3.8939839586835989e-05
3.89398395868943597e-05
3.89398395869822343e-05
3.89398395871135041e-05
3.89398395873080981e-05
3.89398395875945646e-05
3.89398395880130937e-05
3.89398395886207891e-05
3.89398395894981255e-05
3.89398395907587883e-05
3.8939839592565042e-05
3.89398395951514063e-05
3.89398395988509277e-05
3.8939839604152324e-05
3.89398396117830338e-05
3.89398396228270694e-05
3.8939839638831364e-05
3.89398396621980079e-05
3.89398396968444879e-05
3.89398397492757257e-05
3.89398398302000134e-05
3.89398399596609018e-05
3.89398401788686849e-05
3.89398405793982632e-05
3.89398411161170785e-05
3.89398417646060247e-05
3.89398429045767922e-05
3.89398448711568825e-05
3.89398482682776087e-05
3.89398541895591199e-05
3.89398649347991787e-05
3.89398770343433643e-05
3.89398942678870647e-05
3.89399195538702109e-05
3.89399656055449661e-05
3.89400471060789082e-05
3.89401903439688478e-05
3.89404441550519808e-05
3.89407051545663063e-05
3.89409651661974489e-05
3.89412500515700857e-05
3.89416265676214277e-05
3.89398395867285039e-05
3.89398395867285039e-05
3.89398395867284971e-05
3.89398395867285039e-05
3.89398395867285107e-05
3.89398395867285107e-05
3.89398395867285107e-05
3.89398395867285107e-05
3.89398395867285039e-05
3.89398395867285039e-05
3.89398395867285039e-05
3.89398395867285175e-05
3.89398395867285242e-05
3.89398395867285175e-05
3.89398395867285378e-05
3.89398395867285784e-05
3.8939839586728653e-05
3.89398395867288021e-05
3.89398395867290596e-05
3.89398395867295407e-05
3.89398395867303945e-05
3.89398395867319124e-05
3.89398395867345416e-05
3.89398395867390071e-05
3.89398395867464881e-05
3.8939839586758848e-05
3.89398395867790006e-05
3.89398395868114386e-05
3.89398395868630127e-05
3.89398395869440704e-05
3.89398395870699734e-05
3.8939839587263517e-05
3.89398395875580609e-05
3.89398395880019468e-05
3.89398395886642385e-05
3.89398395896426835e-05
3.89398395910750027e-05
3.89398395931541026e-05
3.89398395961471105e-05
3.89398396004156822e-05
3.8939839606444158e-05
3.89398396148848277e-05
3.89398396266231188e-05
3.89398396428316566e-05
3.89398396647902743e-05
3.89398396940940635e-05
3.89398397331619674e-05
3.89398397856599175e-05
3.89398398568998268e-05
3.89398399532058602e-05
3.89398400860403656e-05
3.89398402816795586e-05
3.89398406083631444e-05
3.89398409217237828e-05
3.89398412387272931e-05
3.89398416198363914e-05
3.89398422121828893e-05
3.8939843135667377e-05
3.89398445699013816e-05
3.8939846840400112e-05
3.89398505243325368e-05
3.89398566569688939e-05
3.89398672159716423e-05
3.89398864419415524e-05
3.89399078910706667e-05
3.89399368110787583e-05
3.89399796827558732e-05
3.89400333020240513e-05
3.89401126707980758e-05
3.89401870185503889e-05
3.89402781578170412e-05
3.89404198862365825e-05
3.89406057931256883e-05
3.89408246890409846e-05
3.8941205441879978e-05
3.89398395867285039e-05
3.89398395867285039e-05
3.89398395867284971e-05
3.89398395867284971e-05
3.89398395867285039e-05
3.89398395867285107e-05
3.89398395867285107e-05
3.89398395867285039e-05
3.89398395867285107e-05
3.89398395867285107e-05
3.89398395867285175e-05
3.89398395867285378e-05
3.89398395867285852e-05
3.8939839586728714e-05
3.89398395867290053e-05
3.8939839586729622e-05
3.89398395867308282e-05
3.89398395867331389e-05
3.8939839586737435e-05
3.89398395867452955e-05
3.89398395867593291e-05
3.8939839586783866e-05
3.89398395868260008e-05
3.8939839586897138e-05
3.89398395870153635e-05
3.89398395872090223e-05
3.89398395875219705e-05
3.89398395880211439e-05
3.89398395888069601e-05
3.89398395900280767e-05
3.89398395919029875e-05
3.89398395947513086e-05
3.89398395990374647e-05
3.89398396054273051e-05
3.89398396148553984e-05
3.89398396286237428e-05
3.89398396485635963e-05
3.8939839677267239e-05
3.89398397182928393e-05
3.89398397757675078e-05
3.89398398548640069e-05
3.89398399626423967e-05
3.89398401093465178e-05
3.89398403092845657e-05
3.89398405773701682e-05
3.89398409087018439e-05
3.89398413561322735e-05
3.89398419971084779e-05
3.89398430399802333e-05
3.89398439432597055e-05
3.8939844810743484e-05
3.89398457800798912e-05
3.89398470461205896e-05
3.89398486822193778e-05
3.89398507759057606e-05
3.89398533423802458e-05
3.89398566679572354e-05
3.89398609615409532e-05
3.89398665239480622e-05
3.89398740629762883e-05
3.89398847291887084e-05
3.89399009396311139e-05
3.89399284240711578e-05
3.89399511027951079e-05
3.89399734586252805e-05
3.89399964542219725e-05
3.89400246775940373e-05
3.8940062430808058e-05
3.89401086905305036e-05
3.89401663622855975e-05
3.89402481143094967e-05
3.89403493351375688e-05
3.89404903765132096e-05
3.89407018557075954e-05
3.89410610988195449e-05
3.89398395867285107e-05
3.89398395867285107e-05
3.89398395867285039e-05
3.89398395867285039e-05
3.89398395867285107e-05
3.89398395867285107e-05
3.89398395867285039e-05
3.89398395867285107e-05
3.89398395867285175e-05
3.89398395867285649e-05
3.89398395867286665e-05
3.89398395867289511e-05
3.8939839586729744e-05
3.8939839586731743e-05
3.8939839586736527e-05
3.89398395867464339e-05
3.89398395867658886e-05
3.89398395868030767e-05
3.89398395868723165e-05
3.89398395869979959e-05
3.89398395872210027e-05
3.89398395876084763e-05
3.89398395882686741e-05
3.89398395893732321e-05
3.89398395911908835e-05
3.89398395941391748e-05
3.8939839598859642e-05
3.89398396063207419e-05
3.89398396179483562e-05
3.89398396358131349e-05
3.89398396629302848e-05
3.89398397037314892e-05
3.89398397647347614e-05
3.89398398552248768e-05
3.89398399866943581e-05
3.89398401741271232e-05
3.89398404395122221e-05
3.89398408155181908e-05
3.89398413470986264e-05
3.89398420804181391e-05
3.89398430763496529e-05
3.89398444421547389e-05
3.89398464211987156e-05
3.89398496698908905e-05
3.89398527086316041e-05
3.89398556409125345e-05
3.89398591655308691e-05
3.8939863618244051e-05
3.89398686657361112e-05
3.89398753482900287e-05
3.89398842519893262e-05
3.89398954766014135e-05
3.89399078437529194e-05
3.89399229479278221e-05
3.8939941295684838e-05
3.89399644919005382e-05
3.89399962770601053e-05
3.89400453460329486e-05
3.89400723875938133e-05
3.8940098284291604e-05
3.8940136958943098e-05
3.89401958233715528e-05
3.89402382638522751e-05
3.89402762438405633e-05
3.89403175947334202e-05
3.89403623469287982e-05
3.89404172178324496e-05
3.89404822893969058e-05
3.8940550795967724e-05
3.89406388536336668e-05
3.89407504457996216e-05
3.89408708131268991e-05
3.89410329453994861e-05
3.89412684905275525e-05
3.89416606630321469e-05
3.89398395867285039e-05
3.89398395867285107e-05
3.89398395867285107e-05
3.89398395867285107e-05
3.89398395867285107e-05
3.89398395867285175e-05
3.89398395867285378e-05
3.89398395867285988e-05
3.8939839586728775e-05
3.89398395867293442e-05
3.89398395867309908e-05
3.89398395867355919e-05
3.89398395867479518e-05
3.89398395867794817e-05
3.89398395868548677e-05
3.89398395870112164e-05
3.89398395873182557e-05
3.89398395879040772e-05
3.89398395889901158e-05
3.89398395909507937e-05
3.89398395944063358e-05
3.89398396003639454e-05
3.89398396104265478e-05
3.89398396270953091e-05
3.89398396542527304e-05
3.89398396979544873e-05
3.89398397675892489e-05
3.89398398772041553e-05
3.89398400455849404e-05
3.89398402981716628e-05
3.89398406722333792e-05
3.89398412246625211e-05
3.89398420416755297e-05
3.89398432475592367e-05
3.89398449817437558e-05
3.89398474306743811e-05
3.8939850941227449e-05
3.89398562575185372e-05
3.89398652011613199e-05
3.89398747420647334e-05
3.89398851342186405e-05
3.89398971078765998e-05
3.89399123847305732e-05
3.89399326580914509e-05
3.89399559434630405e-05
3.89399863857181551e-05
3.89400266390014125e-05
3.89400718708350448e-05
3.89401185380579398e-05
3.89401765300495672e-05
3.89402553239920208e-05
3.89403404368111436e-05
3.89404478297975269e-05
3.89405952210309614e-05
3.89408230276501314e-05
3.89409479518438084e-05
3.89410514070731635e-05
3.89411765080892848e-05
3.89413572504310323e-05
3.8941637530586508e-05
3.89417965983919172e-05
3.89419470264061192e-05
3.89421068985877812e-05
3.89422730276796621e-05
3.89424795105250103e-05
3.89427366447854005e-05
3.89429573032904454e-05
3.89431485900627357e-05
3.89434063623643679e-05
3.89436918251202048e-05
3.8944078288177968e-05
3.89444253257402293e-05
3.89448831015451022e-05
3.89454261117480328e-05
3.89462734363550431e-05
3.89398395867285107e-05
3.89398395867285039e-05
3.89398395867285107e-05
3.89398395867285242e-05
3.89398395867285649e-05
3.89398395867286598e-05
3.89398395867289511e-05
3.89398395867298456e-05
3.8939839586732651e-05
3.89398395867412162e-05
3.89398395867664578e-05
3.89398395868374459e-05
3.89398395870275879e-05
3.89398395875112843e-05
3.89398395886685549e-05
3.89398395910872745e-05
3.89398395958388515e-05
3.89398396048935795e-05
3.89398396216170863e-05
3.89398396516385699e-05
3.89398397041969372e-05
3.89398397941794969e-05
3.89398399448384757e-05
3.89398401897438629e-05
3.89398405795176407e-05
3.89398411964930378e-05
3.89398421713983546e-05
3.89398436989528386e-05
3.89398460151626168e-05
3.89398494255333371e-05
3.89398544219751486e-05
3.89398619107898114e-05
3.89398737354602046e-05
3.8939894234426668e-05
3.89399179046376415e-05
3.89399427064615256e-05
3.89399755487718178e-05
3.89400235542948568e-05
3.89400846659801626e-05
3.89401658720454316e-05
3.89402741409107674e-05
3.89404123253228818e-05
3.89405669002826e-05
3.89407572107964959e-05
3.89409940598941154e-05
3.89413110552815065e-05
3.8941642045065346e-05
3.89419372765311531e-05
3.89422984411966019e-05
3.89428079838334659e-05
3.89435967220040402e-05
3.89443085827839307e-05
3.89448776615332443e-05
3.89454943193900412e-05
3.89462272410201932e-05
3.89470203279103331e-05
3.8948062599553925e-05
3.89488386527748239e-05
3.89494953562123232e-05
3.89500777042393694e-05
3.89508120542127168e-05
3.89517441423405347e-05
3.89525909941318429e-05
3.8953640118384952e-05
3.895509865635628e-05
3.89561737889087851e-05
3.8957271364754052e-05
3.89583824193525481e-05
3.89593334454237358e-05
3.89606015266249375e-05
3.89623344923416794e-05
3.89639446562396925e-05
3.89660542735856521e-05
3.89686678492279567e-05
3.89721157090108057e-05
3.89398395867285242e-05
3.89398395867285649e-05
3.89398395867286665e-05
3.89398395867289037e-05
3.89398395867294458e-05
3.89398395867308349e-05
3.89398395867349549e-05
3.89398395867480331e-05
3.89398395867895648e-05
3.89398395869180021e-05
3.89398395872984012e-05
3.89398395883702774e-05
3.89398395912355662e-05
3.89398395984948351e-05
3.89398396158399014e-05
3.89398396526274842e-05
3.89398397250660604e-05
3.89398398628202958e-05
3.89398401142744877e-05
3.89398405597854119e-05
3.89398413293477974e-05
3.8939842631209492e-05
3.89398447893461578e-05
3.89398482458972771e-05
3.89398536957034853e-05
3.89398624787613574e-05
3.89398772642787926e-05
3.89399037927681046e-05
3.89399379549267818e-05
3.89399772293703154e-05
3.89400283241719838e-05
3.89401042855773422e-05
3.89402157326135256e-05
3.89403761067480574e-05
3.89406068096734013e-05
3.89409357509967727e-05
3.89413902802269513e-05
3.8942003917468198e-05
3.89426724135400848e-05
3.8943557623090216e-05
3.89446729125113081e-05
3.89457784184194382e-05
3.89472027793280698e-05
3.89491362259520709e-05
3.89520326456534763e-05
3.89534658086030996e-05
3.89544684730021106e-05
3.89559423428694154e-05
3.89579906713097024e-05
3.89608013422837956e-05
3.89635230174484079e-05
3.8967026439044579e-05
3.89717807938572797e-05
3.89780837804196189e-05
3.898126136257233e-05
3.89838603123119932e-05
3.89858990043374587e-05
3.89882121715655612e-05
3.8990615259424833e-05
3.89934677611971712e-05
3.89976593779141735e-05
3.90025346858210943e-05
3.90072777915483781e-05
3.90136042785737877e-05
3.90213817139390128e-05
3.90255328339812895e-05
3.90302346242712417e-05
3.90355810270349852e-05
3.90400543495983139e-05
3.90450285467584457e-05
3.90521130386270205e-05
3.90589950933075634e-05
3.90682775275914089e-05
3.90793352438750896e-05
3.90940765303556564e-05
3.89398395867288292e-05
3.8939839586729622e-05
3.89398395867313635e-05
3.89398395867349075e-05
3.89398395867423207e-05
3.8939839586761179e-05
3.89398395868184385e-05
3.89398395870047383e-05
3.89398395876086999e-05
3.89398395894984236e-05
3.8939839595129065e-05
3.89398396110156964e-05
3.89398396533820686e-05
3.89398397601765925e-05
3.8939840014287073e-05
3.89398405646259612e-05
3.8939841655395607e-05
3.8939843739182377e-05
3.89398475266538528e-05
3.89398541831497774e-05
3.89398656410846252e-05
3.89398855772016118e-05
3.89399220286604946e-05
3.89399699705251655e-05
3.89400280418787792e-05
3.89401230018625574e-05
3.8940276069737969e-05
3.89405091205007322e-05
3.89408510924282126e-05
3.89413477670303885e-05
3.89420631715616783e-05
3.894307783832593e-05
3.89444888318580336e-05
3.89464607358882734e-05
3.89493419202818989e-05
3.89540592883467473e-05
3.89581512810054385e-05
3.89619158576343623e-05
3.89659077722123433e-05
3.89718414621306023e-05
3.89787626914454865e-05
3.89842888157996569e-05
3.8991078860247454e-05
3.89983295218883746e-05
3.90080129138287824e-05
3.90188135019824435e-05
3.90275542407839617e-05
3.90381189728471054e-05
3.90529648876628766e-05
3.90764061055052454e-05
3.9090241063092685e-05
3.91012115456096062e-05
3.91110341069609405e-05
3.91216874084838068e-05
3.91347024341233136e-05
3.91484350816124734e-05
3.91608301690094546e-05
3.91740147454622717e-05
3.91870941677714972e-05
3.919767243805703e-05
3.92106038153624685e-05
3.92276930842582481e-05
3.92458696552473594e-05
3.92704068094972301e-05
3.9296280787693604e-05
3.93166605110912166e-05
3.93356741254359156e-05
3.9353733462048747e-05
3.93708253178869395e-05
3.93876593315358142e-05
3.94103992847401899e-05
3.94355093766154835e-05
3.94692834498642858e-05
3.95069207122336041e-05
3.95580278459151588e-05
3.89398395867352666e-05
3.89398395867494493e-05
3.89398395867764731e-05
3.89398395868273493e-05
3.89398395869255644e-05
3.89398395871724102e-05
3.89398395879587955e-05
3.89398395905967746e-05
3.89398395992850016e-05
3.89398396266503187e-05
3.89398397082448399e-05
3.89398399376201626e-05
3.89398405449990694e-05
3.89398420612802022e-05
3.8939845634664419e-05
3.8939853588049284e-05
3.89398703185129578e-05
3.89399033185825876e-05
3.89399519549021145e-05
3.89400364922588504e-05
3.89401719157107625e-05
3.89403818290076309e-05
3.89407077045809762e-05
3.89412206951830135e-05
3.89420473183045083e-05
3.89434343030490798e-05
3.89459263821141812e-05
3.89490422853646249e-05
3.89527233385111475e-05
3.89574950600764087e-05
3.89641289492098118e-05
3.89732550667969219e-05
3.89856964264049009e-05
3.90020566038702288e-05
3.9022525103808634e-05
3.9045498316456922e-05
3.90694196686488125e-05
3.90954923831006253e-05
3.91253791655315008e-05
3.91589135130996244e-05
3.91938162651299534e-05
3.92265995555384427e-05
3.92604915157679195e-05
3.93054380398351756e-05
3.93607718652272539e-05
3.94235195752948487e-05
3.94720845634580062e-05
3.94936102489734542e-05
3.95139457945504514e-05
3.95407318612896473e-05
3.95750723070934383e-05
3.960997034645532e-05
3.96481582110764255e-05
3.96940351324578727e-05
3.97432921089727344e-05
3.97791961006134018e-05
3.98013823764315847e-05
3.98209514442438066e-05
3.98410803100976565e-05
3.98664125631458107e-05
3.98968581989982268e-05
3.99357941319596033e-05
3.99886522370606433e-05
4.00608142571961531e-05
4.01508573607172793e-05
4.02051927277201275e-05
4.02320975577828534e-05
4.02564433293256584e-05
4.02869389004448792e-05
4.03290232927882029e-05
4.0375103233091345e-05
4.04299424052178774e-05
4.05043328634052186e-05
4.05898081729654873e-05
4.06662749637574377e-05
3.89398395869337366e-05
3.89398395872016768e-05
3.89398395875714304e-05
3.89398395881368622e-05
3.89398395891381568e-05
3.89398395918446439e-05
3.89398396013604289e-05
3.89398396348286793e-05
3.89398397478014005e-05
3.89398401085163509e-05
3.89398411911248614e-05
3.89398442373896264e-05
3.89398522731153299e-05
3.89398721732709229e-05
3.89399184936884766e-05
3.89400196741761167e-05
3.89402271376885776e-05
3.89406425449413023e-05
3.89414705075795243e-05
3.89427442651068344e-05
3.8944273009397348e-05
3.89462896665210308e-05
3.89495278451283133e-05
3.89546641277989383e-05
3.89625964132922855e-05
3.89746424490314635e-05
3.89926736221730451e-05
3.90192645568442393e-05
3.90579027461129252e-05
3.91132718074174579e-05
3.91913547880850713e-05
3.92931206057100821e-05
3.93942004750104285e-05
3.94939788110635896e-05
3.95920911574422951e-05
3.9688163697988809e-05
3.97814711037019515e-05
3.98716079073016983e-05
3.99576491836528425e-05
4.00390373188075298e-05
4.0114608356221914e-05
4.0184781122101822e-05
4.02489520374094701e-05
4.03065190559175065e-05
4.03481022111355385e-05
4.03921592583686884e-05
4.04375059843856965e-05
4.049025730304313e-05
4.0546014437134757e-05
4.05912981939768062e-05
4.06276833366272689e-05
4.06633006642018825e-05
4.06994031101316983e-05
4.07355665436435099e-05
4.07712091004147579e-05
4.08059165447280595e-05
4.08404451370538265e-05
4.08779322047262078e-05
4.09208360415470963e-05
4.0968786559252868e-05
4.10189286278068456e-05
4.106098999204026e-05
4.10940599896938934e-05
4.11235326240827771e-05
4.11495962103598792e-05
4.1173096606646084e-05
4.11966963859439222e-05
4.12251563810855568e-05
4.12588183384845586e-05
4.129627456987828e-05
4.13325832354236985e-05
4.13606093900729732e-05
4.13812625373456729e-05
4.139848773673491e-05
4.14228230164187126e-05
)
;

boundaryField
{
    reactingWall
    {
        type            calculated;
        value           nonuniform List<scalar> 
75
(
3.89398395869337366e-05
3.89398395872016768e-05
3.89398395875714304e-05
3.89398395881368622e-05
3.89398395891381568e-05
3.89398395918446439e-05
3.89398396013604289e-05
3.89398396348286793e-05
3.89398397478014005e-05
3.89398401085163509e-05
3.89398411911248614e-05
3.89398442373896264e-05
3.89398522731153299e-05
3.89398721732709229e-05
3.89399184936884766e-05
3.89400196741761167e-05
3.89402271376885776e-05
3.89406425449413023e-05
3.89414705075795243e-05
3.89427442651068344e-05
3.8944273009397348e-05
3.89462896665210308e-05
3.89495278451283133e-05
3.89546641277989383e-05
3.89625964132922855e-05
3.89746424490314635e-05
3.89926736221730451e-05
3.90192645568442393e-05
3.90579027461129252e-05
3.91132718074174579e-05
3.91913547880850713e-05
3.92931206057100821e-05
3.93942004750104285e-05
3.94939788110635896e-05
3.95920911574422951e-05
3.9688163697988809e-05
3.97814711037019515e-05
3.98716079073016983e-05
3.99576491836528425e-05
4.00390373188075298e-05
4.0114608356221914e-05
4.0184781122101822e-05
4.02489520374094701e-05
4.03065190559175065e-05
4.03481022111355385e-05
4.03921592583686884e-05
4.04375059843856965e-05
4.049025730304313e-05
4.0546014437134757e-05
4.05912981939768062e-05
4.06276833366272689e-05
4.06633006642018825e-05
4.06994031101316983e-05
4.07355665436435099e-05
4.07712091004147579e-05
4.08059165447280595e-05
4.08404451370538265e-05
4.08779322047262078e-05
4.09208360415470963e-05
4.0968786559252868e-05
4.10189286278068456e-05
4.106098999204026e-05
4.10940599896938934e-05
4.11235326240827771e-05
4.11495962103598792e-05
4.1173096606646084e-05
4.11966963859439222e-05
4.12251563810855568e-05
4.12588183384845586e-05
4.129627456987828e-05
4.13325832354236985e-05
4.13606093900729732e-05
4.13812625373456729e-05
4.139848773673491e-05
4.14228230164187126e-05
)
;
    }
    inertWall
    {
        type            calculated;
        value           nonuniform List<scalar> 
105
(
3.89398395867285107e-05
3.89398395867285039e-05
3.89398395867285039e-05
3.89398395867285039e-05
3.89398395867285107e-05
3.89398395867285039e-05
3.89398395867285107e-05
3.89398395867285039e-05
3.89398395867285107e-05
3.89398395867285039e-05
3.89398395867285107e-05
3.89398395867285175e-05
3.89398395867285242e-05
3.89398395867286869e-05
3.89398395867329695e-05
3.89398395867285039e-05
3.89398395867285039e-05
3.89398395867285107e-05
3.89398395867285107e-05
3.89398395867285107e-05
3.89398395867285107e-05
3.89398395867285107e-05
3.89398395867285039e-05
3.89398395867285039e-05
3.89398395867285107e-05
3.89398395867285107e-05
3.89398395867285039e-05
3.89398395867285175e-05
3.89398395867286259e-05
3.89398395867293916e-05
3.89398395867318311e-05
3.89398395867415008e-05
3.89398395867812978e-05
3.89398395869466251e-05
3.89398395876279919e-05
3.89398395903680419e-05
3.89398396009879106e-05
3.893983964028925e-05
3.89398397782164495e-05
3.89398402348662025e-05
3.89398416541212087e-05
3.89398457656340763e-05
3.8939856737566979e-05
3.89398832709226782e-05
3.89399402100301193e-05
3.89400536721496883e-05
3.89402747875451248e-05
3.89406944610674245e-05
3.89414694616832513e-05
3.89428613374726471e-05
3.89452912211541599e-05
3.89494087525903105e-05
3.89561682298519623e-05
3.89664980723430392e-05
3.89815670004445527e-05
3.90026273151825305e-05
3.90306664886196081e-05
3.90665225029570743e-05
3.91108697954431524e-05
3.91639547031608646e-05
3.92257050717516865e-05
3.92958437951426671e-05
3.93737970525428809e-05
3.94585952278946769e-05
3.95487718188008958e-05
3.96423609181522144e-05
3.97370133342221974e-05
3.98301834996797285e-05
3.99196533863857152e-05
4.00038700631526517e-05
4.00817786395227021e-05
4.01529618719008723e-05
4.02177438441400219e-05
4.02761913406482261e-05
4.03279230186964771e-05
4.03732697591938861e-05
4.04167734991349692e-05
4.04690982614200798e-05
4.0523865127068892e-05
4.0571936912070172e-05
4.06097159726703962e-05
4.06477918027138552e-05
4.06873922996754431e-05
4.07265953299756407e-05
4.07640845073915e-05
4.07999904901058214e-05
4.08350565301803556e-05
4.08710770946301612e-05
4.09127682905994992e-05
4.09610230954836246e-05
4.10096870322873366e-05
4.10443227646843393e-05
4.10755626014908213e-05
4.11050451113003631e-05
4.11321360345660091e-05
4.1156506513554173e-05
4.11836714403964214e-05
4.12165343005801383e-05
4.12536465380521468e-05
4.12858197277181133e-05
4.13097380243406158e-05
4.13378373532685386e-05
4.13719823792060325e-05
4.1393296904153337e-05
4.14159637989261074e-05
)
;
    }
    inlet
    {
        type            calculated;
        value           uniform 3.89398395867285039e-05;
    }
    outlet
    {
        type            calculated;
        value           nonuniform List<scalar> 
20
(
4.14159637989261074e-05
4.06275823688691956e-05
3.95945081167218757e-05
3.91148717736407758e-05
3.89800813227164335e-05
3.89491211291029325e-05
3.89430605964881033e-05
3.89421909767848157e-05
3.89423600332836233e-05
3.89421753373768139e-05
3.89416265676214277e-05
3.8941205441879978e-05
3.89410610988195449e-05
3.89416606630321469e-05
3.89462734363550431e-05
3.89721157090108057e-05
3.90940765303556564e-05
3.95580278459151588e-05
4.06662749637574377e-05
4.14228230163922378e-05
)
;
    }
    defaultFaces
    {
        type            empty;
    }
}


// ************************************************************************* //
