/*--------------------------------*- C++ -*----------------------------------*\
  =========                 |
  \\      /  F ield         | OpenFOAM: The Open Source CFD Toolbox
   \\    /   O peration     | Website:  https://openfoam.org
    \\  /    A nd           | Version:  8
     \\/     M anipulation  |
\*---------------------------------------------------------------------------*/
FoamFile
{
    version     2.0;
    format      ascii;
    class       volScalarField;
    location    "0.3";
    object      H2;
}
// * * * * * * * * * * * * * * * * * * * * * * * * * * * * * * * * * * * * * //

dimensions      [0 0 0 0 0 0 0];

internalField   nonuniform List<scalar> 
1800
(
6.38687312393998553e-51
8.46071143210948822e-50
8.94768672386136635e-49
8.88507867519534742e-48
8.48838628250382988e-47
7.80061291716118715e-46
6.84909193839461292e-45
5.70230317543609126e-44
4.46877734533020194e-43
3.26935245751789114e-42
2.20994922667473293e-41
1.36181618571092512e-40
7.51118385646335851e-40
3.60858967561252831e-39
1.44366803640965215e-38
3.95510246077963564e-50
5.07691689526839753e-49
5.22829437694945032e-48
5.06673830597394149e-47
4.722891140653053e-46
4.24324261068103596e-45
3.65633487159430773e-44
2.99998983272303004e-43
2.32658908539292692e-42
1.69171602682862421e-41
1.14162136642232473e-40
7.05455654409798761e-40
3.91883128235597126e-39
1.90331683824906998e-38
7.68791154040915607e-38
3.01329079401512008e-49
3.92002907500637385e-48
4.10283560268914431e-47
4.04736187924692642e-46
3.83472591043612337e-45
3.49589419215268451e-44
3.05474480985457876e-43
2.54145779114425699e-42
1.99837230358710659e-41
1.47302821339184046e-40
1.00748998142263624e-39
6.30723690687861175e-39
3.54662543596468421e-38
1.74133732309817868e-37
7.0944610967612477e-37
2.26025877418968018e-48
3.00782193574971413e-47
3.23208653283079517e-46
3.27834343114783891e-45
3.1919852840171516e-44
2.98580403650778762e-43
2.67420695963524759e-42
2.27935570863618475e-41
1.83534234765842023e-40
1.38437814168340134e-39
9.67961589282733994e-39
6.18654413173663107e-38
3.54466753087322543e-37
1.76851052968903516e-36
7.29597281296570732e-36
1.63816083969831926e-47
2.23201332207958534e-46
2.46707137948313924e-45
2.57882644640868122e-44
2.58856601027465844e-43
2.49461115274830891e-42
2.30028109514907047e-41
2.01792159445150313e-40
1.67185791436798658e-39
1.29680426614621014e-38
9.31509534539402022e-38
6.10777649273521461e-37
3.58277520068566675e-36
1.82443059769157238e-35
7.65082690328180718e-35
1.14846520585110759e-46
1.60432421301162662e-45
1.8280212579655283e-44
1.9726345446768281e-43
2.04459860982731596e-42
2.03366957479986867e-41
1.93439795405398952e-40
1.7500407209392164e-39
1.4951539512298718e-38
1.19549377268990686e-37
8.84484071760536502e-37
5.96634554722363745e-36
3.59396486441919596e-35
1.87370840408814257e-34
8.00993696521082034e-34
7.77801346375333569e-46
1.11485622052420279e-44
1.31082803882008402e-43
1.46175119239260998e-42
1.56618649579110551e-41
1.61012191479667797e-40
1.58257142137900645e-39
1.47939413837362574e-38
1.30613909167429135e-37
1.07904392822168367e-36
8.24235306304383468e-36
5.73517069483994741e-35
3.55854184863135864e-34
1.90552183957170707e-33
8.32832301097529842e-33
5.07649128084295459e-45
7.4758099539661144e-44
9.08779895927675497e-43
1.04925536973208129e-41
1.16425591113775364e-40
1.23934987288475812e-39
1.26115073671881801e-38
1.22051906932474673e-37
1.11584745257522124e-36
9.54543853959277521e-36
7.54445817780838074e-35
5.42852176750086925e-34
3.48077813541717186e-33
1.92100907497736569e-32
8.60871989243250849e-32
3.18293193409706814e-44
4.8241063519188989e-43
6.07269499378283976e-42
7.2707689026365884e-41
8.36840179605216771e-40
9.24027152671929723e-39
9.75556764816978265e-38
9.79617642571754981e-37
9.29704355699585924e-36
8.2571522601132484e-35
6.77029531159113288e-34
5.05153198604786464e-33
3.36129675865900018e-32
1.92013874794805415e-31
8.84910906974252197e-31
1.90573734851230956e-43
2.97901109052787492e-42
3.89199801549487081e-41
4.8450036242381489e-40
5.79889077285269626e-39
6.66017551557291359e-38
7.31841947163509414e-37
7.64640425145774183e-36
7.55690507262893674e-35
6.98761010973482623e-34
5.96115005838364384e-33
4.62403189733592775e-32
3.20990091126778556e-31
1.90679848365330113e-30
9.06066488848913416e-30
1.0824247638948041e-42
1.75055715625833049e-41
2.3782303961063387e-40
3.08725141042313141e-39
3.84917037589842869e-38
4.61744612550936523e-37
5.30123301979991633e-36
5.77958860514827896e-35
5.97836999974134218e-34
5.76875087524630703e-33
5.14060052114648127e-32
4.15462745615093518e-31
3.03086963086917126e-30
1.87952630872691089e-29
9.24756716891592982e-29
5.72753277203558104e-42
9.58485284742737218e-41
1.35444735538323532e-39
1.82768875944950356e-38
2.36916591047255091e-37
2.94413342547918067e-36
3.54380577686253214e-35
4.05184785223950914e-34
4.40594501490096035e-33
4.44300756835578682e-32
4.15386756227282878e-31
3.5157987748380441e-30
2.71018419383262502e-29
1.77520188690566697e-28
9.07681426798973789e-28
2.80846042450548875e-41
4.8514316335587317e-40
7.11007920477859638e-39
9.97502614463240996e-38
1.34624460531911115e-36
1.76322761394570335e-35
2.20944243946235633e-34
2.65038217429272493e-33
3.02451065171398299e-32
3.21761196039667867e-31
3.16534575768517963e-30
2.81313525783618739e-29
2.30255611433794341e-28
1.58847165980045113e-27
8.64473270981085324e-27
1.26814910029709047e-40
2.26554268058788271e-39
3.45048534059276987e-38
5.04155718335289378e-37
7.16187067472401087e-36
9.80598383310228082e-35
1.28783368697046819e-33
1.61556737272195504e-32
1.92220458791849135e-31
2.15177648113244812e-30
2.25120396688909238e-29
2.12227649698959584e-28
1.84478508812875995e-27
1.33399698408643903e-26
7.86684261018678811e-26
5.26122375572350848e-40
9.65230325964780436e-39
1.52222502174772888e-37
2.316517817067189e-36
3.43831448645946418e-35
4.92990048965149417e-34
6.779145130462168e-33
8.97554589198539671e-32
1.12805637621771835e-30
1.33973081339620691e-29
1.48474719623026311e-28
1.53033650785541665e-27
1.3940674697686044e-26
1.09857595563840894e-25
6.72186105295166172e-25
1.98048578200754824e-39
3.74126721294370828e-38
6.08190067742240746e-37
9.6529526653960251e-36
1.51767876396961661e-34
2.25735201204639919e-33
3.215506583754216e-32
4.53256302005232186e-31
6.06283458406200808e-30
7.70617646656463984e-29
9.05972881929355418e-28
1.00387615927552988e-26
9.78994355872869108e-26
8.33523386060159715e-25
5.5641648460364688e-24
6.63267464333666702e-39
1.30160742235922733e-37
2.23567059835486079e-36
3.7338325758012518e-35
6.03885154782563726e-34
9.45595962898425229e-33
1.43612260448821726e-31
2.04112275709875537e-30
2.9398218767946578e-29
4.04326149564880078e-28
5.19285770808891503e-27
6.10703147787876353e-26
6.39143023036495245e-25
6.00094136062841935e-24
4.74770729211485012e-23
1.94878961678686411e-38
3.94691043374726699e-37
7.01772418203411553e-36
1.24297897925503975e-34
2.12291250092870889e-33
3.53190888436058115e-32
5.71033167118762097e-31
8.96319100971674701e-30
1.34035284322786345e-28
1.91808982299455055e-27
2.67513167063600507e-26
3.43129702622999266e-25
4.00908544138496664e-24
4.38162068389106587e-23
4.00191206690001718e-22
4.86607547354882525e-38
1.03003339003611674e-36
1.96079243164018643e-35
3.63083671898531111e-34
6.5902594204244069e-33
1.16346985061703232e-31
1.9942481933236409e-30
3.31747248597627322e-29
5.33683654192392477e-28
8.27641477534566281e-27
1.22574655905062258e-25
1.74094028402500882e-24
2.34214234971052782e-23
2.89491400995961084e-22
3.16309223561521039e-21
9.10504810564789212e-38
2.10280651806747992e-36
4.35681660910153753e-35
8.73275798336205517e-34
1.70077212729282324e-32
3.21087100580318026e-31
5.85989563459393899e-30
1.03211992296492106e-28
1.75222448815676555e-27
2.86344914815827774e-26
4.49890245988945158e-25
6.79387348270097867e-24
9.86996420057600145e-23
1.38392170980573719e-21
1.88251273086715321e-20
4.14210216127684488e-38
1.18036448795007548e-37
3.3778625205479638e-37
9.57072844877730267e-37
2.64980937047252824e-36
7.09938601481084387e-36
1.82971804536040797e-35
4.52315495172775516e-35
1.07153930314133529e-34
2.43339078706110022e-34
5.30131393869908628e-34
1.10846804896633803e-33
2.22255247497240053e-33
4.25734969586498627e-33
7.72447982710626761e-33
1.33426294188062965e-32
2.23201450226347402e-32
3.63974625370011853e-32
5.80630402462235234e-32
9.08412636948917005e-32
1.39710182655762396e-31
2.11825826109292477e-31
3.18946636097289207e-31
4.75066914718749948e-31
7.00033753567830786e-31
1.02184739323023861e-30
1.47608139775567194e-30
2.10533484890349436e-30
2.98238130960263269e-30
4.18968121481843542e-30
5.82332782164224175e-30
8.02170469462054825e-30
1.09768008246033983e-29
1.49356701695540623e-29
2.01063405024802788e-29
2.68898642435741719e-29
3.58573549077731422e-29
4.74378410109105599e-29
6.22254091812931581e-29
8.14198848231126036e-29
1.06120003418506157e-28
1.37222425378563401e-28
1.77215360963778204e-28
2.27851811690198504e-28
2.91848793767971703e-28
3.72138755052137947e-28
4.74798645395396031e-28
6.15681422073644518e-28
7.97280318679530998e-28
1.02271036333094174e-27
1.29520672549448683e-27
1.65559199689698731e-27
2.13895157301311339e-27
2.77441564790166735e-27
3.58863108993785317e-27
4.62113102728827658e-27
5.94908228677556927e-27
7.6374322474115892e-27
9.72610891336799666e-27
1.23543033710618513e-26
1.56990063203167699e-26
1.93635154403408093e-26
2.42756405933509824e-26
3.12027722401123302e-26
4.0133974070960157e-26
5.16228196905043335e-26
6.68943976704105228e-26
8.72166604591467545e-26
1.14294333410360797e-25
1.46060717126696977e-25
1.75213083491746315e-25
2.09250749785620866e-25
2.67874906790760026e-25
3.28985506681858743e-25
3.99030240822171894e-25
2.13363266071479593e-37
5.94719874976144532e-37
1.66629076991378639e-36
4.62032974302817163e-36
1.24997162411056708e-35
3.26598982539839887e-35
8.19450407171699297e-35
1.9697706157067494e-34
4.53564641917013988e-34
1.00158782191636551e-33
2.12482700704641841e-33
4.33799019157096325e-33
8.53014654248042119e-33
1.61221411348674558e-32
2.89595915662510904e-32
4.94604686424758966e-32
8.18104194632376053e-32
1.31910702286883011e-31
2.08028449833459652e-31
3.21580549795012365e-31
4.88075064067689493e-31
7.28179841566031235e-31
1.07077000145950741e-30
1.56001260085401066e-30
2.25430092567785178e-30
3.22190394809011894e-30
4.58524380225453034e-30
6.40783896089083378e-30
8.86419493216591308e-30
1.22464577689303183e-29
1.67474320448080492e-29
2.25670788471072474e-29
3.01080703063356646e-29
4.04073299072933657e-29
5.36247640559830367e-29
6.96066311989153561e-29
9.07259304235157614e-29
1.18503165261745034e-28
1.51276509216525944e-28
1.91414266415026176e-28
2.44733251229337591e-28
3.06698321081310476e-28
3.82087636054970205e-28
4.74775500946394748e-28
5.86286356616046427e-28
7.21309043041589696e-28
8.89046306659191822e-28
1.0935172746874617e-27
1.33310787320869268e-27
1.5989068756742088e-27
1.92369370769083102e-27
2.31608178594282298e-27
2.76961061868664056e-27
3.32595389974684109e-27
4.04653588979038199e-27
4.8953910934683538e-27
5.84323792523498841e-27
6.92336098904647556e-27
8.36563059812877536e-27
1.00243866626398907e-26
1.20322317560662112e-26
1.4150719611567186e-26
1.69218070891648216e-26
2.06512205643862617e-26
2.57466877053326453e-26
3.15081803897012754e-26
3.78694963666231144e-26
4.69606933858837218e-26
5.94260587852786069e-26
7.53540429999567031e-26
9.77772558970067761e-26
1.22153046002756439e-25
1.43433482818396012e-25
1.79278788381553485e-25
2.3433781803854982e-25
1.96443721816069984e-36
5.4698783413278185e-36
1.52706736811207765e-35
4.20113763452265341e-35
1.12218332853122816e-34
2.88173602207733502e-34
7.07911063412226382e-34
1.66125285002134766e-33
3.72708025429778788e-33
8.01003558223836724e-33
1.65319184760326067e-32
3.2843951908163174e-32
6.29140276862257915e-32
1.16088368493300798e-31
2.04155054649248627e-31
3.41821047335805521e-31
5.55089555861438936e-31
8.79766632469189905e-31
1.36500136023482972e-30
2.07740847467427116e-30
3.10610305858274448e-30
4.56886204029463282e-30
6.62221306876162407e-30
9.48023832202062799e-30
1.34655187098174239e-29
1.89395931253837943e-29
2.61112796880762278e-29
3.5901261757635558e-29
4.88776218280753246e-29
6.55521156891054144e-29
8.81693205263763096e-29
1.17060115289390752e-28
1.52309947433462726e-28
2.00571597895727573e-28
2.64392524997414403e-28
3.37213186299931639e-28
4.2966545552714124e-28
5.49521023507180804e-28
6.957521498067757e-28
8.60448284414878423e-28
1.06969743003029875e-27
1.32438526975803468e-27
1.614490252550846e-27
1.96122129131818022e-27
2.36660322225789657e-27
2.86138943443114732e-27
3.42449212128818141e-27
4.11130060823604594e-27
4.92183938552894801e-27
5.78843365735438897e-27
6.68857552871404809e-27
7.86379626387373209e-27
9.0906799496009166e-27
1.04346786443328803e-26
1.19643496609977339e-26
1.36202389317798754e-26
1.55232512509145477e-26
1.78532415967292123e-26
2.03341374216493873e-26
2.3094381335794464e-26
2.56280969779948005e-26
2.83091918714151443e-26
3.14262126259297684e-26
3.47528767612593617e-26
3.85872862190629447e-26
4.26896621201041781e-26
4.77373219988907142e-26
5.37161017158800026e-26
5.97409802763574676e-26
6.7739353696216568e-26
7.81306817977048433e-26
9.10543537575525987e-26
1.06486031520775273e-25
1.29383519329046369e-25
1.66474827819407898e-25
2.03511729153004053e-35
5.70489062609042218e-35
1.5972074640715926e-34
4.38116439828101432e-34
1.15977164721379708e-33
2.93575027861799218e-33
7.07835779331457208e-33
1.62515305022476312e-32
3.55947640249059897e-32
7.45823046269857211e-32
1.49999874166623661e-31
2.90366477635196916e-31
5.42163836953038637e-31
9.76323897310936585e-31
1.67946031335853679e-30
2.75600710388882945e-30
4.39314715960911174e-30
6.84185245327518291e-30
1.04384717547991857e-29
1.56289568806177305e-29
2.29983525510589607e-29
3.33087870353928536e-29
4.75502494286332632e-29
6.69995565507102134e-29
9.34088906934395229e-29
1.28998769878918432e-28
1.73864221907922322e-28
2.35967658368693456e-28
3.17363982526240302e-28
4.14482972453771441e-28
5.47848772078694586e-28
7.16536459908360286e-28
9.20592458116943521e-28
1.1936033416822328e-27
1.5277541942397101e-27
1.92746313378343293e-27
2.42767809352846012e-27
3.01347032553143038e-27
3.76539113937726649e-27
4.57606530041265367e-27
5.58398104963606313e-27
6.78479807782244628e-27
8.14815961300272733e-27
9.78354853510726735e-27
1.15212936335616639e-26
1.37510168530733569e-26
1.62089270614651237e-26
1.89096290033546321e-26
2.22133208811360982e-26
2.58636803901670732e-26
2.97481149439492155e-26
3.40604768343243918e-26
3.89820776528749557e-26
4.43668122503639708e-26
4.97198712553251932e-26
5.5834024949108764e-26
6.2566438033607318e-26
7.03099617689136232e-26
7.81804560649908101e-26
8.68917758916362539e-26
9.45038992563370771e-26
1.02466505038327464e-25
1.11148613902190582e-25
1.19921554412213764e-25
1.28324996610288176e-25
1.37382147491562738e-25
1.47740436811608858e-25
1.58628203980478133e-25
1.68873223171208951e-25
1.80519191162493601e-25
1.92970368678117509e-25
2.07811721311069355e-25
2.27824824255506758e-25
2.56487535918402488e-25
3.02386842958433344e-25
2.15927738045726146e-34
6.11495535428736638e-34
1.72089908947319809e-33
4.71211798987678343e-33
1.23668914209547694e-32
3.08576405730412827e-32
7.30112524843419601e-32
1.63980282577374737e-31
3.50613488855803668e-31
7.16275221247463965e-31
1.40427404172741368e-30
2.64964625958907457e-30
4.82304944929414788e-30
8.47560161700571823e-30
1.42662787299783446e-29
2.29535545645518013e-29
3.59233830625256017e-29
5.49715940023767788e-29
8.24321416041799864e-29
1.21317547650412606e-28
1.75487944658958703e-28
2.49850228750539383e-28
3.50605399234939309e-28
4.85505897603935636e-28
6.64218324951086703e-28
8.99025480851486669e-28
1.19532231344794321e-27
1.58640378983048266e-27
2.10002130513429384e-27
2.71506860353394518e-27
3.49480283415312446e-27
4.5042518615560486e-27
5.74298026619241667e-27
7.28031738196482339e-27
9.08044069937516803e-27
1.12749719345090118e-26
1.40137531665877797e-26
1.70271972521848094e-26
2.08871702778576015e-26
2.50842841840022154e-26
3.01069986205273348e-26
3.58227974743115267e-26
4.22328724845927623e-26
4.99061140517326616e-26
5.82411983119639864e-26
6.80744947657683755e-26
7.9271929456692365e-26
9.15696691820802939e-26
1.04450155610489832e-25
1.20177561473288615e-25
1.36853137492097387e-25
1.5340878927028626e-25
1.73503928361882677e-25
1.94295117613342289e-25
2.15683836766484716e-25
2.39479014379750853e-25
2.64500635110842368e-25
2.91367639489367319e-25
3.17939448782947213e-25
3.45614617613398875e-25
3.73623457293143249e-25
3.99560930323829997e-25
4.26381379720557812e-25
4.54891675306153161e-25
4.8047954899754643e-25
5.07460422456307461e-25
5.37615167632232248e-25
5.65573908273044287e-25
5.93871510732222243e-25
6.28701319360912363e-25
6.59595484818588932e-25
6.9591498225162998e-25
7.43181796964661156e-25
8.10825143658681208e-25
9.09179129850067573e-25
2.29289330220600732e-33
6.57041922023619677e-33
1.85918921946829161e-32
5.07712390199501206e-32
1.31892545636944222e-31
3.2377592029588368e-31
7.5027374176346476e-31
1.64555491209089358e-30
3.43007929857078418e-30
6.82341056946827691e-30
1.30322857616095308e-29
2.39579842525614904e-29
4.24843504359769173e-29
7.27968569737809935e-29
1.19820225020368425e-28
1.88978523595391318e-28
2.90349955794050349e-28
4.36378112832735468e-28
6.42585529806977585e-28
9.28422813400055663e-28
1.31829360398248298e-27
1.84250493636886422e-27
2.53844893688262839e-27
3.45175652530070875e-27
4.63731473454727903e-27
6.16145160313718047e-27
8.08512510565187605e-27
1.05251666276040489e-26
1.36150955790846972e-26
1.73657145339841222e-26
2.19027675635819895e-26
2.76397609387360696e-26
3.47919264479500685e-26
4.32196464812050394e-26
5.2768275245214459e-26
6.43793748991016567e-26
7.88491332803496904e-26
9.41520578579732279e-26
1.13020494810905326e-25
1.3402337557620249e-25
1.58698577021964683e-25
1.85007334467461833e-25
2.1524570944754569e-25
2.50294556465618717e-25
2.88074719866700821e-25
3.30039162722678487e-25
3.7749972613550617e-25
4.30373548457975547e-25
4.85364760285212255e-25
5.47264071206983746e-25
6.15203830454764345e-25
6.82329560233514993e-25
7.56484143875047102e-25
8.35675093664266166e-25
9.15822662392665675e-25
9.98878954764556879e-25
1.08728359608737693e-24
1.17811796267912243e-24
1.26523557519978281e-24
1.35205250762381639e-24
1.43855328113577487e-24
1.52075191835242684e-24
1.60006022682299306e-24
1.68303033880520788e-24
1.7596750417950458e-24
1.83725382922709336e-24
1.91582752124157088e-24
1.98948246454547604e-24
2.08046664244933536e-24
2.17019933680675164e-24
2.26201846238542506e-24
2.37452704973510501e-24
2.5124455498115707e-24
2.70076889300154234e-24
2.93759024233630734e-24
2.42320711915187906e-32
7.03413238007588511e-32
2.00016692022834772e-31
5.43685942682750831e-31
1.39418715636273826e-30
3.35705046912980893e-30
7.59510322274446378e-30
1.6225452605622919e-29
3.2907519219185904e-29
6.35962215601239781e-29
1.18191834657276222e-28
2.11530625193300186e-28
3.64966583239165275e-28
6.09063536758647862e-28
9.78667188228497536e-28
1.51270797007578142e-27
2.28093363489402171e-27
3.3641603677446705e-27
4.85722988015468959e-27
6.87595594168189476e-27
9.56522152363056151e-27
1.31007528242044055e-26
1.76943453253710563e-26
2.35970721112991672e-26
3.11031993802728143e-26
4.05530865135951733e-26
5.2315860891470974e-26
6.6853884247927664e-26
8.46874102139315686e-26
1.06199629803904544e-25
1.31852026357179994e-25
1.62806025385295376e-25
2.00925919461033421e-25
2.44498043583730155e-25
2.9295361901402811e-25
3.51581414276991755e-25
4.23727668743543334e-25
4.97019210311377161e-25
5.84728253193921874e-25
6.84120456863274363e-25
7.97415948459382683e-25
9.12276305928595446e-25
1.04525737868233404e-24
1.19732713529681189e-24
1.3595749446715932e-24
1.53245466372336421e-24
1.72343562283305983e-24
1.94331228534518218e-24
2.15581039337093004e-24
2.38865770101402491e-24
2.63876268159057852e-24
2.88841735820225175e-24
3.15066800552004368e-24
3.42291392237922612e-24
3.6936276828634824e-24
3.96846556280861369e-24
4.24859070490400435e-24
4.52509496699571774e-24
4.79020046488128596e-24
5.04310456486499739e-24
5.28137310580483729e-24
5.50623810908937693e-24
5.71823840079590199e-24
5.92261046612433766e-24
6.12693522030130322e-24
6.32664890831957826e-24
6.51975920430689311e-24
6.72140577499519441e-24
6.94927230109028584e-24
7.19767813272269113e-24
7.46921067479349958e-24
7.78333598659219977e-24
8.16526450667765826e-24
8.66355812259720386e-24
9.28767955862062555e-24
2.5516057369136369e-31
7.50968927048290817e-31
2.14336890907620157e-30
5.78365287167873249e-30
1.45861886767094355e-29
3.43187771475778965e-29
7.55104491862752217e-29
1.56634577952969066e-28
3.08475924415383141e-28
5.76693071726377263e-28
1.04165057156957146e-27
1.81297271943364135e-27
3.03763541845715789e-27
4.93283937827782975e-27
7.71620931288212859e-27
1.17030892727842394e-26
1.73085015787018306e-26
2.50238319129362776e-26
3.53428827702522593e-26
4.88750828341722039e-26
6.64480114051124994e-26
8.90162830320920771e-26
1.17691284533281841e-25
1.53728251871982742e-25
1.98570805013532543e-25
2.5381983604780413e-25
3.21214707425210497e-25
4.02661667491531756e-25
5.00191216232911041e-25
6.15794033198793944e-25
7.51540312134477444e-25
9.10486103072105203e-25
1.0966429711482151e-24
1.30791006181502256e-24
1.5415753057816694e-24
1.82390111697646583e-24
2.14942602431634167e-24
2.48070316885496657e-24
2.86235538403429699e-24
3.29958920617769725e-24
3.78204688779896928e-24
4.25473776549762526e-24
4.80274521378887939e-24
5.42271578430156871e-24
6.06999785254783965e-24
6.72297817140968837e-24
7.44206074015858206e-24
8.24955980953408871e-24
9.01134410051371604e-24
9.822974037249676e-24
1.06598513967001609e-23
1.15006161902773819e-23
1.23483444417809565e-23
1.31902897465283826e-23
1.4009573994984693e-23
1.48113074506775831e-23
1.55925294467168478e-23
1.63400296646848817e-23
1.70350224266559426e-23
1.76679226387974729e-23
1.82387606982424142e-23
1.87551144278008627e-23
1.92284368321576468e-23
1.96764888497598538e-23
2.01168574517085208e-23
2.05651884054738558e-23
2.10257257145756047e-23
2.1504802951326293e-23
2.20238334043342837e-23
2.26136333262921367e-23
2.33087564830674083e-23
2.41607436718315896e-23
2.52384638263787313e-23
2.66669197970668156e-23
2.85357378527718402e-23
2.67878600021789004e-30
7.99865138279912456e-30
2.28773007349127032e-29
6.109037813759587e-29
1.5079003055438472e-28
3.45166259987381422e-28
7.35364968476774591e-28
1.4763687888681685e-27
2.81902871112036129e-27
5.06217585806757148e-27
8.87751767860533607e-27
1.50070910979179727e-26
2.43522504592074511e-26
3.84074835249986862e-26
5.82736937981751563e-26
8.7505763073852346e-26
1.2636462851426187e-25
1.78969170030441608e-25
2.46389783272004572e-25
3.3131733773358538e-25
4.39120426212247829e-25
5.74539007601391337e-25
7.42744655030999233e-25
9.49109193290425753e-25
1.20016378088103605e-24
1.50250181221303109e-24
1.86304154193461206e-24
2.28891398644703777e-24
2.78718442280613848e-24
3.36508364482631327e-24
4.02979469842655412e-24
4.78909585716866289e-24
5.65120505494258451e-24
6.61750506338213557e-24
7.68795913358590474e-24
8.89691619917444581e-24
1.02359512049090499e-23
1.16466699984244015e-23
1.31793916942787472e-23
1.49473349041258587e-23
1.68175240282921457e-23
1.86454551486598814e-23
2.07153883065154664e-23
2.30259176064988387e-23
2.5346498297587627e-23
2.76405309276436556e-23
3.01348433324118879e-23
3.27189951131567156e-23
3.52148367455652708e-23
3.77523545357090136e-23
4.02759109819583199e-23
4.27479478000235447e-23
4.51403834470143911e-23
4.74180840791473411e-23
4.95530657753525663e-23
5.15317906304250392e-23
5.33592998883816399e-23
5.50294430218505572e-23
5.65034796371594063e-23
5.7763373569261992e-23
5.88297830670423456e-23
5.97395340627839918e-23
6.05440335494338569e-23
6.12912088904299797e-23
6.20279650209117483e-23
6.27984965905572111e-23
6.36492160739626829e-23
6.46326188856269774e-23
6.58245744432484919e-23
6.73255793438794545e-23
6.92228808285405259e-23
7.16314130009595636e-23
7.48190884272235596e-23
7.90271354187526583e-23
8.50555197720162329e-23
2.80924839343505187e-29
8.50834494382446422e-29
2.43291412952379088e-28
6.4061845542182043e-28
1.53637114860993615e-27
3.40459656047290022e-27
6.9894267796651641e-27
1.35613976653070002e-26
2.48782757573839544e-26
4.42119863902451435e-26
7.17158980951661652e-26
1.18107013419173771e-25
1.89508043851182027e-25
2.80458858989978697e-25
4.29106840448090376e-25
6.29082700740828777e-25
8.86823272651275773e-25
1.22163455136193809e-24
1.63081924510533799e-24
2.12379508008067386e-24
2.7434896932877351e-24
3.50716432922828117e-24
4.42779150825566433e-24
5.52476254615532419e-24
6.83356538095496491e-24
8.37463333880973145e-24
1.01645369463234703e-23
1.22269200439775714e-23
1.45826249710988102e-23
1.7250027482189683e-23
2.02459201142326736e-23
2.35872673958590002e-23
2.72871685221516914e-23
3.13515960319778702e-23
3.57833173723935865e-23
4.05958252614165174e-23
4.57775114160902154e-23
5.1271404833012714e-23
5.71023153005341731e-23
6.33497285812552223e-23
6.98557417750192218e-23
7.64772644673376627e-23
8.35566466780287469e-23
9.09701996778765318e-23
9.82760047598544533e-23
1.05523969156040457e-22
1.12968190342418532e-22
1.20412379207480486e-22
1.27589585048652012e-22
1.34552960953640962e-22
1.41226227299205247e-22
1.47437250569610266e-22
1.53118015750737791e-22
1.58165134324591725e-22
1.62519794920354015e-22
1.66214044828239019e-22
1.69236486426684156e-22
1.71633565131869103e-22
1.73490630744740376e-22
1.74887686561781772e-22
1.75938608924110325e-22
1.76769226886083224e-22
1.77508501890339087e-22
1.78270502388550024e-22
1.791490675034286e-22
1.80251482417442145e-22
1.81746395916591533e-22
1.83822734562302971e-22
1.86710511305904687e-22
1.90774603645844785e-22
1.9640071017685892e-22
2.03471612252385732e-22
2.13077266466055516e-22
2.28872287583955835e-22
2.43084084318004551e-22
2.94370802635831947e-28
9.02807831079267115e-28
2.57175691125174024e-27
6.64877560596086507e-27
1.53134438908017938e-26
3.27022561638037934e-26
6.41945479933294957e-26
1.20836547535469775e-25
2.19072451752063654e-25
3.63841296486758622e-25
5.95422963269063702e-25
9.44788565446457583e-25
1.39192307040002719e-24
2.092820472716275e-24
3.0235527057778198e-24
4.1508798476788387e-24
5.79317854339124586e-24
7.70580352806433742e-24
1.02128145426593874e-23
1.27943862225818046e-23
1.62510530104610452e-23
2.01987753577921251e-23
2.4745706852941656e-23
3.01554599521939584e-23
3.64843608779179664e-23
4.37295044581436916e-23
5.18981760336166979e-23
6.1047868828674882e-23
7.12371073234947586e-23
8.2478176452214344e-23
9.47868744009857553e-23
1.08171684546598618e-22
1.22624160970742861e-22
1.38100403254519686e-22
1.54556929087873179e-22
1.71931054487419448e-22
1.90151763840344165e-22
2.09132400309702257e-22
2.28717500516962341e-22
2.48874330499833354e-22
2.69290972283375888e-22
2.89923691284287947e-22
3.10744138822573187e-22
3.3122102973904844e-22
3.51296196996106122e-22
3.70939492885479518e-22
3.90187805547810732e-22
4.08519060634182084e-22
4.25360089672841914e-22
4.41011143464388311e-22
4.55131497258399368e-22
4.67211230721431645e-22
4.76891803880707879e-22
4.84430150580700104e-22
4.89968774021880447e-22
4.93380240899212153e-22
4.94699472131731082e-22
4.94447826909793363e-22
4.9328447324399317e-22
4.9131282166996407e-22
4.89082207367468391e-22
4.87025724381569434e-22
4.85465252940354482e-22
4.8472170363939464e-22
4.84919787076255031e-22
4.86213386466399164e-22
4.88905065061390224e-22
4.93920881082577869e-22
5.01726730146909429e-22
5.12788015309679565e-22
5.31047723575303639e-22
5.55451962426025295e-22
5.84066132874386024e-22
6.23889049676482293e-22
6.7887203670738466e-22
2.94854424556041305e-27
9.15008543725948224e-27
2.57409263852275868e-26
6.55351114551094072e-26
1.4425337596303939e-25
2.97174771352948826e-25
5.66104120765696512e-25
1.03920911441615404e-24
1.75878663760229236e-24
2.80673491246954298e-24
4.57578364135633712e-24
6.67576818737729948e-24
9.86557262628203662e-24
1.45538224612232451e-23
2.00503082264027045e-23
2.69431148208566918e-23
3.51420635735921443e-23
4.51615599662460392e-23
5.71245408547365429e-23
7.11361798008365437e-23
8.76064849176821769e-23
1.06576967516303338e-22
1.28218971192915597e-22
1.52685957585941802e-22
1.8010430826658968e-22
2.10517078926645893e-22
2.43984729706085439e-22
2.80477467417592342e-22
3.19925759152721628e-22
3.62261276789918148e-22
4.07349552878283492e-22
4.5505640014766335e-22
5.05189073377770081e-22
5.57276161874287202e-22
6.11042165583345377e-22
6.66174286884692967e-22
7.22328470685832037e-22
7.79299987192249096e-22
8.35943082856593109e-22
8.92093142713646113e-22
9.46856354025880578e-22
1.00059971384206658e-21
1.05360662235571102e-21
1.10152193082307144e-21
1.1465078108736463e-21
1.18902871960789107e-21
1.22937828571073916e-21
1.26514156693035065e-21
1.29366971557462823e-21
1.31818660831831029e-21
1.3376882583946921e-21
1.35003499968209957e-21
1.35449849256915299e-21
1.35332862857396626e-21
1.34824247909750808e-21
1.33899071915583145e-21
1.32387051114298475e-21
1.30440468434356238e-21
1.28380259591356915e-21
1.26478274336216993e-21
1.24880180281245573e-21
1.23646064974236542e-21
1.22802495758668905e-21
1.22381878616010639e-21
1.22358413525970869e-21
1.22758154690218419e-21
1.23741410261209423e-21
1.25305315742967288e-21
1.28199809260467208e-21
1.3146408053950335e-21
1.35900326614201277e-21
1.43357187301920592e-21
1.54619071288157689e-21
1.70515966657669673e-21
1.93282867766103594e-21
2.89220221994151682e-26
8.92335255355009714e-26
2.4895516246997746e-25
6.10767237698501789e-25
1.3044731089057289e-24
2.51753821320454819e-24
4.71313578076342112e-24
8.16973901315509575e-24
1.31884802573850793e-23
2.14603133125234942e-23
3.22909132987693459e-23
4.68655573461586829e-23
6.59508878402021299e-23
9.02943176383442152e-23
1.20521356761943682e-22
1.56293326925008978e-22
1.981486978434892e-22
2.47007222546210355e-22
3.03420834685937087e-22
3.67779716346926332e-22
4.4037795872223559e-22
5.21409761616259314e-22
6.10930876485064387e-22
7.08944730507512861e-22
8.1533936013466303e-22
9.29832746741559764e-22
1.0520037227006811e-21
1.18099380385250028e-21
1.31591784888909422e-21
1.45627669924073977e-21
1.6012990536195391e-21
1.75019061039463821e-21
1.90192765490606244e-21
2.05332243927832458e-21
2.203866057767375e-21
2.35335179091162899e-21
2.50029951991308626e-21
2.6447874096074217e-21
2.77866823359959455e-21
2.90509035984391336e-21
3.02343523476225137e-21
3.13518624620962113e-21
3.24067782983369646e-21
3.32478789952194108e-21
3.39532434450013899e-21
3.45378833506046547e-21
3.5024530850314697e-21
3.53468344753576594e-21
3.54495246108020735e-21
3.54073802756299796e-21
3.52798074646084392e-21
3.50546785160606224e-21
3.47102130331262041e-21
3.42268959634673705e-21
3.35689247219671394e-21
3.27836819729587118e-21
3.19335062987709374e-21
3.10541798114113421e-21
3.02824036527702012e-21
2.96672713952782591e-21
2.92270906588035957e-21
2.89521404390254363e-21
2.88340130388731886e-21
2.88367834818742897e-21
2.8944404781594731e-21
2.91650888933662007e-21
2.9564051317870951e-21
3.02196763304995065e-21
3.12240837942648778e-21
3.26955742292474173e-21
3.47043834856923613e-21
3.75105675465992124e-21
4.14884828084200493e-21
4.75351476779827888e-21
5.50209142906104163e-21
2.80455996708243795e-25
8.91131354636756793e-25
2.36662544386816969e-24
5.50201718182240158e-24
1.13314118100100418e-23
2.13794123727390323e-23
3.70543772224025643e-23
6.30241771408592214e-23
9.87564532337923491e-23
1.47623072027338057e-22
2.12199719009993191e-22
2.94945794357763274e-22
3.98092159098295874e-22
5.23505014875254417e-22
6.72199165228704956e-22
8.40695082576868489e-22
1.03038680192023306e-21
1.24332137571974123e-21
1.48003775161592491e-21
1.74038457248520749e-21
2.02367496592396017e-21
2.32870964701118512e-21
2.65377722388678598e-21
2.99751190777903743e-21
3.35835801565126868e-21
3.73360831509724302e-21
4.12021750365441926e-21
4.51218222139177377e-21
4.90573895788488236e-21
5.30080655971751542e-21
5.69510927225558196e-21
6.08529237965602915e-21
6.46707469768775703e-21
6.82099714823542899e-21
7.15667954322331485e-21
7.48059684466899209e-21
7.78262787706711206e-21
8.06010470308613827e-21
8.29230316027900663e-21
8.48803871034694066e-21
8.65347176809747274e-21
8.79582504596329338e-21
8.90004740626876996e-21
8.94238989749400232e-21
8.9377079899983081e-21
8.90559472836735833e-21
8.84990032382648905e-21
8.76585426648312493e-21
8.64853080679721231e-21
8.49178208244150279e-21
8.31561914204109472e-21
8.10071281417849459e-21
7.87618773431255879e-21
7.63999728474030135e-21
7.36676176541055002e-21
7.09806848499157391e-21
6.87189764143813001e-21
6.63782443105195376e-21
6.52167793880992137e-21
6.44183018296102185e-21
6.38173938584778562e-21
6.36124905989906543e-21
6.37942381381357905e-21
6.429455465368054e-21
6.52146307230787681e-21
6.67371367086447439e-21
6.90628046926532633e-21
7.24280326444122233e-21
7.71032604413618501e-21
8.35118492855767787e-21
9.10876874353921867e-21
1.01127876840494098e-20
1.13789566432188921e-20
1.31900995053988865e-20
1.54554610044573876e-20
2.56391261497996382e-24
8.27013254350224203e-24
2.12110497705874198e-23
4.7590589008795049e-23
9.50208666523353052e-23
1.71669654559547703e-22
2.86247063179389664e-22
4.47590794633656889e-22
6.63854310167074246e-22
9.423638709851062e-22
1.28920339788313012e-21
1.70891109429674859e-21
2.20424355132966843e-21
2.77588734797781284e-21
3.42099393110086247e-21
4.11910690120956684e-21
4.87096953002051894e-21
5.67915708354954747e-21
6.5409757835623258e-21
7.45094248936222335e-21
8.4019788448462323e-21
9.38467685530957853e-21
1.0387438362120368e-20
1.14063732576003145e-20
1.24365062507220131e-20
1.34634473828031334e-20
1.44732843581770194e-20
1.54321937524105864e-20
1.63445428184330265e-20
1.72255285186060028e-20
1.80653358642402767e-20
1.88463228060838563e-20
1.95530823966271274e-20
2.01376139484526845e-20
2.06363782795690931e-20
2.10725374228654211e-20
2.14271011854105918e-20
2.16776932369827695e-20
2.17887316486505497e-20
2.17838726357519401e-20
2.17102627947094555e-20
2.15770093127338737e-20
2.13672146400989682e-20
2.10634982939025911e-20
2.06442387885307677e-20
2.01022037817465116e-20
1.95554025267434983e-20
1.89805671212583388e-20
1.83189751487755911e-20
1.76494677686128756e-20
1.69619409086290508e-20
1.62460723143168678e-20
1.5521712637031366e-20
1.48873554434522261e-20
1.41945577434613859e-20
1.38198224946748567e-20
1.35441815565238369e-20
1.32724842481362713e-20
1.30711200943512872e-20
1.3009250587890953e-20
1.30653927791880112e-20
1.32083888379587987e-20
1.3467509623596435e-20
1.38865815771101674e-20
1.45052602190524335e-20
1.53721561684719969e-20
1.65039281253392777e-20
1.80167821598556309e-20
1.97875782219930869e-20
2.20715915879927893e-20
2.44658310677732008e-20
2.76818606034468814e-20
3.1177299193794668e-20
3.59886332149747407e-20
4.31190366030998014e-20
2.29164398861570248e-23
7.44929569819667195e-23
1.92027953778655152e-22
4.10882096802906352e-22
7.66014406681128382e-22
1.28939078763698488e-21
2.00791138137823337e-21
2.94180640680967448e-21
4.10380694077395112e-21
5.4990197267015514e-21
7.12510340156823228e-21
8.97261334589392346e-21
1.10255619756442035e-20
1.32618413309353963e-20
1.56502297207498329e-20
1.8106642805146475e-20
2.06176987427204954e-20
2.31834153395206135e-20
2.57915929126264011e-20
2.84167288071783611e-20
3.10297452039460096e-20
3.35903897843961809e-20
3.6038143273990176e-20
3.84132529557067868e-20
4.07099998560391101e-20
4.2844691897032284e-20
4.4774455600343015e-20
4.642595179775272e-20
4.78422678102655072e-20
4.90782731259724246e-20
5.01202761661933367e-20
5.09279203525668228e-20
5.14441748368252465e-20
5.16139983039103367e-20
5.15242167076742019e-20
5.12644653693091405e-20
5.08292341119120767e-20
5.0187771388396903e-20
4.93054940732619938e-20
4.81159450679484124e-20
4.68218904004725202e-20
4.54252198478883045e-20
4.38896950397456726e-20
4.21191612685982601e-20
4.00394761549826218e-20
3.81074998878093314e-20
3.6478593179694923e-20
3.4839471099848921e-20
3.29287107271889592e-20
3.10585279484466443e-20
2.92827355062518707e-20
2.78387912431298762e-20
2.69260237435045088e-20
2.6128889445776107e-20
2.53760932350030272e-20
2.47912830211542035e-20
2.45099330674284275e-20
2.45127298155541069e-20
2.47418067842593122e-20
2.51956446302187749e-20
2.59646274861500158e-20
2.71517220202409944e-20
2.88735191700020887e-20
3.12814532676166054e-20
3.4063846478493684e-20
3.78315848813755901e-20
4.17327219857147262e-20
4.63958898926510569e-20
5.23624710194186132e-20
5.91450620397585999e-20
6.59857699233615809e-20
7.53236334138141625e-20
8.51418954103168304e-20
9.83527598065319996e-20
1.18471866687052771e-19
2.2579806092026853e-22
7.17845470444172612e-22
1.71741629142882346e-21
3.37376618067271061e-21
5.76653689806191199e-21
8.92877297008833941e-21
1.28575683360601494e-20
1.7515743932825693e-20
2.28378008563067043e-20
2.87372039411528949e-20
3.51125280693825436e-20
4.18523611425531746e-20
4.883962481429832e-20
5.59548693711778098e-20
6.30716460653401028e-20
6.99577076817334387e-20
7.65320280673790266e-20
8.28098112370991409e-20
8.88370112082705238e-20
9.45027872633867588e-20
9.97446019484360429e-20
1.04463934224457564e-19
1.08503994236446316e-19
1.12026658811999915e-19
1.15037050586983384e-19
1.17318307155061126e-19
1.18800264650443179e-19
1.19454427256573563e-19
1.19380794207865229e-19
1.18847258682719168e-19
1.17907749263150986e-19
1.16449475297729135e-19
1.14380640818778798e-19
1.11593319795678814e-19
1.08444500193427791e-19
1.04471653669914116e-19
1.00577599344464825e-19
9.64765913481706771e-20
9.20061208527511154e-20
8.73169692672069526e-20
8.28565900327231818e-20
7.85730865736512156e-20
7.3179042058772336e-20
6.80036765492579825e-20
6.20995903013211318e-20
5.90465860281934774e-20
5.6608004815215038e-20
5.32432140053976851e-20
5.0032116323818923e-20
4.72890575411561747e-20
4.47809334320258749e-20
4.26544375245089409e-20
4.15640374881005416e-20
4.12915093933217551e-20
4.1562175264934408e-20
4.21479939131369157e-20
4.31799681654275763e-20
4.48197506855721334e-20
4.72648721941974714e-20
5.09094753714743607e-20
5.48431279105524334e-20
6.02829396753820158e-20
6.7740829531414276e-20
7.61751327677449474e-20
8.57006876511559794e-20
9.69029517261134536e-20
1.08271264430387088e-19
1.21363815882168602e-19
1.3676832512267308e-19
1.56046493737826584e-19
1.74277640319377735e-19
1.99843082251372168e-19
2.26219581199205005e-19
2.6167847333743396e-19
3.15446209570846421e-19
2.26837673795829593e-21
6.76388060605890546e-21
1.46347865708106665e-20
2.58217892716492958e-20
3.96768987734037278e-20
5.56163581349621979e-20
7.31712010641752236e-20
9.18364709871747053e-20
1.1111460092531878e-19
1.30545139403265289e-19
1.49715018614450438e-19
1.68259699769735207e-19
1.8586273488474782e-19
2.02255002383512302e-19
2.17203695538547916e-19
2.3039737965400723e-19
2.41672855779344036e-19
2.51196028256803817e-19
2.5921515851458566e-19
2.65600864848934369e-19
2.70307530249574872e-19
2.73082991173892676e-19
2.73692494267093182e-19
2.72519777822879324e-19
2.70126846964004509e-19
2.65979413889928462e-19
2.60188645709722713e-19
2.53077411750731454e-19
2.44675088592471614e-19
2.35683666453327015e-19
2.26564962813554197e-19
2.16930696322160664e-19
2.06054244591436599e-19
1.93674258498361272e-19
1.79757171799430227e-19
1.64894402895801849e-19
1.53441464718824059e-19
1.43779705048662496e-19
1.34221660396038222e-19
1.23854870828084714e-19
1.13627762956236724e-19
1.05316158604136961e-19
9.5991454634127136e-20
8.71794022241610337e-20
7.99051633876512576e-20
7.41100536946677131e-20
6.92716601284800765e-20
6.50979754105091398e-20
6.25728349154478383e-20
6.15190400243533428e-20
6.1584460849398011e-20
6.24246619514201158e-20
6.40515625099900788e-20
6.67464280921225265e-20
7.0720493862661779e-20
7.61797331226218526e-20
8.32913115919369961e-20
9.14755782342397195e-20
1.00443070193835043e-19
1.12017621703721501e-19
1.25413435978447682e-19
1.43328369077450729e-19
1.63727493541263066e-19
1.86428028618999155e-19
2.12552759593821318e-19
2.39626517363325438e-19
2.68789875163109847e-19
3.03540778869621692e-19
3.38732819835585964e-19
3.84919353317976835e-19
4.34886430714150093e-19
5.03221817869186837e-19
5.7066477487075407e-19
6.58406436699890638e-19
7.88996157430024113e-19
2.35712882539742851e-20
6.14809631916720683e-20
1.15818198860300069e-19
1.78047294199495529e-19
2.39358395500211501e-19
2.97120990312086271e-19
3.52189909489079545e-19
4.03294349563296442e-19
4.49561173064167427e-19
4.90505380829667245e-19
5.2588473839804477e-19
5.5558392422284465e-19
5.79580453705057759e-19
5.97943397070647006e-19
6.10810878911871812e-19
6.18372417135087531e-19
6.20898733058005888e-19
6.18787670858323401e-19
6.13422241694584913e-19
6.04289651810988712e-19
5.91538568816562805e-19
5.75124180342128601e-19
5.55112246484056889e-19
5.31772024520616716e-19
5.05417250221561849e-19
4.7651002610122379e-19
4.45533796738706367e-19
4.17414322623355829e-19
3.9175379455964823e-19
3.66316632874485871e-19
3.39967147694267758e-19
3.1266615593517395e-19
2.83562998103155435e-19
2.55243827344712135e-19
2.29021528873572247e-19
2.04258103806181925e-19
1.8189400854607429e-19
1.62252622058098279e-19
1.44953398920601241e-19
1.29753858499823168e-19
1.16932886180990013e-19
1.06000896193652212e-19
9.65248863469711835e-20
8.91092118969363696e-20
8.3769025810553665e-20
8.08023134430889906e-20
7.9857974525582766e-20
8.05787885507103647e-20
8.25726405924148112e-20
8.62245351294460043e-20
9.20260405393066402e-20
1.00342212519403566e-19
1.11656843778966472e-19
1.24832061632519792e-19
1.39973097057151209e-19
1.56223710016789932e-19
1.73419432522906536e-19
1.92842229875115395e-19
2.15081758769727122e-19
2.42379716586016629e-19
2.77033159947401742e-19
3.19233285369600582e-19
3.64412266534575516e-19
4.11100970143833472e-19
4.70200924735255392e-19
5.30176960482642769e-19
5.93152262078916903e-19
6.69815859133382387e-19
7.52755592275308619e-19
8.50925642792319995e-19
9.74594503720055972e-19
1.13363636493508803e-18
1.2728320606623211e-18
1.45138737338717834e-18
1.70215638157653211e-18
2.3359457021845007e-19
4.92388441694456669e-19
7.46202377854625806e-19
9.33007327923862496e-19
1.06179088927137954e-18
1.1570511875617155e-18
1.23379195931270268e-18
1.29020214922642396e-18
1.32911120817156456e-18
1.35319081552001185e-18
1.36468879195608363e-18
1.36483522768733814e-18
1.35450162117734219e-18
1.33466620453508451e-18
1.3063225051244319e-18
1.27035402604611009e-18
1.22779413202391014e-18
1.17951276159457426e-18
1.1259288998100538e-18
1.06989850091897726e-18
1.01536241752377867e-18
9.58387303994598953e-19
8.94888549890189056e-19
8.28022135406144162e-19
7.60360955810638659e-19
6.93217300739503911e-19
6.27655278423485627e-19
5.65663733363516194e-19
5.08193947371878836e-19
4.55407669872181622e-19
4.06856543530186074e-19
3.57651016544586905e-19
3.13657923196528901e-19
2.74454491206864112e-19
2.3969731897865695e-19
2.092068942311378e-19
1.83016471998201905e-19
1.60952026194731663e-19
1.42700725818036536e-19
1.27979830786315324e-19
1.1652112083493629e-19
1.08048130693803026e-19
1.02473934840936664e-19
9.97301209856300845e-20
9.94465733892996604e-20
1.01138386657714024e-19
1.05042122441308241e-19
1.12009012519108862e-19
1.22708754782290963e-19
1.3637665770820588e-19
1.51905561153791813e-19
1.6983976721535552e-19
1.90167131157156045e-19
2.12835559079182716e-19
2.38047819921776215e-19
2.66080631088251566e-19
2.97493608529132263e-19
3.33394014695138636e-19
3.7550296336251339e-19
4.25359157884851125e-19
4.84116993196492495e-19
5.50969546478550219e-19
6.25275859783323505e-19
7.09334040904345681e-19
8.03817468954968158e-19
9.09466552368951082e-19
1.02781174980741613e-18
1.1637872865272031e-18
1.31977507790800158e-18
1.50170959870500498e-18
1.70596500569735679e-18
1.93130315784664555e-18
2.15368989716412958e-18
2.44508512959683611e-18
2.74737041876428137e-18
)
;

boundaryField
{
    reactingWall
    {
        type            catalyticWall;
        gradient        uniform 0;
    }
    inertWall
    {
        type            zeroGradient;
    }
    inlet
    {
        type            fixedValue;
        value           uniform 0;
    }
    outlet
    {
        type            zeroGradient;
    }
    defaultFaces
    {
        type            empty;
    }
}


// ************************************************************************* //
