/*--------------------------------*- C++ -*----------------------------------*\
  =========                 |
  \\      /  F ield         | OpenFOAM: The Open Source CFD Toolbox
   \\    /   O peration     | Website:  https://openfoam.org
    \\  /    A nd           | Version:  8
     \\/     M anipulation  |
\*---------------------------------------------------------------------------*/
FoamFile
{
    version     2.0;
    format      ascii;
    class       surfaceScalarField;
    location    "0.3";
    object      phi;
}
// * * * * * * * * * * * * * * * * * * * * * * * * * * * * * * * * * * * * * //

dimensions      [1 0 -1 0 0 0 0];

internalField   nonuniform List<scalar> 
3490
(
2.06166453964748236e-07
7.12712186921185688e-09
1.98542585495042434e-07
7.62386767557772583e-09
1.91651686916038657e-07
6.89089777387319096e-09
1.84551708162355116e-07
7.09997795501057655e-09
1.77268209784710367e-07
7.28349758561786651e-09
1.70115752930201352e-07
7.15245606920883359e-09
1.63238463747009772e-07
6.87728840964669636e-09
1.56626990517875369e-07
6.61147245562883717e-09
1.50266471359293077e-07
6.36051839325733834e-09
1.4417153887540836e-07
6.09493172021276778e-09
1.38358330295695185e-07
5.81320782405123806e-09
1.32833503440225185e-07
5.5248261083807961e-09
1.27598993740326864e-07
5.23450895904723504e-09
1.22658817270812723e-07
4.94017573369772647e-09
4.63625490153237225e-09
1.18022561641201287e-07
2.14979868253090488e-07
5.44076747060481349e-09
2.15683681868332962e-07
6.92005325925844452e-09
2.15657061054507278e-07
6.91751779265763431e-09
2.1541076609805311e-07
7.3462721093349168e-09
2.147750182591397e-07
7.91924462758176001e-09
2.13774977615844188e-07
8.15249592622847288e-09
2.12521698585097e-07
8.13056666488229128e-09
2.11076117409934464e-07
8.05705286727371834e-09
2.09460608598130628e-07
7.97602643680715818e-09
2.07704185137188528e-07
7.8513544163709705e-09
2.05845390506740915e-07
7.67200169601667506e-09
2.03915920199992723e-07
7.45429566907529701e-09
2.01939224467984656e-07
7.21120395702719264e-09
1.99938113486232262e-07
6.94128598423704203e-09
6.6301286836860521e-09
1.97944238973965207e-07
2.1517720690994153e-07
3.55707216428806015e-09
2.1685331561198421e-07
5.24394376071450599e-09
2.18025334723347518e-07
5.74549787136657174e-09
2.19114259946290305e-07
6.2573460792140403e-09
2.20126048169760025e-07
6.90745560228581177e-09
2.20944378708984964e-07
7.33416460023707581e-09
2.21595713053591734e-07
7.47923155439699322e-09
2.22134238562878287e-07
7.51852659460329237e-09
2.22567232615678396e-07
7.54303162122558547e-09
2.22886677431598831e-07
7.53190882962154446e-09
2.23098599793920335e-07
7.46007857443231433e-09
2.23216060570071078e-07
7.33683415014587399e-09
2.23248290639648241e-07
7.17897315400049426e-09
2.23199688881648901e-07
6.98988700653311427e-09
6.76290894235077864e-09
2.2306690788901079e-07
2.14361139238557589e-07
2.48941867929321365e-09
2.15506509132150869e-07
4.09857306220134539e-09
2.16536282369952457e-07
4.71572383172166129e-09
2.17626706470237394e-07
5.16692116156148908e-09
2.18819514552554565e-07
5.71464670597697145e-09
2.20016006192237964e-07
6.13767217020773267e-09
2.21162646249084139e-07
6.33259073795541791e-09
2.22270737347210019e-07
6.41043475450287887e-09
2.23345605765718542e-07
6.46816243738546596e-09
2.2437483415618626e-07
6.50267965828345698e-09
2.25349289014758601e-07
6.48562294618342825e-09
2.26267973699248627e-07
6.41814872833215711e-09
2.27129794091606921e-07
6.31715204113859285e-09
2.27929039223467552e-07
6.19064114521492517e-09
6.03791357394574527e-09
2.28654033849842944e-07
2.13987727734346105e-07
1.79517420326305092e-09
2.15053127661549723e-07
3.03317234010762764e-09
2.16085911083369286e-07
3.68293959466387439e-09
2.17128281926991664e-07
4.12454948121090841e-09
2.18257911845877584e-07
4.5850159508480416e-09
2.19419885773018568e-07
4.9756974422285543e-09
2.20558392626439126e-07
5.19408315572799588e-09
2.21679254724334088e-07
5.289571940772288e-09
2.22797911705808232e-07
5.34950469558171488e-09
2.23909327377960228e-07
5.39126317811859998e-09
2.25001457888652528e-07
5.3934916472506248e-09
2.26068254912917557e-07
5.35135098182670922e-09
2.27106613517387175e-07
5.27879273540003117e-09
2.28110205414990106e-07
5.18704851304957087e-09
5.08079339697301572e-09
2.29067324828348889e-07
2.13845870878533467e-07
1.24277429150304541e-09
2.14602201546459328e-07
2.27684087301262665e-09
2.15418790512067929e-07
2.8663498319347159e-09
2.1630406329220341e-07
3.23927583011904643e-09
2.17292980146989326e-07
3.59609822116555368e-09
2.18361373399735265e-07
3.90730336335206301e-09
2.19460948484689225e-07
4.09450739226046698e-09
2.20570355737019103e-07
4.18016404438591383e-09
2.21689738958829541e-07
4.23012071185323026e-09
2.22814001580273423e-07
4.26699968661125559e-09
2.23931520488853447e-07
4.27597190627747931e-09
2.2503374614930579e-07
4.24912463289447542e-09
2.26116200858439777e-07
4.19633737670675857e-09
2.27174091622143297e-07
4.12915702176792092e-09
4.05296838942796074e-09
2.28201915827119815e-07
2.136382098451922e-07
8.98033726298094533e-10
2.14310291049423884e-07
1.6047588949157474e-09
2.15121242931267769e-07
2.05539718987193409e-09
2.16006988283499326e-07
2.35352953741270091e-09
2.1698021436267506e-07
2.62287119853406807e-09
2.18024359478032969e-07
2.86315733852505053e-09
2.19094764385085459e-07
3.02410193262704295e-09
2.20169006900168422e-07
3.10592103442850021e-09
2.21248447313265134e-07
3.15067954248533585e-09
2.22333544348436742e-07
3.1819016387030902e-09
2.23416464756321551e-07
3.19305055690227588e-09
2.24488554523004321e-07
3.17703427170280499e-09
2.25544786615484199e-07
3.14010475293277445e-09
2.26581705187397859e-07
3.09223771582678886e-09
3.03939389049601714e-09
2.27595278776098832e-07
2.13652353944636312e-07
5.39143168042781089e-10
2.14224735665565501e-07
1.03237641825318488e-09
2.14922045264175946e-07
1.35808699345652644e-09
2.15707472664009223e-07
1.56810102568383756e-09
2.165846240065736e-07
1.7457188229413351e-09
2.17544633165642586e-07
1.90314701432202708e-09
2.18559709675510783e-07
2.00902514893179979e-09
2.19603933513527284e-07
2.06169704348551501e-09
2.20665778073093531e-07
2.08883422427041782e-09
2.21739532332681741e-07
2.108146044653363e-09
2.22816668801775966e-07
2.11591287671040816e-09
2.23887392715324874e-07
2.10631000907553817e-09
2.24944941793210017e-07
2.08255541010408405e-09
2.25985660032989161e-07
2.05151873405217821e-09
2.01739596132409559e-09
2.27007656812227715e-07
2.13540444780571845e-07
2.92161416312046848e-10
2.14053715621880543e-07
5.19104823110057099e-10
2.14746974294995869e-07
6.64827421942565585e-10
2.15554942932469086e-07
7.60131824607785802e-10
2.16454577460307048e-07
8.46083329403934566e-10
2.1743196516910268e-07
9.2575867958227775e-10
2.18457176104837915e-07
9.83813232047092366e-10
2.19501749154374129e-07
1.01712313284416291e-09
2.20554414660557794e-07
1.03616795181826884e-09
2.21613338462321855e-07
1.04922157232454253e-09
2.22673723311244295e-07
1.0555274540130903e-09
2.2372749843010714e-07
1.05253396350723085e-09
2.24768176795612404e-07
1.04187615066906001e-09
2.2579247076601975e-07
1.02722397045709587e-09
1.01110701166830455e-09
2.26798759045485634e-07
2.1358671222571372e-07
-1.09007512204738138e-12
2.14105918760887333e-07
-1.02362247152467714e-13
2.14771046304038578e-07
-3.0083993648837015e-13
2.15531310757135156e-07
-1.33200282831179862e-13
2.16377132179157588e-07
2.60617388844004676e-13
2.17302960527379903e-07
-7.0686589226670032e-14
2.18287232661234016e-07
-4.59521644497092106e-13
2.19304881184272159e-07
-5.25547811885410527e-13
2.2034086487311747e-07
1.83495586176795821e-13
2.21389887959598424e-07
1.97135051931442725e-13
2.22445468941520248e-07
-5.45266263943914362e-14
2.23498338390297234e-07
-3.35994789854887483e-13
2.24540541360595744e-07
-3.27185423798411186e-13
2.25567608116469683e-07
1.56376885965681651e-13
1.55148395118779473e-13
2.26578558679418168e-07
2.13584242847596905e-07
-2.91871679303283435e-10
2.14103310134166718e-07
-5.19170657365986566e-10
2.1476795510810163e-07
-6.64946783879394656e-10
2.15528116791171912e-07
-7.6029590128517944e-10
2.16374687802552924e-07
-8.4631066653092035e-10
2.17300592289058567e-07
-9.25975743236124621e-10
2.18283971164190532e-07
-9.83839425212198099e-10
2.19300632665462331e-07
-1.01718850007660211e-09
2.20337202983402037e-07
-1.03638762896971384e-09
2.21386871260596626e-07
-1.04947136056756063e-09
2.22442508532236849e-07
-1.05569237294705563e-09
2.23494786995462682e-07
-1.05261553258873284e-09
2.24536421542087704e-07
-1.04196292667337944e-09
2.25564005454351979e-07
-1.02742823014104733e-09
-1.01126834423659949e-09
2.26575428719149256e-07
2.13540166297341002e-07
-5.38574726028670942e-10
2.14053414251942152e-07
-1.03241947079069632e-09
2.14746457387105359e-07
-1.35799060381501651e-09
2.15554267355303178e-07
-1.56810694133889904e-09
2.16453865155630658e-07
-1.74590914019490186e-09
2.17431119199388292e-07
-1.90323077660088244e-09
2.18456271783506493e-07
-2.00899259659271248e-09
2.19500683185454015e-07
-2.06160062631215101e-09
2.20553339954972541e-07
-2.0890452263213512e-09
2.21612170966565225e-07
-2.10830328354972067e-09
2.22672500974480685e-07
-2.11602337587287918e-09
2.23726216465064251e-07
-2.10633164510100609e-09
2.2476678526354978e-07
-2.08253237823789447e-09
2.25791027354084209e-07
-2.05167106961715829e-09
-2.01745583429508654e-09
2.26797213989442738e-07
2.136527061435493e-07
-8.97817436122184607e-10
2.14224955358993074e-07
-1.60466955271603644e-09
2.1492234184026607e-07
-2.05537809246506519e-09
2.15707786112319037e-07
-2.35355172524921353e-09
2.16584808365336873e-07
-2.62293198534434765e-09
2.17544763888338212e-07
-2.8631867441771718e-09
2.18559854469572427e-07
-3.02408449569710649e-09
2.19604152029672022e-07
-3.10589962268463925e-09
2.20665870136963722e-07
-3.15076416142457036e-09
2.21739555570647155e-07
-3.18198895994871109e-09
2.22816642332757133e-07
-3.19311049426141269e-09
2.23887362535146431e-07
-3.17705305201827607e-09
2.24944941926648199e-07
-3.14011304965152656e-09
2.25985574577829187e-07
-3.09230451330769364e-09
-3.03944833207776695e-09
2.27007566706955037e-07
2.13638343106262001e-07
-1.24269125145807908e-09
2.14310449019442694e-07
-2.27677630937768677e-09
2.15121411323466603e-07
-2.86634125530397663e-09
2.16007162278923438e-07
-3.23930336056612928e-09
2.16980360236186439e-07
-3.5961306177864427e-09
2.18024490964165452e-07
-3.90731817284160283e-09
2.19094912676257224e-07
-4.09450724715910331e-09
2.20169184698316061e-07
-4.18017274073136648e-09
2.21248590048411367e-07
-4.23017033619227955e-09
2.22333657151050576e-07
-4.26705662553495146e-09
2.2341656277182523e-07
-4.27601673624205338e-09
2.2448866053915908e-07
-4.2491517747354847e-09
2.25544909823812849e-07
-4.19636334426443469e-09
2.26581811553856858e-07
-4.12920704333945314e-09
-4.05302704149758368e-09
2.27595389654092132e-07
2.13845916362943832e-07
-1.79513666856076686e-09
2.14602276209080184e-07
-3.03313698246704087e-09
2.15418869146834517e-07
-3.68293501087377529e-09
2.16304135751564012e-07
-4.12457071170961029e-09
2.17293043340352009e-07
-4.58503894747624237e-09
2.18361434181547554e-07
-4.97570979542991429e-09
2.19461017256855956e-07
-5.19409124238275284e-09
2.20570433278613599e-07
-5.28958970568838587e-09
2.21689803506946223e-07
-5.34954138628779901e-09
2.22814051504032248e-07
-5.3913053258121427e-09
2.23931563466066326e-07
-5.39352942687629658e-09
2.2503379350984654e-07
-5.35138268016482745e-09
2.26116256366338031e-07
-5.27882708883168527e-09
2.27174145551838593e-07
-5.18709702464133975e-09
-5.08085596714396724e-09
2.28201973769246261e-07
2.13987748285883211e-07
-2.48940170312197963e-09
2.15053165911965146e-07
-4.09855542619828873e-09
2.16085951928346655e-07
-4.71572183475300049e-09
2.17128315933748992e-07
-5.16693549597772442e-09
2.18257939707917644e-07
-5.71466349996058864e-09
2.19419912501611707e-07
-6.13768339441113526e-09
2.2055842161527989e-07
-6.33260122141289675e-09
2.21679284023195793e-07
-6.41045298732894427e-09
2.22797933022343938e-07
-6.46819120334950095e-09
2.23909339403340872e-07
-6.50271247049814576e-09
2.25001464272598635e-07
-6.48565506702427139e-09
2.26068261035807686e-07
-6.41818026758542425e-09
2.27106621259634655e-07
-6.31718814827740217e-09
2.28110211743882327e-07
-6.19068830051443658e-09
-6.03797535322246202e-09
2.29067330381710185e-07
2.14361147799307485e-07
-3.55706377361721384e-09
2.1550652708708939e-07
-5.24393552582158826e-09
2.16536302301477036e-07
-5.74549785434909832e-09
2.17626721555927299e-07
-6.25735554384259679e-09
2.18819524897391905e-07
-6.90746763630207477e-09
2.20016015121071347e-07
-7.33417443055234758e-09
2.21162654874957237e-07
-7.47924181365602365e-09
2.22270743320560214e-07
-7.51854227374080971e-09
2.23345605138876706e-07
-7.54305383577356705e-09
2.2437482608571849e-07
-7.53193420599262385e-09
2.25349275022373297e-07
-7.46010479296855844e-09
2.26267955928917575e-07
-7.33686198128950009e-09
2.27129772978308433e-07
-7.17900600608940958e-09
2.27929013040263522e-07
-6.98992914947321893e-09
-6.76296415734933768e-09
2.28654001082610628e-07
2.15177211489768154e-07
-5.44076366066978004e-09
2.16853324836710898e-07
-6.92004967888593219e-09
2.18025344686508477e-07
-6.91751850824405158e-09
2.19114266278693955e-07
-7.34627793666487344e-09
2.20126050225900608e-07
-7.91925238618242336e-09
2.20944378127510584e-07
-8.15250314418839434e-09
2.21595710081212409e-07
-8.13057459174429432e-09
2.2213423117068819e-07
-8.05706418836112333e-09
2.2256721822964435e-07
-7.97604170710647058e-09
2.22886655119157308e-07
-7.85137189367204819e-09
2.23098569788500591e-07
-7.67202025580767129e-09
2.23216023068777602e-07
-7.45431605963213519e-09
2.23248244611245497e-07
-7.2112283425227778e-09
2.2319963177277317e-07
-6.94131709077720095e-09
-6.63016939550303248e-09
2.23066836247616671e-07
2.1497987060536668e-07
-7.12712043126021767e-09
2.15683686492008842e-07
-7.62386637065946997e-09
2.15657065693459343e-07
-6.89089851292350448e-09
2.15410767617495592e-07
-7.09998066354289414e-09
2.14775015674866212e-07
-7.28350124799639393e-09
2.13774971352043087e-07
-7.1524596325980392e-09
2.12521688239568852e-07
-6.87729229679206025e-09
2.11076101096660885e-07
-6.61147786324106609e-09
2.09460584145459167e-07
-6.3605255657148575e-09
2.07704151334256205e-07
-6.0949398831701932e-09
2.05845346733924071e-07
-5.81321645157038918e-09
2.03915865544799201e-07
-5.52483566262470304e-09
2.01939156824742537e-07
-5.23452041003659302e-09
1.99938029298271879e-07
-4.94019034083839588e-09
-4.63627416308832894e-09
1.97944133301921448e-07
2.06166455397548406e-07
1.98542588219051582e-07
1.91651688899743736e-07
1.84551707430123694e-07
1.77268205374045063e-07
1.70115744929509826e-07
1.63238451817229872e-07
1.56626973139689972e-07
1.50266446766557677e-07
1.44171506083806165e-07
1.38358288840705227e-07
1.32833452391465416e-07
1.27598931202871661e-07
1.22658740094861969e-07
1.18022465176136401e-07
1.14477389661841206e-07
3.54517140201935064e-09
1.11075061322728529e-07
3.40232776757750394e-09
1.07823775515080131e-07
3.25128524352367623e-09
1.04731361165952335e-07
3.09241379367663647e-09
1.01794744905658417e-07
2.93661570819433158e-09
9.90072785198478469e-08
2.78746583813859895e-09
9.63642938506917252e-08
2.64298411430553942e-09
9.38621747250053901e-08
2.50211853344562033e-09
9.14964195026078165e-08
2.3657544877295873e-09
8.92615354239797108e-08
2.23488287598269814e-09
8.71518542288950086e-08
2.10967858984678157e-09
8.51619264032307374e-08
1.98992134475277121e-09
8.32863163747765074e-08
1.87559379042933596e-09
8.15194210881436601e-08
1.76685714525910237e-09
7.98555583403892246e-08
1.66378187778897054e-09
7.82891157023537649e-08
1.56627836874034338e-09
7.68145872321278049e-08
1.47420565899601173e-09
7.54265195636594445e-08
1.38745189250863815e-09
7.41194607001297646e-08
1.30591765910773216e-09
7.28879281949723078e-08
1.22947749626822182e-09
7.17263587011373767e-08
1.1579711231258228e-09
7.06290211056696631e-08
1.09121694773488743e-09
6.95902215444726568e-08
1.02900488603440798e-09
6.86044534261843087e-08
9.71195211304356788e-10
6.76659528899466967e-08
9.1750290121700238e-10
6.6769510949638989e-08
8.67702635077647304e-10
6.59103243679575014e-08
8.21516769331538345e-10
6.50840045456621222e-08
7.78615956035648964e-10
6.42867656951979435e-08
7.38735348580039056e-10
6.35158347498481897e-08
7.01524765533978175e-10
6.27689242170985281e-08
6.667167813660931e-10
6.20442230611366919e-08
6.34040657432585398e-10
6.13406100825066815e-08
6.03194845492112531e-10
6.06577809829274414e-08
5.73874171639711102e-10
5.99962308509488903e-08
5.4578854206449665e-10
5.93571492291363928e-08
5.18677116426277837e-10
5.8742251348202792e-08
4.92389228007661746e-10
5.81541571576427969e-08
4.66115407953886724e-10
5.7594962728417638e-08
4.39715588922936559e-10
5.70660210977733039e-08
4.13458903350315829e-10
5.65672017224258915e-08
3.88515996379356411e-10
5.60891421736976641e-08
3.72982529320399357e-10
5.56026416732980125e-08
3.86573261482868212e-10
5.5057257508245868e-08
4.51283471948777725e-10
5.44297437903664753e-08
5.39643802800660861e-10
5.4017179350020663e-08
3.29632895802388252e-10
5.40750599024755104e-08
-1.49652375380586138e-10
5.44306260513727594e-08
-4.57777468033154285e-10
5.48196704975893042e-08
-4.89822053077522059e-10
5.48239532916028083e-08
-8.82822291882728653e-11
5.42681108382255337e-08
4.76432204327481459e-10
5.36623723888917723e-08
5.24727311035672331e-10
5.31395856310403677e-08
4.40987141737829614e-10
5.27590903818634879e-08
3.01027799201338833e-10
5.2426906646423689e-08
2.55703627004661124e-10
5.18850242810134294e-08
4.67379722094469791e-10
5.14715990545961576e-08
3.36471241551338899e-10
5.1671052279544434e-08
-2.83435648130829497e-10
5.21436810325086624e-08
-5.6731465801080739e-10
5.28605618120176988e-08
-8.20094764150948564e-10
5.33287130856604801e-08
-5.59262566657768631e-10
5.30788071195362042e-08
1.78449357557962842e-10
5.25179988286823095e-08
4.86116991749907932e-10
5.19972738003845168e-08
4.51304016910108648e-10
5.139348798745963e-08
5.40780436534141423e-10
5.06042554829987333e-08
7.2777444843987629e-10
5.02874221405830718e-08
2.51785538879188469e-10
5.05835204892568884e-08
-3.7128053975352976e-10
5.09584438070281612e-08
-4.51496496611421909e-10
5.132779520819093e-08
-4.40210896172939398e-10
5.19191523279486169e-08
-6.50083790527749731e-10
5.24465735737641896e-08
-6.01378811376274393e-10
5.23422898303157488e-08
4.27746099751168207e-11
5.17801488677078025e-08
5.08728727607755399e-10
5.26527829381971997e-10
1.96341593146091695e-07
5.14781665422479714e-09
1.94711576545613574e-07
5.03234379850809993e-09
1.9306907363033899e-07
4.89378759487517023e-09
1.91436372719767406e-07
4.7251141454345099e-09
1.89821563894938186e-07
4.55142398254176589e-09
1.8822408215618799e-07
4.38494703313211365e-09
1.86645012918852982e-07
4.22205281122899251e-09
1.85088822418884196e-07
4.05830849772272355e-09
1.83559599717436759e-07
3.89497664857511635e-09
1.8205929160655754e-07
3.73519041920738976e-09
1.80588716362523066e-07
3.58025317375918286e-09
1.79148678521504641e-07
3.42995824729053544e-09
1.77740075939319208e-07
3.28419471047327108e-09
1.76363522505838378e-07
3.14340723191299234e-09
1.75019198649269618e-07
3.00809910933811815e-09
1.73706984677425588e-07
2.8784793405141086e-09
1.72426603975610142e-07
2.75456131597472297e-09
1.71177647936578427e-07
2.63636074206677546e-09
1.69959549037364899e-07
2.5239297716391076e-09
1.68771568782370974e-07
2.41730212029645104e-09
1.67612819366339009e-07
2.31644872900326817e-09
1.66482278285413572e-07
2.2212966277242349e-09
1.65378777194223596e-07
2.13174769879483083e-09
1.64301059470672239e-07
2.04770333535421853e-09
1.63247653340290767e-07
1.96900049143497725e-09
1.62216893366748311e-07
1.89543393372724551e-09
1.61207491523385076e-07
1.82677974841987296e-09
1.60218016494466988e-07
1.76270501929739977e-09
1.59246259519307332e-07
1.70283825744168235e-09
1.58290988702528631e-07
1.64694846587948249e-09
1.57350983996940079e-07
1.59456724705420755e-09
1.56424764121024852e-07
1.54532535258801947e-09
1.55510951404317178e-07
1.49880614489626804e-09
1.54608565802852968e-07
1.45459659592818035e-09
1.53717108932447426e-07
1.4124319057813651e-09
1.5283536168733377e-07
1.37189888325530578e-09
1.51961602287967518e-07
1.33283177864369667e-09
1.51097335241923427e-07
1.29579012510753407e-09
1.5023821559008329e-07
1.26077332474711786e-09
1.49375559191669569e-07
1.22947349182518781e-09
1.48513476850174388e-07
1.20567889212770823e-09
1.47649146573702007e-07
1.19608429873879565e-09
1.46772280858294352e-07
1.20936950175185871e-09
1.45920642781537923e-07
1.23662285479074338e-09
1.45252328944775131e-07
1.14720571080977459e-09
1.4491568689719421e-07
6.06158720952085494e-10
1.4448499426140275e-07
2.26954903488723505e-10
1.43826257793093902e-07
1.62976594225710681e-10
1.42872562366828752e-07
4.16755623776767551e-10
1.41709069662059825e-07
1.01097384762377693e-09
1.40952506327840198e-07
1.16072404255183617e-09
1.40332924751840876e-07
1.09345528769450699e-09
1.39691657080786592e-07
1.02008993795562961e-09
1.38933879414441604e-07
9.69265984101826101e-10
1.38143525373756829e-07
9.55120461532617494e-10
1.37911564713071541e-07
6.44453815657403983e-10
1.38358760955973009e-07
-1.39283193492015543e-10
1.38512690395070491e-07
-4.65835888968613422e-10
1.38411788189937961e-07
-5.11185943972528045e-10
1.37897551004540911e-07
-3.69109018935448752e-10
1.36918291010727122e-07
3.46271484812657583e-10
1.36079912087426383e-07
9.13330902366125602e-10
1.35484165476511209e-07
9.42478701446991632e-10
1.34840023800527145e-07
9.41355048797974653e-10
1.34411661564500251e-07
8.42684150926029119e-10
1.34705142419165715e-07
3.76078716955387472e-10
1.35253350589640677e-07
-3.42253614425097125e-10
1.35418879053045982e-07
-5.98136608291507516e-10
1.35391692112244353e-07
-5.07713626384997009e-10
1.35363550571606661e-07
-5.30902319690073821e-10
1.3514170018835705e-07
-5.74528343074239937e-10
1.34459491169646043e-07
1.61114462710988145e-11
1.33766580203115663e-07
6.25871028794432614e-10
1.33445509078826774e-07
6.64421430230360834e-10
6.69226680324404282e-10
2.22924716839676593e-07
5.29000712111776586e-09
2.22745649076120203e-07
5.21141098744780532e-09
2.22524450788476242e-07
5.11498531653441988e-09
2.22264638783740471e-07
4.98492559173972055e-09
2.21973051357978542e-07
4.8430108569029596e-09
2.21652971653668064e-07
4.70502619260783745e-09
2.21306074001180195e-07
4.56894992414298174e-09
2.20935006369460083e-07
4.42937559534745492e-09
2.20542995686442144e-07
4.28698680448192234e-09
2.20132676280873894e-07
4.14550930393385207e-09
2.19706083850104347e-07
4.00684508409445519e-09
2.19265107042124606e-07
3.87093452264516629e-09
2.18811685031293748e-07
3.73761613338140153e-09
2.18347661217086026e-07
3.60743032223065465e-09
2.17874638779200664e-07
3.48112054402919386e-09
2.17393997177448648e-07
3.3591193879679587e-09
2.16906973239678884e-07
3.24158265021724028e-09
2.1641469471187555e-07
3.12863472998659219e-09
2.1591816252615362e-07
3.02045395257486256e-09
2.15418244993037064e-07
2.91720560598140292e-09
2.14915689356371749e-07
2.81898005938123207e-09
2.14411141513546132e-07
2.72580322913458002e-09
2.13905152284489784e-07
2.6376685418808116e-09
2.13398198893015209e-07
2.55454594796305036e-09
2.12890669850056128e-07
2.47635357810345628e-09
2.12382875774329568e-07
2.40295205798786448e-09
2.11875082802889762e-07
2.33413874082063155e-09
2.11367596781839846e-07
2.26968110402495364e-09
2.10860376925193267e-07
2.20926022299710824e-09
2.10353566333639494e-07
2.15255822009908196e-09
2.09847376839528474e-07
2.09927613951539291e-09
2.09341852513632668e-07
2.048956874038789e-09
2.08837128483322234e-07
2.00118775154340601e-09
2.08332671908596851e-07
1.95554319420915445e-09
2.07829447322595523e-07
1.9115749882900133e-09
2.07329055364712221e-07
1.86888292498807533e-09
2.06829774889298072e-07
1.82683830300222758e-09
2.06332640393764193e-07
1.78509689704795929e-09
2.05843233865267393e-07
1.74385256045926676e-09
2.05361378007074396e-07
1.70331575970269578e-09
2.04890592751008005e-07
1.66479933963797948e-09
2.04447766886075293e-07
1.62868275823092174e-09
2.04057183786608146e-07
1.58874517752402855e-09
2.03750604346575867e-07
1.52755950447799135e-09
2.03457479535004549e-07
1.42418055245499007e-09
2.02776309270654527e-07
1.27306616393433061e-09
2.01903479617613222e-07
1.08499793746119452e-09
2.01004934777287346e-07
1.04799430583538321e-09
2.00370917626144415e-07
1.03438170884954528e-09
2.00201003135098994e-07
1.15921015974167735e-09
2.00020620135604588e-07
1.31013894248972516e-09
1.99801389434389847e-07
1.29090538103698209e-09
1.99514916506991077e-07
1.28687318813236914e-09
1.99180974306583946e-07
1.2750300044362361e-09
1.9888243203185225e-07
1.22336131170206685e-09
1.9864559230270159e-07
8.67125583818506872e-10
1.98172050570966333e-07
3.15537627590733035e-10
1.97571829704485593e-07
1.12922781765201862e-10
1.96947103403929101e-07
1.01244641393618536e-10
1.96162512871307996e-07
3.9750277477559296e-10
1.95815960065616703e-07
6.65165654650106809e-10
1.9588048161507835e-07
8.19987795468623644e-10
1.95866982555158553e-07
9.22102177124277279e-10
1.95798552911851278e-07
9.62322501536031811e-10
1.95760858955926646e-07
8.35619448258335947e-10
1.95706908304815001e-07
3.87614599983878598e-10
1.95367686291184601e-07
-4.54225131526361356e-11
1.9494980107702031e-07
-2.22097713249525706e-10
1.94675098704117418e-07
-2.78304538831898677e-10
1.94405436429306095e-07
-3.02137528888710311e-10
1.93817050976938649e-07
-3.0196495359495036e-11
1.93485786253614298e-07
2.89128433337993218e-10
1.93579810652263984e-07
4.5546921729553156e-10
1.93507877383641993e-07
6.45522240861573243e-10
6.47285931502998247e-10
2.29196979379044134e-07
4.74706100648838555e-09
2.29722107634453262e-07
4.6862821559390918e-09
2.30217905379913603e-07
4.61918700272968519e-09
2.30676861818989136e-07
4.52596858974734219e-09
2.31101004576494502e-07
4.41886754705038944e-09
2.31493457940521202e-07
4.31257228415835269e-09
2.31854576022761553e-07
4.20783129976287248e-09
2.32184170400367001e-07
4.09978068178964931e-09
2.32483271630122006e-07
3.98788504582791403e-09
2.32753572574641846e-07
3.87520783999951961e-09
2.32996543373653485e-07
3.76387377684351728e-09
2.33213419104811112e-07
3.65405829243719185e-09
2.33405460937837969e-07
3.54557380744610592e-09
2.33574018676745718e-07
3.4388720905058e-09
2.33720425190870256e-07
3.33471352559109566e-09
2.33845926899728863e-07
3.23361714232235499e-09
2.3395170884052599e-07
3.13580009999236626e-09
2.34038926991995111e-07
3.0414158232985924e-09
2.34108704791092093e-07
2.95067512642296746e-09
2.34162118774810108e-07
2.86379011284041701e-09
2.3420019389586014e-07
2.78090259417706558e-09
2.34223909244034408e-07
2.70208414107656531e-09
2.34234203106592347e-07
2.62736865645608366e-09
2.34231976293335472e-07
2.55676308286107985e-09
2.3421808359885327e-07
2.49023078951029542e-09
2.34193331169636739e-07
2.42767963686782114e-09
2.34158465765969635e-07
2.36896313715358051e-09
2.34114205585385691e-07
2.31389276850300109e-09
2.34061155681443803e-07
2.26223153266108506e-09
2.33999869130509466e-07
2.21371677591183085e-09
2.33930911770880768e-07
2.16807388464144882e-09
2.33854713494392501e-07
2.12495310113238621e-09
2.3377162281383663e-07
2.0840050389664262e-09
2.33681871130565493e-07
2.04491046047395847e-09
2.3358559546848381e-07
2.0073021581389681e-09
2.33483084923400234e-07
1.97095482838442932e-09
2.33373541347946403e-07
1.93564166624920653e-09
2.33255939974743914e-07
1.90144184008133163e-09
2.33130005524451741e-07
1.86876342840006793e-09
2.32994050478403598e-07
1.83806478366597323e-09
2.32847651973534776e-07
1.80955364469636022e-09
2.3269332355115903e-07
1.78080928602523639e-09
2.32538518545476553e-07
1.74191542105993806e-09
2.32398791115913281e-07
1.66488268186667149e-09
2.32313056169896216e-07
1.50630738857597745e-09
2.32319516026871164e-07
1.26348430454267739e-09
2.32290005833190671e-07
1.11160785192448076e-09
2.32252454507587604e-07
1.08124378001545129e-09
2.32024141167099903e-07
1.25837604892793622e-09
2.3171729560645425e-07
1.46197540510804577e-09
2.31489922659971013e-07
1.53219642118032647e-09
2.31240657735847934e-07
1.53295531710692824e-09
2.31087240090898368e-07
1.43555851627085202e-09
2.31046557084320117e-07
1.30876813948506333e-09
2.31146418831213818e-07
1.11402645169671249e-09
2.31179546502322332e-07
8.29763026277339715e-10
2.30960449139487492e-07
5.29926358008692198e-10
2.30681974531269056e-07
3.87046439898867487e-10
2.30382000733645548e-07
3.97133997059577738e-10
2.30239506876823106e-07
5.3449955121042293e-10
2.30144842152556784e-07
7.51861203454752499e-10
2.30001868734332508e-07
9.56562361432519058e-10
2.29907092948604676e-07
1.00824089875437839e-09
2.29925250000383729e-07
9.32085821742890463e-10
2.30009504680171461e-07
7.40909945081206535e-10
2.30039277565914026e-07
3.50441255356923097e-10
2.29948991711951161e-07
3.69433045271996583e-11
2.29796155931533465e-07
-7.91291388976640351e-11
2.29636593609578391e-07
-1.31924661734567213e-10
2.29362617989846329e-07
-4.0815718671531398e-11
2.29176469739165413e-07
1.4128269531213548e-10
2.29096392155969704e-07
3.51705480888049468e-10
2.28947251419194676e-07
5.82239768604430146e-10
2.2890331068477408e-07
6.5973966238562753e-10
6.11644674497743388e-10
2.29815091185640065e-07
3.99929405014362771e-09
2.3055234157854786e-07
3.94903118218060262e-09
2.31276886508821582e-07
3.89464150063489852e-09
2.31978683113205851e-07
3.82417142053179416e-09
2.32654887513075095e-07
3.7426625932507728e-09
2.33307300696457689e-07
3.66015855812762674e-09
2.3393641817841303e-07
3.57871327698381915e-09
2.34541201218020375e-07
3.49499709909778163e-09
2.35121265933447738e-07
3.4078197963958635e-09
2.35677185395201866e-07
3.31928785539966522e-09
2.36209613158977332e-07
3.23144550358617977e-09
2.3671896021313954e-07
3.14471074051938213e-09
2.37205640058901617e-07
3.0588934764299238e-09
2.37670257280424275e-07
2.97425439515076026e-09
2.38113553428660905e-07
2.89141691498668109e-09
2.38536280621968533e-07
2.81088949685771771e-09
2.38939199091705081e-07
2.73288118482542186e-09
2.39323097208086521e-07
2.65751726413561886e-09
2.39688795888419633e-07
2.58497599592832655e-09
2.40037133734797429e-07
2.51545179183307437e-09
2.40368951945160054e-07
2.44908385690238998e-09
2.40685088681838801e-07
2.38594677676125759e-09
2.40986377801515331e-07
2.32607873618845727e-09
2.41273644874745244e-07
2.26949491753669686e-09
2.41547697222859132e-07
2.21617687794425874e-09
2.41809314121536594e-07
2.16606042706213976e-09
2.42059238246439128e-07
2.11903556999260714e-09
2.42298172780019967e-07
2.07495329837680402e-09
2.42526766735675177e-07
2.03362992646577574e-09
2.42745622412594858e-07
1.99484964578191312e-09
2.42955309696153222e-07
1.95837011295177872e-09
2.43156332150112182e-07
1.92391096061327787e-09
2.43349147089921489e-07
1.89116199078691086e-09
2.43534208140027651e-07
1.85980737777690508e-09
2.43711958965332704e-07
1.82948719340953504e-09
2.43883046542174588e-07
1.79981541410953784e-09
2.44048286735027022e-07
1.77030694508987152e-09
2.44209221608019858e-07
1.74034595503384716e-09
2.44368765466199765e-07
1.70907990925705271e-09
2.44531388777681687e-07
1.67528562270411302e-09
2.44703444298678442e-07
1.63727793166601479e-09
2.44891423338554031e-07
1.59250308860251842e-09
2.45095272582751249e-07
1.5377691224480596e-09
2.45288196974869028e-07
1.47160975566705074e-09
2.45394862268135331e-07
1.39911152337257406e-09
2.45328852170363901e-07
1.32892570271443966e-09
2.45174928885334348e-07
1.26511262426944504e-09
2.44980308925292194e-07
1.27521067084687482e-09
2.44954340891351617e-07
1.28339977477445087e-09
2.45126615571380396e-07
1.28897378811071397e-09
2.45350311793381377e-07
1.30742904586257618e-09
2.45607486960118595e-07
1.27423997808626456e-09
2.45829341041230669e-07
1.21261657835627276e-09
2.45982264584880846e-07
1.15448505793591691e-09
2.46055592691788344e-07
1.03879712202344938e-09
2.4603985811628636e-07
8.44059314775973876e-10
2.45937245204205564e-07
6.31443212004916722e-10
2.4580020509664767e-07
5.2264633747431689e-10
2.4565640671512803e-07
5.39428257451701555e-10
2.45552727629699239e-07
6.36808667098686197e-10
2.45551837415902513e-07
7.50913714888330049e-10
2.45705056901352012e-07
8.00931567581623647e-10
2.45915813667519905e-07
7.95754389346087029e-10
2.4612066746971383e-07
7.25248926176498077e-10
2.46253377095919433e-07
6.05411214505332568e-10
2.4622487635299023e-07
3.77141309195990625e-10
2.46121061424725951e-07
1.39413251184549665e-10
2.46002694863944315e-07
3.74324600031577671e-11
2.4583262513049439e-07
3.6029713333090071e-11
2.4569248425963141e-07
9.67043677399842021e-11
2.45621925189385655e-07
2.07903475584120385e-10
2.45615007419604814e-07
3.54050929604721755e-10
2.45725318874241102e-07
4.66396554341655347e-10
2.45855596734581348e-07
5.21713445251586976e-10
5.13764011511884398e-10
2.29005805118966505e-07
3.19540413713639562e-09
2.29802339003422325e-07
3.15249672274493257e-09
2.30588137330973115e-07
3.10884260305761998e-09
2.31356566452098342e-07
3.05574172101005644e-09
2.32104849940772635e-07
2.99437855222465811e-09
2.32834081935610764e-07
2.93092603377648381e-09
2.3354494885085308e-07
2.86784581897778237e-09
2.34236537260069207e-07
2.80340813366987207e-09
2.34907994910277463e-07
2.73636160230640448e-09
2.3555926772705768e-07
2.66801451117499249e-09
2.36190688222028836e-07
2.60002449771503688e-09
2.36802490541666912e-07
2.53290792279263157e-09
2.3739486478600986e-07
2.46651874624656653e-09
2.37968142065587365e-07
2.40097664221586511e-09
2.38522805721873935e-07
2.33675279942759379e-09
2.39059413813918366e-07
2.27428095982065676e-09
2.39578535331948359e-07
2.21375923560445729e-09
2.40080768711278126e-07
2.15528346775394322e-09
2.40566753498037073e-07
2.09899080667319838e-09
2.41037162150854684e-07
2.0450427495955139e-09
2.41492686672927578e-07
1.99355895743814907e-09
2.41934030482545145e-07
1.94460259895491736e-09
2.42361906519838771e-07
1.8982023316230555e-09
2.42777033810596334e-07
1.8543672539242648e-09
2.4318012819252712e-07
1.81308210070128244e-09
2.43571890645640041e-07
1.77429753574324354e-09
2.43952996947391978e-07
1.73792875036045639e-09
2.44324088715439457e-07
1.70386088682050527e-09
2.4468576425045805e-07
1.67195354512005138e-09
2.45038570909664817e-07
1.64204183207562191e-09
2.45383001118988937e-07
1.61393832914626598e-09
2.45719478499398468e-07
1.58743157998832908e-09
2.46048347059269379e-07
1.56229042225370362e-09
2.46369871222355106e-07
1.53827882163777491e-09
2.46684195181898426e-07
1.51515666100159989e-09
2.46991307627636637e-07
1.49269717918284944e-09
2.47290904768313659e-07
1.47069908762688849e-09
2.47582256740814197e-07
1.44897806055013625e-09
2.47864048510624247e-07
1.42727083956209761e-09
2.48134328403894971e-07
1.40498619831132004e-09
2.48390786715997912e-07
1.38079266763937175e-09
2.48631621674427248e-07
1.35162538950372715e-09
2.48858321804117299e-07
1.31103672705294466e-09
2.49081269882931741e-07
1.24860882928103142e-09
2.49323232389892002e-07
1.15707738670808116e-09
2.49599058320138044e-07
1.05301587639055107e-09
2.49872157829178647e-07
9.91939207329462474e-10
2.50155684297016046e-07
9.91580170331119711e-10
2.50409058522483487e-07
1.02988379783034593e-09
2.50578440606252731e-07
1.11946961514232811e-09
2.50733818708362538e-07
1.15188363771731428e-09
2.50874417914253433e-07
1.13340525150641506e-09
2.50995536175506779e-07
1.09128927490896447e-09
2.51161872302281702e-07
9.87915932590032677e-10
2.51349746362685865e-07
8.50573802223584077e-10
2.51497457422844388e-07
6.96004815366605641e-10
2.51568164648001677e-07
5.6050155100253107e-10
2.51597903439679735e-07
4.92633934422477527e-10
2.5163843783413522e-07
4.98513729985710701e-10
2.5172404472086457e-07
5.50850121690926364e-10
2.51857598562076243e-07
6.16957699556924426e-10
2.51980849852902746e-07
6.77133232547766469e-10
2.52100476093501711e-07
6.75659866005599893e-10
2.52205438615999127e-07
6.1992080751624396e-10
2.52328564449371588e-07
4.81766556987354299e-10
2.5240276999451075e-07
3.02265619187098139e-10
2.52388418971746138e-07
1.53511908951583288e-10
2.52342277988673264e-07
8.33307138593223851e-11
2.52306307467950722e-07
7.16160730398732934e-11
2.52290045959824909e-07
1.1233775220231043e-10
2.52303838546979733e-07
1.93193062586998489e-10
2.52356627786202387e-07
2.99979737411740916e-10
2.52425439484251823e-07
3.95733735232209273e-10
2.52500814314304975e-07
4.43539037311000918e-10
4.41149759691700364e-10
2.28395060604155971e-07
2.39562164000768235e-09
2.29184407626942464e-07
2.36314916054171111e-09
2.29964566300180293e-07
2.32868336620262534e-09
2.30731334870596713e-07
2.28897253876705374e-09
2.31481757048118195e-07
2.24395582269831503e-09
2.32215761426776438e-07
2.19692116416859458e-09
2.32933813535332257e-07
2.14979317132977735e-09
2.33635274756191816e-07
2.10194632001430517e-09
2.3431921038365279e-07
2.05242541260773211e-09
2.34985350363822179e-07
2.00187400076827819e-09
2.35633933610893343e-07
1.95144073782550763e-09
2.36265179741303323e-07
1.9016612940868926e-09
2.36879238520119314e-07
1.85245948205556077e-09
2.37476328724043578e-07
1.80388596550814447e-09
2.38056822233865388e-07
1.75625883056261481e-09
2.38621176393309406e-07
1.70992635518439955e-09
2.3916987820666177e-07
1.66505699332957099e-09
2.39703448050244958e-07
1.62171321089736503e-09
2.40222442000945587e-07
1.57999645957158152e-09
2.40727459957256822e-07
1.54002441264373874e-09
2.41219134885817495e-07
1.50188366603161942e-09
2.41698117453993459e-07
1.46561968520975097e-09
2.42165071627595421e-07
1.4312478292828601e-09
2.4262066990486161e-07
1.39876866404864455e-09
2.43065583609295082e-07
1.36816809969556947e-09
2.4350047116088617e-07
1.33940970153782796e-09
2.43925967657882148e-07
1.31243198216723979e-09
2.4434267615829616e-07
1.28715212396506564e-09
2.44751159946366288e-07
1.26346949436001957e-09
2.45151935806365757e-07
1.24126570217223902e-09
2.4554547006587635e-07
1.22040378081725396e-09
2.45932174196110392e-07
1.20072712502388087e-09
2.4631240439791154e-07
1.18205983655244052e-09
2.46686473825011478e-07
1.16420891599407452e-09
2.47054670143445591e-07
1.14695968559092861e-09
2.47417304240258079e-07
1.13006234726854999e-09
2.47774816957634117e-07
1.11318528835971084e-09
2.48128036677661465e-07
1.0957568407646856e-09
2.48478710550541443e-07
1.07659514045203771e-09
2.48830174604109226e-07
1.05351982830744698e-09
2.49186955064186399e-07
1.02400898298554988e-09
2.49552037890553274e-07
9.86537453765083992e-10
2.49920393918027914e-07
9.42676544663059465e-10
2.50268640039117113e-07
9.00356046958097957e-10
2.5055304990650268e-07
8.72658603919937095e-10
2.5074632367904815e-07
8.59731393606710726e-10
2.50886836714384308e-07
8.51416599353402525e-10
2.51026968876462688e-07
8.51435258107569771e-10
2.51181334136998657e-07
8.75500214723752232e-10
2.51442569400103036e-07
8.58215431791165391e-10
2.51757011161338372e-07
8.37417425514227576e-10
2.52082088884646526e-07
8.08294284155350851e-10
2.52416104978426215e-07
7.5724103433183444e-10
2.52707451211423297e-07
6.96532146721658897e-10
2.52920804361808134e-07
6.3716313060557281e-10
2.53059944787058911e-07
5.56805330442604539e-10
2.53142315739894326e-07
4.78088397172491584e-10
2.53200036875287467e-07
4.34863637116396549e-10
2.53262896198189036e-07
4.35585048760093191e-10
2.53350978671150873e-07
4.62692646426754598e-10
2.53470549408779304e-07
4.97299043837590191e-10
2.53643820006184532e-07
5.03758256973609316e-10
2.53840998420088501e-07
4.78378503978750941e-10
2.54041955700409071e-07
4.18858182872409335e-10
2.54183480458274564e-07
3.40127540534500325e-10
2.5424125906500686e-07
2.4439049069534858e-10
2.54243046837335919e-07
1.51636770108050173e-10
2.5422471853729404e-07
1.01527761860157128e-10
2.54200878776491721e-07
9.52399806532347534e-11
2.54196154981737879e-07
1.1672593423332887e-10
2.54222966905657919e-07
1.65866215772675108e-10
2.54295882422005775e-07
2.26270490637002661e-10
2.54405817466832766e-07
2.84556641815841741e-10
2.54528076211436046e-07
3.19282320039224649e-10
3.27150666372748689e-10
2.27811682125630193e-07
1.59159553817608179e-09
2.28605785040798867e-07
1.56904587462535212e-09
2.29388482209858994e-07
1.54598567066366138e-09
2.30157435283180906e-07
1.52001871569206609e-09
2.30910648822750858e-07
1.49074173494934546e-09
2.3164752975176646e-07
1.46003987999737715e-09
2.32368438751574353e-07
1.4288836440794085e-09
2.33072969232126155e-07
1.39741513358645469e-09
2.33760590865109417e-07
1.36480320051005204e-09
2.34430962769916829e-07
1.33150157211585456e-09
2.35084287088210539e-07
1.2981159117359463e-09
2.35720751011116401e-07
1.26519687558494488e-09
2.36340564357368672e-07
1.23264565042023023e-09
2.36943919749636339e-07
1.20053010025319649e-09
2.3753117722725864e-07
1.16900089452099496e-09
2.38102774930566435e-07
1.1383282074404015e-09
2.38659209174475483e-07
1.10862232114047696e-09
2.39200999389329319e-07
1.07992258320547981e-09
2.39728706240350053e-07
1.05228921270810794e-09
2.40242932126239866e-07
1.02579814948483372e-09
2.40744309583726705e-07
1.00050584840285921e-09
2.41233486601771318e-07
9.76442326005636256e-10
2.41711119569695826e-07
9.53614540774290827e-10
2.42177868455852443e-07
9.32019476035170516e-10
2.42634390239072759e-07
9.11646034020746024e-10
2.43081330288879988e-07
8.92469388695367214e-10
2.4351931291443548e-07
8.74449112598579188e-10
2.43948932189605468e-07
8.57532624852924955e-10
2.44370743368128836e-07
8.41658110261494461e-10
2.44785254645836311e-07
8.26754237807258793e-10
2.45192919591528888e-07
8.12738665718094283e-10
2.45594129692443413e-07
7.99516873182592566e-10
2.45989207541215278e-07
7.86981852612978124e-10
2.46378400624129536e-07
7.75015711541408053e-10
2.46761863947167649e-07
7.63496251095098461e-10
2.47139601771677253e-07
7.52324416982495362e-10
2.47511284569665732e-07
7.41502377231757597e-10
2.4787582766990557e-07
7.31213600349951591e-10
2.4823095811439405e-07
7.21464525611186387e-10
2.4857387287890444e-07
7.10604832433467358e-10
2.48901761218018757e-07
6.96120331069309812e-10
2.49214176279364966e-07
6.74121929907633145e-10
2.49518062428632908e-07
6.38790060472024704e-10
2.49827667242033115e-07
5.90750685158570217e-10
2.50145017093803846e-07
5.55307899629981402e-10
2.50477682279783412e-07
5.27064943485935785e-10
2.50815174959836172e-07
5.13922441462636819e-10
2.51141407936262977e-07
5.25200376641872061e-10
2.51476101346335272e-07
5.40804347706972701e-10
2.51771545949542175e-07
5.62768200777278105e-10
2.52021669210575748e-07
5.87291141990831267e-10
2.52250684085686374e-07
5.79275653449564785e-10
2.52460117141004807e-07
5.47804081980810834e-10
2.52649685022273206e-07
5.06959177196309097e-10
2.52845720437787738e-07
4.4112009911892966e-10
2.53027561320314856e-07
3.7495614506452847e-10
2.5318384319959655e-07
3.21798973474039436e-10
2.53325215797600805e-07
2.93482158024105512e-10
2.5346751180996745e-07
2.93277713619421237e-10
2.53619556873980289e-07
3.10634377921601397e-10
2.53788814691156952e-07
3.28025866528046339e-10
2.53955107793374592e-07
3.37447281210320063e-10
2.54103162017812694e-07
3.30303517256307826e-10
2.54222960301377287e-07
2.99031667365601642e-10
2.54322888625487944e-07
2.40156495451741867e-10
2.54401889615631459e-07
1.65326030466210479e-10
2.54448946018431695e-07
1.04486983525618235e-10
2.54479500677864929e-07
7.08341336684766842e-11
2.54513070412403176e-07
6.1459299077232047e-11
2.54556820727336422e-07
7.26494001818987537e-11
2.54626197370021492e-07
9.59782104124714815e-11
2.54707531372071001e-07
1.44126611875711699e-10
2.54790359103962017e-07
2.00432323323938794e-10
2.54868781059183493e-07
2.38744397509403017e-10
2.55870615343330687e-10
2.27593114205995139e-07
7.97240016705964881e-10
2.28375751055249077e-07
7.86408562800787617e-10
2.29147153272563165e-07
7.74582998998611172e-10
2.29905808919298714e-07
7.61362527418963684e-10
2.30649837003105152e-07
7.46713113052636429e-10
2.31378629368631201e-07
7.312469920270409e-10
2.32091972656956652e-07
7.1553982663263702e-10
2.32789815488545945e-07
6.99571790518752576e-10
2.33471443711417922e-07
6.83174443376561247e-10
2.34136558078473088e-07
6.66386724489545502e-10
2.3478503641998238e-07
6.49637074770425989e-10
2.35417145602631324e-07
6.33087199813086308e-10
2.36033005776236211e-07
6.16784992785059233e-10
2.36632872049906875e-07
6.00663354227969304e-10
2.37217022542013894e-07
5.84849943548504887e-10
2.37785901389860169e-07
5.69448916258496736e-10
2.38339985468142087e-07
5.54537814871461733e-10
2.3887979394978426e-07
5.40113689908735619e-10
2.39405865533346663e-07
5.26217235904085513e-10
2.39918787878773218e-07
5.12875427525080573e-10
2.40419182391913703e-07
5.00110980618862997e-10
2.40907679312280245e-07
4.87945070108547619e-10
2.41384923672614066e-07
4.76369862848366223e-10
2.41851564033659045e-07
4.65378818294209147e-10
2.42308248696078495e-07
4.54961095579533404e-10
2.42755618246885882e-07
4.45099581916193341e-10
2.43194294246865537e-07
4.3577287780178804e-10
2.4362486812985257e-07
4.26958527921577819e-10
2.44047892043407522e-07
4.18634004608996879e-10
2.44463870892708156e-07
4.10775217767389284e-10
2.44873255380401382e-07
4.03354028918449893e-10
2.45276436653400817e-07
3.96335473702520322e-10
2.45673744420441775e-07
3.89673982435112455e-10
2.46065453316133133e-07
3.83306737028301069e-10
2.46451805971810823e-07
3.77143542549587942e-10
2.46833070700126954e-07
3.71059658151779014e-10
2.47209571480725906e-07
3.65001580506246413e-10
2.47581385753050875e-07
3.59399314995090495e-10
2.47947656192923997e-07
3.55194058623105585e-10
2.48311251804347691e-07
3.4700916536211659e-10
2.48674447553182237e-07
3.32924471533362157e-10
2.4903936881852012e-07
3.09200483663052085e-10
2.49409977119330297e-07
2.68181483076025558e-10
2.49788305259691627e-07
2.12422190983155507e-10
2.50096943669464214e-07
2.46669085640514946e-10
2.50347520651788748e-07
2.76487686902510725e-10
2.50557388054868349e-07
3.04055014497419231e-10
2.50757618078300829e-07
3.24970388219280832e-10
2.50967463319071209e-07
3.30959041389595008e-10
2.51214808295146945e-07
3.15423148266969353e-10
2.51494167796441217e-07
3.07931382458714895e-10
2.51793250131525255e-07
2.80192854457904126e-10
2.52095904778614237e-07
2.45148855075672543e-10
2.52399231499689061e-07
2.03631738372258941e-10
2.52653103880774302e-07
1.8724679543405534e-10
2.52846531407269065e-07
1.8152769424933981e-10
2.52996564570409912e-07
1.71764713996498316e-10
2.53121796324825207e-07
1.68248610114878559e-10
2.53242603779845317e-07
1.72467309557311223e-10
2.53374207713212872e-07
1.79025957889120117e-10
2.53518999510865613e-07
1.83227228364034536e-10
2.53673860878823147e-07
1.82575757915652469e-10
2.53837871928600164e-07
1.6627694108824066e-10
2.53999499638214028e-07
1.37380144940354896e-10
2.54138374084867251e-07
1.01244904163434906e-10
2.54226473549091158e-07
7.71682434140303701e-11
2.54276033589573611e-07
5.4834520540680253e-11
2.5430820798177192e-07
3.85120292886344704e-11
2.54337157036395467e-07
3.22729429953576893e-11
2.54378342930892756e-07
3.10811025862023891e-11
2.54448417350245987e-07
2.52860278301257743e-11
2.54537859370897745e-07
5.36876926759765038e-11
2.54631038647408356e-07
1.05661633570825417e-10
2.54720919501751023e-07
1.46370737456548342e-10
1.7099453963403271e-10
2.27376100270027859e-07
-3.02113700482117936e-13
2.28162864168905211e-07
-3.55244943283806869e-13
2.28937555852568396e-07
-1.08938248193757265e-13
2.29698901270115296e-07
1.60007996139578927e-14
2.3044565189669997e-07
-3.80816294301881201e-14
2.31177303031878634e-07
-4.0420554095199615e-13
2.31892917652858043e-07
-7.53018286155172322e-14
2.32592636555576586e-07
-1.47950043779434852e-13
2.33275802140444733e-07
8.29512306355457334e-15
2.33942263237655547e-07
-7.4778564702431554e-14
2.34591912514218018e-07
-1.26986911178524629e-14
2.35225107416584152e-07
-1.0819405569136108e-13
2.35841966398565408e-07
-7.44708854815554778e-14
2.36442736753560972e-07
-1.07470065299532129e-13
2.37027665728716976e-07
-7.94883110938114953e-14
2.37597222428107119e-07
-1.08224289435456265e-13
2.38151956393594876e-07
-1.96576415737323046e-13
2.38692368212242358e-07
-2.98536836537220686e-13
2.39219019292612702e-07
-4.34234822717648007e-13
2.39732517543012667e-07
-6.2319402019147126e-13
2.40233486513700992e-07
-8.58342961438844252e-13
2.40722569663163114e-07
-1.13841140207162315e-12
2.41200414016602834e-07
-1.47480145257048896e-12
2.41667671891379451e-07
-1.87934734328837581e-12
2.42124993487342266e-07
-2.36077076655214485e-12
2.42573018235060295e-07
-2.92541299564810775e-12
2.43012364902611123e-07
-3.57401734486496236e-12
2.4344362168199331e-07
-4.29845589961917249e-12
2.43867336916200649e-07
-5.08141311496091769e-12
2.44284009726206396e-07
-5.89775238065298315e-12
2.44694079821129332e-07
-6.71620456417342496e-12
2.45097914790318739e-07
-7.49961000637107855e-12
2.45495788820046308e-07
-8.20013663121562445e-12
2.45887838508967837e-07
-8.74301499411861415e-12
2.46273953705784949e-07
-8.97169020257360832e-12
2.46653667874590121e-07
-8.65451846117263935e-12
2.47026270709693574e-07
-7.60123533627797895e-12
2.47391350882004258e-07
-5.68081917152373102e-12
2.47749619379998594e-07
-3.07438878148054963e-12
2.48096622550825823e-07
6.04108987924857975e-15
2.48422349827620747e-07
7.197247387602057e-12
2.48715964642718532e-07
1.55857449692194113e-11
2.48962261811428046e-07
2.18844649880987437e-11
2.49156742394563064e-07
1.79418145316793748e-11
2.49404175947636798e-07
-7.64225655606659857e-13
2.49700916651631876e-07
-2.02529096702116144e-11
2.50041382965406243e-07
-3.64113880273818432e-11
2.50414734190866908e-07
-4.83810313269966446e-11
2.50798466346219678e-07
-5.27733890539872357e-11
2.51165446244214094e-07
-5.15570908341188884e-11
2.51520896663024925e-07
-4.75193512793189255e-11
2.5184166611592103e-07
-4.05769006507038819e-11
2.52126441315145784e-07
-3.96265767567580586e-11
2.52355013773106115e-07
-2.49409277828376267e-11
2.52538994809949064e-07
3.26556806596067395e-12
2.52704056682576129e-07
1.64654833612521324e-11
2.5285488672750472e-07
2.09339634680929968e-11
2.53001688575167172e-07
2.14454506259634853e-11
2.53152328733117221e-07
2.18249726779749106e-11
2.53308285223656147e-07
2.30657042165492209e-11
2.53467450013758694e-07
2.40563862811300684e-11
2.53626172500172174e-07
2.38432602066217779e-11
2.53769639648326472e-07
2.27938420823330548e-11
2.53886607549519804e-07
2.03864981398369033e-11
2.53972984498297534e-07
1.48266740582344406e-11
2.54055146049241845e-07
-5.05994317568680564e-12
2.54133457507504403e-07
-2.35850555035580252e-11
2.54213201749021087e-07
-4.14083088186802798e-11
2.54302105681067648e-07
-5.69183406471908744e-11
2.54399564185489848e-07
-6.68476192033821115e-11
2.54483668137069152e-07
-5.95990447770791201e-11
2.54552505084798845e-07
-1.64930658179320399e-11
2.5461577388137368e-07
4.01614252360299734e-11
2.54665098874841194e-07
9.4845305767688592e-11
1.23575486013436612e-10
2.27372476639691364e-07
-7.97350719285056262e-10
2.28158649979003429e-07
-7.86529881942363548e-10
2.28933355564736023e-07
-7.74815451301186966e-10
2.29695051462334107e-07
-7.61679958179919372e-10
2.30441951480946632e-07
-7.46938700426919812e-10
2.31172947144166564e-07
-7.31400953778308097e-10
2.31888627718915286e-07
-7.15756482779376957e-10
2.32588413434255879e-07
-6.99933926153877861e-10
2.33272008780167083e-07
-6.8358757390847011e-10
2.33938829364075595e-07
-6.66896032914953086e-10
2.34589000599029678e-07
-6.50184473560532235e-10
2.35222608111571387e-07
-6.33716220360829391e-10
2.35840013066521144e-07
-6.17479919081740988e-10
2.36441387185102077e-07
-6.01482063361256536e-10
2.37027108609266819e-07
-5.85801369594668354e-10
2.37597548659408171e-07
-5.70548714631384872e-10
2.38153150665863998e-07
-5.55799003697236958e-10
2.38694440823338724e-07
-5.41589097801060604e-10
2.39221948309252754e-07
-5.27942105507316288e-10
2.39736214173333943e-07
-5.14889423670543625e-10
2.40237853633679251e-07
-5.02498149512969602e-10
2.40727514179829589e-07
-4.90799284038437611e-10
2.41205851901825879e-07
-4.7981282927355966e-10
2.416735265088552e-07
-4.69554238740929948e-10
2.4213119654205165e-07
-4.60031066360093171e-10
2.42579509269213287e-07
-4.51238380747057733e-10
2.43019090254738061e-07
-4.43155222007015777e-10
2.43450534370059752e-07
-4.35742767578712036e-10
2.43874397180968524e-07
-4.28944399320051618e-10
2.44291186143269151e-07
-4.22686868000204874e-10
2.44701352021849845e-07
-4.16882213739169646e-10
2.45105282559988239e-07
-4.11430254215760343e-10
2.45503301099287222e-07
-4.06218756240418287e-10
2.45895676668238092e-07
-4.01118638292484352e-10
2.46282688405043177e-07
-3.9598345371075221e-10
2.46664743336384431e-07
-3.90709450852676613e-10
2.47042568123290428e-07
-3.85426001476789845e-10
2.47417680530490729e-07
-3.80793195138654289e-10
2.47792054436757991e-07
-3.77448268493274199e-10
2.48164702655391879e-07
-3.72642177183831044e-10
2.48534775177667887e-07
-3.62875325202249796e-10
2.48896898581539505e-07
-3.46537762643014032e-10
2.49231466741117552e-07
-3.1268387645909138e-10
2.49504944984209819e-07
-2.55536621956268724e-10
2.49782633004104112e-07
-2.78452350365417664e-10
2.50067081216805456e-07
-3.04701224994214254e-10
2.5035728230169642e-07
-3.26612678023165224e-10
2.50653049268188399e-07
-3.44148241311908568e-10
2.50950525481643798e-07
-3.50249806220613112e-10
2.51242781185368814e-07
-3.43812953659472243e-10
2.51505727083742671e-07
-3.10465340274559896e-10
2.51741044393148944e-07
-2.75894145974344753e-10
2.51933836534979497e-07
-2.32418578727827901e-10
2.52081951385601533e-07
-1.73055620974962865e-10
2.52258175644950746e-07
-1.72958599864171214e-10
2.52443312473448695e-07
-1.68671648804764217e-10
2.52622362997936512e-07
-1.58117535579974246e-10
2.52797033902176722e-07
-1.53227045480840443e-10
2.52973269353885463e-07
-1.54413216279535667e-10
2.53155344997817593e-07
-1.59014695305954571e-10
2.53343974109664224e-07
-1.64581497404975266e-10
2.53532302536054919e-07
-1.64500280925540615e-10
2.53710420001726625e-07
-1.55349033743750132e-10
2.53867619450902453e-07
-1.36852753755149625e-10
2.53993186230569174e-07
-1.10790114878812206e-10
2.54083649609155349e-07
-9.55945343722451274e-11
2.54149189880855031e-07
-8.92469505996353485e-11
2.54199584601211823e-07
-9.20235352793097875e-11
2.54240035960483905e-07
-9.77528584502722966e-11
2.54262842869387934e-07
-9.02932387110267226e-11
2.54264004841966123e-07
-6.229863465652849e-11
2.54297053791001715e-07
-5.01199312463873674e-11
2.54401004288934576e-07
-6.4912049836052382e-11
2.54566105479030101e-07
-7.1467660475325296e-11
-3.89248248030821134e-11
2.27591532991882027e-07
-1.59167056649965765e-09
2.28374095987144721e-07
-1.56909361115828319e-09
2.29145463182149317e-07
-1.54618338664006197e-09
2.29903998597232937e-07
-1.52021600621653705e-09
2.30648048221889946e-07
-1.49098893789160086e-09
2.31376707444243387e-07
-1.46006079203935489e-09
2.32090096628276379e-07
-1.42914626808858382e-09
2.32787821155377863e-07
-1.39765904814296672e-09
2.3346948244203125e-07
-1.36524940493165601e-09
2.34134552131618426e-07
-1.33196629077552103e-09
2.34783101533996266e-07
-1.29873441230692848e-09
2.35415243819529472e-07
-1.26585901912904022e-09
2.36031214251738787e-07
-1.23345084589529052e-09
2.36631179883878785e-07
-1.20144817082481564e-09
2.37215475631017893e-07
-1.17009757404679736e-09
2.37784519076964441e-07
-1.13959259954985968e-09
2.3833879628141717e-07
-1.11007662913591849e-09
2.38878809369738299e-07
-1.08160258732033789e-09
2.39405092997935713e-07
-1.05422611587984115e-09
2.39918229535389013e-07
-1.02802632316308341e-09
2.40418818571043863e-07
-1.00308752746145245e-09
2.40907485459003224e-07
-9.79466493528121362e-10
2.41384868790066631e-07
-9.57196460400458516e-10
2.41851616030427644e-07
-9.36301756920580645e-10
2.42308380761135657e-07
-9.16796055099230429e-10
2.42755813784021098e-07
-8.9867163858815182e-10
2.43194550761625276e-07
-8.81892411613321719e-10
2.43625200186630287e-07
-8.66392384409511039e-10
2.44048332313757947e-07
-8.52076695291243241e-10
2.44464468369591353e-07
-8.38823069620124987e-10
2.4487407159003695e-07
-8.26485559545077317e-10
2.45277545194173752e-07
-8.14903958875911498e-10
2.4567524113869313e-07
-8.03914778000863859e-10
2.46067482182921745e-07
-7.93359735516177966e-10
2.46454606517639429e-07
-7.8310781584353344e-10
2.46837020367723467e-07
-7.7312330537091053e-10
2.47215175011378385e-07
-7.6358063282528985e-10
2.47589287042420697e-07
-7.54905208584591913e-10
2.47959157914158261e-07
-7.47319134660355643e-10
2.48325952023738344e-07
-7.39436308414162608e-10
2.48692137117360817e-07
-7.29060480908965853e-10
2.4905752264262229e-07
-7.11923422079498758e-10
2.49425535683725769e-07
-6.80697108571641254e-10
2.49803476816381826e-07
-6.3347801072095521e-10
2.50117094873079752e-07
-5.92070684043705443e-10
2.50374756500576016e-07
-5.62363007425927028e-10
2.50599606352695236e-07
-5.51462488270021236e-10
2.50817952742593362e-07
-5.62494546414452346e-10
2.51039805403809813e-07
-5.72102483555131597e-10
2.51290864471869329e-07
-5.94872028723940915e-10
2.51577545824829482e-07
-5.97146840245728721e-10
2.51872020507308004e-07
-5.70369218685796335e-10
2.52170277509131718e-07
-5.3067618944971795e-10
2.52468367381548786e-07
-4.71146218465757276e-10
2.52697979042299668e-07
-4.02571017847396181e-10
2.52870466110308476e-07
-3.41159578570922634e-10
2.53004447479953472e-07
-2.92100390732194361e-10
2.53118762578205642e-07
-2.67544953696592262e-10
2.53233369038984523e-07
-2.69024572738309512e-10
2.53360397635990028e-07
-2.86052016483269091e-10
2.53500880347916615e-07
-3.05078916350347918e-10
2.53653425992288015e-07
-3.17071244841060384e-10
2.53813980138366808e-07
-3.15945126969388646e-10
2.53968367352195343e-07
-2.91310452274051273e-10
2.54101788617578293e-07
-2.44299647606872775e-10
2.54187327807269217e-07
-1.81254329089588396e-10
2.5423862348966976e-07
-1.40724061686756588e-10
2.54276806405699644e-07
-1.30469389234034979e-10
2.54318575989352147e-07
-1.39827172549449752e-10
2.5438058663601204e-07
-1.52636331437523547e-10
2.54485725070294313e-07
-1.67898115738000604e-10
2.54619626162712124e-07
-1.84676268157384004e-10
2.54754752509769264e-07
-2.00820373279413946e-10
2.5485288596457774e-07
-1.70587717443963289e-10
-7.22404354228341529e-11
2.27811574050991217e-07
-2.39567832980787319e-09
2.28605705743856755e-07
-2.36322613136838363e-09
2.29388337947371723e-07
-2.32881624839587167e-09
2.30157246122917987e-07
-2.28912460534459868e-09
2.30910381049913508e-07
-2.24412447008158664e-09
2.31647376428068452e-07
-2.1970569521369865e-09
2.32368242597299984e-07
-2.15001303000239444e-09
2.33072807578408068e-07
-2.1022244247937462e-09
2.33760370109531487e-07
-2.05281243390759536e-09
2.34430741032132225e-07
-2.00233774034058479e-09
2.35084011580521815e-07
-1.95200548204188985e-09
2.35720466173048664e-07
-1.90231411849055003e-09
2.36340244594898922e-07
-1.85322975749488247e-09
2.36943580364527874e-07
-1.80478441458705383e-09
2.37530793932294068e-07
-1.7573115970491133e-09
2.38102345248598986e-07
-1.71114435285493581e-09
2.38658724851212285e-07
-1.66645664978710214e-09
2.39200443320648918e-07
-1.62332145628331809e-09
2.39728057187430586e-07
-1.58184036227093973e-09
2.40242169412991155e-07
-1.54213890883976454e-09
2.40743408363042025e-07
-1.50432681591097286e-09
2.41232417728386795e-07
-1.46847617604596565e-09
2.41709851333759834e-07
-1.43463036127014554e-09
2.42176370660414678e-07
-1.40282135794536688e-09
2.42632641109970441e-07
-1.37306675686265669e-09
2.43079324407080924e-07
-1.34535516456086208e-09
2.43517067362257146e-07
-1.31963557436648702e-09
2.43946489781952157e-07
-1.29581498845664186e-09
2.44368173370089342e-07
-1.27376044813648563e-09
2.44782649913404993e-07
-1.25329975653215134e-09
2.45190389217298595e-07
-1.23422498657493998e-09
2.45591793950828322e-07
-1.21630879397923371e-09
2.45987202365124043e-07
-1.19932327253544283e-09
2.46376887485728976e-07
-1.18304491747352538e-09
2.46761038067903376e-07
-1.16725843830845829e-09
2.47139684883534343e-07
-1.15177014742847403e-09
2.47512486357908626e-07
-1.13638213002255508e-09
2.47878298903443476e-07
-1.1207177827972569e-09
2.48234759240918827e-07
-1.10377952129516303e-09
2.48578818926438759e-07
-1.08349607187461533e-09
2.48907119159868365e-07
-1.05736082359869153e-09
2.49218749919782614e-07
-1.02355431161936716e-09
2.49521030185120961e-07
-9.82977537613778788e-10
2.49830191368679838e-07
-9.4263939380355899e-10
2.50152726872366844e-07
-9.14606508805453353e-10
2.50490039972587844e-07
-8.99676680077211764e-10
2.50828146361803163e-07
-8.89569846631971196e-10
2.51156380930663665e-07
-8.90730473018219834e-10
2.51490465829874737e-07
-9.06189213896380557e-10
2.51773340581278507e-07
-8.77748706157263845e-10
2.52022254922280046e-07
-8.46062732239765975e-10
2.52253075045672847e-07
-8.01190899279238736e-10
2.52456624232621619e-07
-7.34227586934699406e-10
2.5266150823703974e-07
-6.76032918354704128e-10
2.52866688493485118e-07
-6.07754958918720116e-10
2.53049602161960315e-07
-5.24078330723019568e-10
2.53205474168778642e-07
-4.47979753249421108e-10
2.53344913146601496e-07
-4.06993669163783286e-10
2.53482133391922647e-07
-4.06259478396642122e-10
2.53627821600258486e-07
-4.31761969678269242e-10
2.53788678521893812e-07
-4.65969339469923898e-10
2.53955161551765046e-07
-4.83605284915795737e-10
2.54103429809204803e-07
-4.64292628008274441e-10
2.54222479232588103e-07
-4.10438671484679961e-10
2.54311401571433896e-07
-3.33298261329936781e-10
2.54376870032420458e-07
-2.46813812615010132e-10
2.54416142076911921e-07
-1.80115793655248992e-10
2.54452894199072722e-07
-1.67382428554558375e-10
2.54501112043511043e-07
-1.88243505790337227e-10
2.54570570361654308e-07
-2.22361649636054984e-10
2.54651349497841011e-07
-2.49035712764923284e-10
2.54726851866050707e-07
-2.60634669251920269e-10
2.54765598871901852e-07
-2.40166408467820219e-10
2.54794685538056049e-07
-2.00513721203244852e-10
-1.76380303809428945e-10
2.28395176258868758e-07
-3.19546547009667737e-09
2.29184530643962131e-07
-3.15258117161547084e-09
2.29964671760664603e-07
-3.10895798504303159e-09
2.30731424426662175e-07
-3.0558778263345266e-09
2.3148183298106991e-07
-2.99453362430143844e-09
2.32215872654537701e-07
-2.93109727137721393e-09
2.3293392962604988e-07
-2.86807057894138511e-09
2.33635400946621823e-07
-2.8036962492546476e-09
2.34319319509907999e-07
-2.73673150922945213e-09
2.34985446069309013e-07
-2.6684648189815447e-09
2.35634003134469672e-07
-2.60056306145721425e-09
2.36265227880844949e-07
-2.53353936786386956e-09
2.36879256262757073e-07
-2.46725862638179694e-09
2.37476310432649965e-07
-2.40183905653805103e-09
2.3805675208814508e-07
-2.33775370659320609e-09
2.38621040004395376e-07
-2.27543270494740395e-09
2.39169657955351537e-07
-2.215075016361196e-09
2.39703117246202501e-07
-2.15678114475526218e-09
2.40221966864307232e-07
-2.10069035692673788e-09
2.40726799886112924e-07
-2.04697228728938464e-09
2.41218239162873957e-07
-1.99576642659112546e-09
2.4169692595761862e-07
-1.94716328455399101e-09
2.42163519204369832e-07
-1.90122389909606424e-09
2.42618693348640358e-07
-1.85799577343265972e-09
2.4306313330062003e-07
-1.81750695644890263e-09
2.4349752600544113e-07
-1.77974809883004008e-09
2.43922547401407436e-07
-1.74465717861802553e-09
2.44338847475405582e-07
-1.71211525450844517e-09
2.44747036623001798e-07
-1.68194977290485356e-09
2.45147668405239308e-07
-1.65393170624752872e-09
2.45541223879702005e-07
-1.62778062363522657e-09
2.45928113488454165e-07
-1.60319856533836787e-09
2.46308690210014142e-07
-1.57990017030218213e-09
2.4668325425901498e-07
-1.55760917005388977e-09
2.47052062899681968e-07
-1.53606733210139604e-09
2.47415373845979475e-07
-1.51508142601665496e-09
2.47773559216349308e-07
-1.4945679559921188e-09
2.48127386360693926e-07
-1.47454557124323297e-09
2.48478512792755726e-07
-1.45490687171759237e-09
2.48830061237252865e-07
-1.43504581442178854e-09
2.49186094699993893e-07
-1.41339609160987571e-09
2.49548774694558607e-07
-1.38623680291642809e-09
2.49911687907750728e-07
-1.3458942080257843e-09
2.50249937200120948e-07
-1.28089365603842326e-09
2.50521246417527914e-07
-1.18592131362779167e-09
2.50708079167209035e-07
-1.08651470694374475e-09
2.50858586061594717e-07
-1.04008308825493398e-09
2.51007034057009086e-07
-1.03918538392789868e-09
2.51198149405605573e-07
-1.09731285123894004e-09
2.51484046765405585e-07
-1.16365763994744417e-09
2.51803811598609115e-07
-1.16584403389746612e-09
2.52132202811907671e-07
-1.12960102673345709e-09
2.52464124092899348e-07
-1.0661703505142203e-09
2.52736674039983903e-07
-9.48610011281651361e-10
2.52933273881155183e-07
-8.0438828045900277e-10
2.53057782169377438e-07
-6.48638601246563059e-10
2.53132506569801475e-07
-5.22776272929051779e-10
2.53191504736857581e-07
-4.66072871566403377e-10
2.53257901672805829e-07
-4.72698412340175824e-10
2.53346588105536533e-07
-5.2049732421211159e-10
2.53462215274201171e-07
-5.81679711268912381e-10
2.53624007689125301e-07
-6.45512432993940157e-10
2.53812596956556704e-07
-6.52957704392998426e-10
2.54001082928067298e-07
-5.98991450405934402e-10
2.54127658453448276e-07
-4.59955199935516982e-10
2.54170147862656426e-07
-2.89399328804186727e-10
2.54165588964397715e-07
-1.75690453001037219e-10
2.54147466670975299e-07
-1.49419983258054614e-10
2.54147605960618296e-07
-1.88568373240997533e-10
2.54188686819678627e-07
-2.63719425643887747e-10
2.54285560966973259e-07
-3.46225343256288946e-10
2.54418651123879576e-07
-3.94121301159620034e-10
2.54570568796702704e-07
-3.92606173588593997e-10
2.54695129130093974e-07
-3.25806749792830271e-10
-2.33027594887854378e-10
2.29005866560579186e-07
-3.99935884262010321e-09
2.29802401343858909e-07
-3.94911656948726458e-09
2.30588192809530413e-07
-3.89475005935824834e-09
2.31356615549239223e-07
-3.82430115338298763e-09
2.32104896769653754e-07
-3.74281544165621831e-09
2.328341395209015e-07
-3.66034062258529517e-09
2.33545010076427969e-07
-3.57894170634658437e-09
2.34236597047400389e-07
-3.49528375605685582e-09
2.34908040856632254e-07
-3.40817584436770532e-09
2.35559294136458629e-07
-3.31971861832740176e-09
2.36190688028835152e-07
-3.23195746610252118e-09
2.36802459574520401e-07
-3.14531141225052647e-09
2.37394794712588711e-07
-3.05959425093486122e-09
2.37968022350520317e-07
-2.97506716327924536e-09
2.38522621296198501e-07
-2.89235310480152124e-09
2.39059146728721606e-07
-2.81195857071030983e-09
2.39578162989010368e-07
-2.7340916926126176e-09
2.40080259299649714e-07
-2.65887785032673672e-09
2.40566064110723146e-07
-2.58649554407082886e-09
2.41036236689426636e-07
-2.51714522121239029e-09
2.41491453712443863e-07
-2.45098378693010969e-09
2.41932404864770223e-07
-2.3881147536884788e-09
2.42359793520871421e-07
-2.32861285767495102e-09
2.42774335412184494e-07
-2.27253795319561446e-09
2.43176755862059119e-07
-2.21992768995167368e-09
2.43567783302031681e-07
-2.17077582566636692e-09
2.43948135836203282e-07
-2.12501001985369571e-09
2.4431850821164494e-07
-2.08248797610852427e-09
2.44679564730368292e-07
-2.04300671315288409e-09
2.45031909794802521e-07
-2.00627730952261053e-09
2.45376051557524934e-07
-1.97192310529159195e-09
2.45712404971200758e-07
-1.93955297162167661e-09
2.46041310263456243e-07
-1.90880686423592432e-09
2.46363011684206964e-07
-1.87931259290382246e-09
2.46677607955398939e-07
-1.85066643991011095e-09
2.46984967127845512e-07
-1.82244456807046004e-09
2.47284620094122941e-07
-1.79422652399680967e-09
2.4757573937536842e-07
-1.76567292225755719e-09
2.47856938436445751e-07
-1.73611817141753105e-09
2.48126079199565783e-07
-1.70420270919760549e-09
2.48380676726896751e-07
-1.66801122583226993e-09
2.48619240773703037e-07
-1.62482240209668357e-09
2.48844650542611665e-07
-1.57133196550838743e-09
2.49070173943621476e-07
-1.50644963586163975e-09
2.49320403022748596e-07
-1.43618771691589757e-09
2.49600079138199706e-07
-1.36624184115933929e-09
2.49866473220438701e-07
-1.30654404447314431e-09
2.50158262505015237e-07
-1.33103976035119003e-09
2.50387181913691051e-07
-1.32630433839434933e-09
2.50557494300572398e-07
-1.33407132104963741e-09
2.50715957016612072e-07
-1.32444170442853842e-09
2.50844951191220601e-07
-1.25874359461406599e-09
2.50982314230322517e-07
-1.20375837397512683e-09
2.51162259520647035e-07
-1.1288607747287344e-09
2.513529289284737e-07
-9.95403398489656858e-10
2.51493687494408438e-07
-7.89570524580469457e-10
2.51559727557924323e-07
-5.88967128253549501e-10
2.51588030764121014e-07
-4.94627643896813341e-10
2.51620862853763924e-07
-5.05965954286188248e-10
2.51692660397015102e-07
-5.9266286694557527e-10
2.51823105891243172e-07
-7.12301968665428969e-10
2.51952719053225637e-07
-7.75288830380620621e-10
2.52078392831213556e-07
-7.78817692523047127e-10
2.52183751647057601e-07
-7.04564404434265715e-10
2.52290108816077611e-07
-5.66654327995580962e-10
2.52317021647571742e-07
-3.16711491265732133e-10
2.5227103398054192e-07
-1.30001930382888573e-10
2.52249641228347874e-07
-1.28351300808782696e-10
2.52244963896316439e-07
-1.84263296718298061e-10
2.52263984093607209e-07
-2.83273115110293177e-10
2.5232717182267063e-07
-4.1004432664558075e-10
2.5241486952286857e-07
-4.8251218500945864e-10
2.52501702469189017e-07
-4.8034551636260881e-10
2.52606817782167301e-07
-4.31984876533826373e-10
-3.25467111548299262e-10
2.29815095213780472e-07
-4.74712427502828023e-09
2.30552341291257895e-07
-4.68636325358361746e-09
2.31276878467537167e-07
-4.61928783999493432e-09
2.31978666807402971e-07
-4.52609008787597908e-09
2.32654864149377381e-07
-4.41901337603906568e-09
2.3330727232464742e-07
-4.31274938284543529e-09
2.33936380302311948e-07
-4.20805025154276281e-09
2.34541147040443136e-07
-4.10005104118611103e-09
2.35121185838550535e-07
-3.98821517583113724e-09
2.35677070824657264e-07
-3.87560412690364721e-09
2.36209455446179109e-07
-3.76434259863339325e-09
2.36718750444339492e-07
-3.65460690767286109e-09
2.3720536673318345e-07
-3.54621102318795025e-09
2.37669906000206398e-07
-3.4396068967479048e-09
2.38113106323662192e-07
-3.33555387947555016e-09
2.38535716186220288e-07
-3.23456886722137134e-09
2.3893849012438157e-07
-3.13686604917026436e-09
2.39322206258980916e-07
-3.04259438979613746e-09
2.39687669460911085e-07
-2.95195914304373029e-09
2.40035696064539598e-07
-2.86517222014617967e-09
2.40367101610116555e-07
-2.78238974084783037e-09
2.40682700204990611e-07
-2.70371379083972614e-09
2.40983305198134244e-07
-2.62921836294468014e-09
2.41269730113959246e-07
-2.55896350341572519e-09
2.41542792091926627e-07
-2.49299050657880465e-09
2.41803308468846914e-07
-2.43129337452665461e-09
2.42052076046562447e-07
-2.37377930136764701e-09
2.42289853080946628e-07
-2.32026754434081234e-09
2.42517374080345979e-07
-2.27053147552358059e-09
2.42735314669789143e-07
-2.22422341634068359e-09
2.42944237663589216e-07
-2.18085417661153773e-09
2.43144619371559915e-07
-2.13994663672843467e-09
2.43336878940617923e-07
-2.1010845980263038e-09
2.43521385937957852e-07
-2.06384861469463035e-09
2.43698544730801185e-07
-2.02786245266746931e-09
2.43868818290316069e-07
-1.99275894715144198e-09
2.44032919735050635e-07
-1.95838614308460331e-09
2.44192365123642902e-07
-1.92519825072801592e-09
2.44350051235887996e-07
-1.89390028798553034e-09
2.44510622008751905e-07
-1.86490652514498041e-09
2.44680520515238308e-07
-1.83808570513720404e-09
2.4486595026098146e-07
-1.81046124579881063e-09
2.45064829936161294e-07
-1.7704461431173875e-09
2.45244659409428202e-07
-1.68657376372697547e-09
2.45321715742317232e-07
-1.51364572858034925e-09
2.45231401792094476e-07
-1.27647207730577369e-09
2.45079653822202686e-07
-1.15521601328873516e-09
2.44915370239901315e-07
-1.16716039929605488e-09
2.44962846874130741e-07
-1.3743562390932198e-09
2.45158811003390866e-07
-1.53092210691576342e-09
2.45384666111975403e-07
-1.55281470993769244e-09
2.45640255754109985e-07
-1.51434114739564699e-09
2.45836834778564455e-07
-1.40116351609895741e-09
2.45968803816830476e-07
-1.26194618880494193e-09
2.46018830637036241e-07
-1.04659974469433183e-09
2.4597756468974564e-07
-7.49491587111624489e-10
2.45868220675222868e-07
-4.8119655709302256e-10
2.45746214668387999e-07
-3.73845067427780521e-10
2.45625848232585225e-07
-3.86289483807251515e-10
2.45527674874185312e-07
-4.95165059514859371e-10
2.45502797131146167e-07
-6.88532465232181553e-10
2.4564518211199721e-07
-9.18915825352238506e-10
2.45845950715755831e-07
-9.8063178905710578e-10
2.46052347318071566e-07
-9.12787548444015524e-10
2.46168857398242092e-07
-6.85243923721741166e-10
2.46118982189108201e-07
-2.68044258869351936e-10
2.45984819865771057e-07
2.42215012437742845e-12
2.45780235126420753e-07
7.49509057295507427e-11
2.45640098794616384e-07
-4.56476015922863182e-11
2.45610734124752339e-07
-2.5581849400110431e-10
2.45669214759416663e-07
-4.71031461889668949e-10
2.45831813933492337e-07
-6.48027660427567284e-10
2.46024856177324086e-07
-6.77400453157177271e-10
2.46147233713774004e-07
-5.58371547186236252e-10
-3.76841717575090746e-10
2.29196939285674436e-07
-5.29006308446933409e-09
2.29722057115871453e-07
-5.21148169119830115e-09
2.30217841072344273e-07
-5.11507239759098178e-09
2.30676781344858739e-07
-4.98503095554055872e-09
2.31100905688228112e-07
-4.84313830623851694e-09
2.31493337252730146e-07
-4.70518152847139098e-09
2.31854426859729537e-07
-4.56914042156176085e-09
2.32183983666642962e-07
-4.42960839940341902e-09
2.32483036024515836e-07
-4.2872680679674515e-09
2.32753275984257961e-07
-4.14584461130511925e-09
2.32996172722639322e-07
-4.00723984605422715e-09
2.33212959859966209e-07
-3.87139454387290488e-09
2.33404896108182318e-07
-3.73814775538279188e-09
2.33573328447481466e-07
-3.60803971289301956e-09
2.33719586819430881e-07
-3.48181272205686329e-09
2.33844914509168968e-07
-3.35989704042204616e-09
2.33950492140922313e-07
-3.24244419420531848e-09
2.34037467388606586e-07
-3.12957023033619926e-09
2.34106948333595896e-07
-3.02144082578085159e-09
2.34159986198615041e-07
-2.91821109678714772e-09
2.34197575608688157e-07
-2.81998062610783039e-09
2.34220664239058177e-07
-2.72680468586401354e-09
2.34230149116490944e-07
-2.6387067726428749e-09
2.34226884244500507e-07
-2.5557041106155544e-09
2.34211698450577161e-07
-2.47781321325713014e-09
2.34185403979714764e-07
-2.40501231392632683e-09
2.34148771907875778e-07
-2.33716889242040318e-09
2.34102561337227359e-07
-2.27409331558939011e-09
2.34047555552037768e-07
-2.2155783693196976e-09
2.33984439463510183e-07
-2.16117089280281044e-09
2.33913702311792739e-07
-2.11020425990629074e-09
2.33835759854788728e-07
-2.06212852201886603e-09
2.33751022191333004e-07
-2.01652298254892192e-09
2.33659700549421555e-07
-1.97277722232922884e-09
2.33561881628017308e-07
-1.93039931669448302e-09
2.3345686177055463e-07
-1.88824508987376957e-09
2.33344022812478875e-07
-1.84624995058133126e-09
2.33222970714874043e-07
-1.80495087960040771e-09
2.33092383678194949e-07
-1.76433603691098734e-09
2.32950644389310065e-07
-1.72466750142978213e-09
2.32798183271654974e-07
-1.6871260093876398e-09
2.32637851843860025e-07
-1.65188950149726227e-09
2.32477331761890897e-07
-1.61272653241013477e-09
2.32336623793248771e-07
-1.54982898734725603e-09
2.32266196976976027e-07
-1.44636208839313751e-09
2.32271320971636654e-07
-1.28244039979483511e-09
2.32220363135478676e-07
-1.10556213602537035e-09
2.32142029400579683e-07
-1.09140502627820759e-09
2.31884845042921074e-07
-1.12106121921044609e-09
2.31619604114601915e-07
-1.26995537076814564e-09
2.31373926028345098e-07
-1.31170104629269752e-09
2.31149001893489294e-07
-1.29688194595829479e-09
2.31004103546631917e-07
-1.27028965840003117e-09
2.30990053674885928e-07
-1.25221947755164837e-09
2.31104843780179433e-07
-1.16450749339302532e-09
2.31109054794193727e-07
-7.55639383398916898e-10
2.3088730736857741e-07
-2.61535404081621858e-10
2.30617177688813003e-07
-1.06455173435463713e-10
2.30307738600790546e-07
-7.92747708797102798e-11
2.30159771178291178e-07
-3.51491317692461167e-10
2.30086068050455921e-07
-6.22145471537099223e-10
2.29924739314160783e-07
-7.63798823009539603e-10
2.29862061329933633e-07
-9.26023965721413428e-10
2.29904355593443283e-07
-9.67299028936563556e-10
2.29948335086774912e-07
-7.37677028349703731e-10
2.29914786174889165e-07
-2.3875385511231338e-10
2.29852212990960958e-07
5.69267524780517966e-11
2.29659706453954919e-07
2.60098238811842606e-10
2.2936072261232865e-07
2.47139667297164358e-10
2.29180628853530186e-07
-8.38769153931305964e-11
2.2909481617388506e-07
-3.9598442503443447e-10
2.29018229041573201e-07
-5.85175451775446546e-10
2.29024907243340927e-07
-7.02924372035053024e-10
2.29113117129157035e-07
-6.65330157587223348e-10
-4.63915133355974631e-10
2.22924630234030545e-07
-5.14785767873116496e-09
2.22745543069432837e-07
-5.03239513001203106e-09
2.22524320457444389e-07
-4.89385038303527686e-09
2.22264479032034099e-07
-4.72519011889144813e-09
2.21972856185293598e-07
-4.55151604135050031e-09
2.2165273319449829e-07
-4.3850591092939506e-09
2.21305781669973557e-07
-4.22218945791623645e-09
2.2093464692823016e-07
-4.05847420425188169e-09
2.20542553813955157e-07
-3.89517548868283994e-09
2.20132134799941527e-07
-3.73542611929097374e-09
2.19705423764507394e-07
-3.58052932673665456e-09
2.19264307209997996e-07
-3.43027850628379478e-09
2.18810721721911073e-07
-3.28456280911358042e-09
2.1834650811322544e-07
-3.14382672208941372e-09
2.17873267478492297e-07
-3.00857290281937127e-09
2.17392378161075796e-07
-2.87900892536582728e-09
2.16905076530129156e-07
-2.75514452932713011e-09
2.16412485396266105e-07
-2.63698247622035454e-09
2.15915594162147327e-07
-2.52455546673661377e-09
2.15415243024662167e-07
-2.41787008724519019e-09
2.14912145029743624e-07
-2.31689990704403776e-09
2.14406914655024449e-07
-2.22160384217216513e-09
2.13900077980421622e-07
-2.13192179552877112e-09
2.13392094941933042e-07
-2.04778869471082272e-09
2.12883337838698374e-07
-1.96915050432366616e-09
2.12374141235968664e-07
-1.8959678282738648e-09
2.11864646288100083e-07
-1.8279107991167841e-09
2.11355037645396308e-07
-1.76483947140570969e-09
2.10845658658461401e-07
-1.70671657255998306e-09
2.1033673418412707e-07
-1.65299660298548667e-09
2.09828278801662204e-07
-1.60282590112825189e-09
2.09320098744688639e-07
-1.55545731588142387e-09
2.08812110982073245e-07
-1.51061690916717966e-09
2.08303752195776747e-07
-1.46727354100354616e-09
2.07794398876289891e-07
-1.42499496919119652e-09
2.07285557044501366e-07
-1.38509130119845693e-09
2.06780815734278642e-07
-1.34745134465714359e-09
2.06281019648774333e-07
-1.31082988025773707e-09
2.05785024565251258e-07
-1.27551287939360618e-09
2.05293805089321761e-07
-1.2440615750843497e-09
2.04820245375402904e-07
-1.22077943775121478e-09
2.04373207289823953e-07
-1.21403614480024722e-09
2.03982593802977665e-07
-1.23121674676455729e-09
2.03679405141689918e-07
-1.25849993952692909e-09
2.03330644876487315e-07
-1.11408034372860285e-09
2.02595800077848137e-07
-5.6194478319397246e-10
2.01672822329724831e-07
-1.96344975831748692e-10
2.00770883205906448e-07
-2.09100566911897696e-10
2.00277730005654092e-07
-6.54891594297055579e-10
2.00117006924767609e-07
-1.14380475967080344e-09
1.99930070504277048e-07
-1.14734885162708083e-09
1.996939928620652e-07
-1.07450206935306812e-09
1.99392371683526007e-07
-9.82276941041877057e-10
1.99066503769620901e-07
-9.42893886659294195e-10
1.98795099556741776e-07
-9.14421788630404845e-10
1.98473899089835585e-07
-4.5515511411442355e-10
1.98001006311798674e-07
1.93071162757430802e-10
1.97443785744318918e-07
4.2926346465726242e-10
1.96905226271884448e-07
4.41890557994345326e-10
1.96136824373420564e-07
4.00424748756562213e-10
1.95706805068997346e-07
-2.17128601533795279e-10
1.95777470693113936e-07
-8.59009376148840673e-10
1.95760205613762406e-07
-9.41065794351883643e-10
1.95724339804562422e-07
-9.77333707436951464e-10
1.95781997224190683e-07
-8.32515560864573733e-10
1.95569747944210449e-07
-6.30400158270161185e-11
1.95194821674495599e-07
4.0105588618423362e-10
1.94849737708559392e-07
5.74543595210070428e-10
1.94397595812129265e-07
6.71020372952470049e-10
1.9378741981832856e-07
4.92320230868186543e-10
1.93615193046728653e-07
-2.67901445785215828e-10
1.93722895496170761e-07
-7.48489614721910262e-10
1.93692783372659073e-07
-7.47491969750595282e-10
1.93664125994681229e-07
-7.11077396009564493e-10
-4.42602079275713742e-10
1.96341465677297249e-07
-3.54519066017188304e-09
1.94711421546783108e-07
-3.40235159887962277e-09
1.93068884715507229e-07
-3.25131414571124771e-09
1.91436142678262248e-07
-3.09244866784099788e-09
1.8982128396390164e-07
-2.93665790439856498e-09
1.8822374137269883e-07
-2.78751708568208574e-09
1.86644597684083034e-07
-2.64304632743210865e-09
1.8508831650986074e-07
-2.50219357776746377e-09
1.83558984544056837e-07
-2.36584406697525559e-09
1.82058546404051071e-07
-2.2349885389005331e-09
1.80587818247171259e-07
-2.10980179904419451e-09
1.79147602424187611e-07
-1.9900635157575685e-09
1.7773879454578451e-07
-1.87575630240161324e-09
1.7636200650394614e-07
-1.76704134264735816e-09
1.75017416937039315e-07
-1.66398890431111607e-09
1.73704905406109767e-07
-1.56650909681837563e-09
1.72424199618625077e-07
-1.47446267274052485e-09
1.71174913437369457e-07
-1.38774177657437385e-09
1.69956501647083601e-07
-1.30621826024574209e-09
1.6876822779919861e-07
-1.22971910384845789e-09
1.6760924372236424e-07
-1.15811278813034027e-09
1.66478581647815702e-07
-1.09125298348794227e-09
1.65375130171682863e-07
-1.02896100804211114e-09
1.64297610592542131e-07
-9.71044993289299926e-10
1.63244508072683995e-07
-9.17284881709773005e-10
1.62214007106439958e-07
-8.67473544848789395e-10
1.61204447372347027e-07
-8.21727997618477945e-10
1.60215060186726125e-07
-7.79992044473399164e-10
1.59244530318985365e-07
-7.41765016076560613e-10
1.5829039515643608e-07
-7.06372893248836603e-10
1.57349995984417719e-07
-6.72427186973870175e-10
1.56421347664291872e-07
-6.40219639943222051e-10
1.55502123455797754e-07
-6.0908364545176483e-10
1.54590601217116904e-07
-5.78899928655225631e-10
1.53687559883833731e-07
-5.50284911731950498e-10
1.52795809034468638e-07
-5.23049822381285885e-10
1.51914200178949425e-07
-4.96640166170607665e-10
1.51037758001730516e-07
-4.70285040795464613e-10
1.50162073248082125e-07
-4.4333577033437925e-10
1.49285233984251571e-07
-4.1583180476374706e-10
1.4840767025487614e-07
-3.90164109580922573e-10
1.47526789113923123e-07
-3.75370123550629853e-10
1.46634242262346346e-07
-3.93851103878019662e-10
1.45765615013186519e-07
-4.69799078501164661e-10
1.45125208560526737e-07
-5.59832603746039523e-10
1.44719032601371155e-07
-2.75614325805998457e-10
1.44259282517296453e-07
2.28205756554181993e-10
1.43523451527455307e-07
5.00250938522592203e-10
1.42450574565607785e-07
3.90109153247740367e-10
1.41433530120646407e-07
-1.71913269085017673e-10
1.40767717898167333e-07
-5.34978818149628158e-10
1.40144248218981668e-07
-5.05524188779058544e-10
1.39481834066862992e-07
-3.85937191226583021e-10
1.38697351940057749e-07
-2.3909084835336243e-10
1.3795755373217519e-07
-2.45992671431921293e-10
1.37919699613852533e-07
-4.57923612611767425e-10
1.38268020016203685e-07
-1.86039957216946448e-10
1.38308957623186651e-07
3.5761905183661032e-10
1.38227383115271017e-07
4.87001950749373186e-10
1.37828231405086836e-07
7.52475347363862487e-10
1.36921909817025033e-07
6.31343390911000084e-10
1.35982491646197188e-07
-9.49490248699926097e-13
1.35378805085636717e-07
-4.49408262698330269e-10
1.34706009443879802e-07
-4.68616682183882112e-10
1.34378238337709922e-07
-6.48129001134040534e-10
1.34946772614371384e-07
-7.08854239900399859e-10
1.35333746953353732e-07
-4.75497734363140415e-11
1.35369141113038699e-07
4.73056435727267389e-10
1.35355768288220262e-07
6.01705551957477437e-10
1.34976816721632577e-07
7.64474626383939932e-10
1.3414311248300976e-07
4.56439541511820682e-10
1.3351283452463121e-07
-2.52441598654184952e-10
1.33101240689857109e-07
-5.11184525430201625e-10
1.32854606376831228e-07
-6.21373201096839613e-10
-5.16516070951805049e-10
1.14477273918985853e-07
1.11074921729233533e-07
1.07823607001930365e-07
1.04731157758802581e-07
1.01794499287994923e-07
9.90069816420629036e-08
9.636393475595352e-08
9.38617405918475895e-08
9.14958958290879228e-08
8.92609062359036497e-08
8.71511023352413833e-08
8.51610338943859053e-08
8.32852656000274752e-08
8.15181957145241669e-08
7.98541419493922767e-08
7.82874936185811136e-08
7.68127501534561458e-08
7.54244517162546294e-08
7.41171368463885321e-08
7.28857167213992442e-08
7.17253823966851149e-08
7.06309089786609171e-08
6.95969511280697194e-08
6.86182651248122184e-08
6.76894150468710593e-08
6.68045967295919071e-08
6.59571566388325231e-08
6.51395923937406734e-08
6.43437557922106935e-08
6.356044944519101e-08
6.27772964316149377e-08
6.20171193134185094e-08
6.1286503844781476e-08
6.05852201809984605e-08
5.99122568689014351e-08
5.92668780432375096e-08
5.86488844094502614e-08
5.80589606643975538e-08
5.74986435764322642e-08
5.69694921353683423e-08
5.64702414017434416e-08
5.59900506384955299e-08
5.54963779988757333e-08
5.49365045847808777e-08
5.43136208706080154e-08
5.39559636545975586e-08
5.4091818059334354e-08
5.44842717323303499e-08
5.47678664232491965e-08
5.4513005009385593e-08
5.38998755288356067e-08
5.33168062436424409e-08
5.28535889043124178e-08
5.25381670964171456e-08
5.22173428262468449e-08
5.16854784749080829e-08
5.14236303858892177e-08
5.16949094622854841e-08
5.20879373209230947e-08
5.27373946750040274e-08
5.32694152523674137e-08
5.31874440566096216e-08
5.26635948989407977e-08
5.21256650419861415e-08
5.1413857279344753e-08
5.06441276960652634e-08
5.05336836103780787e-08
5.09325359248732874e-08
5.14540953754422974e-08
5.21349167883010555e-08
5.25168216590404818e-08
5.22042218686554648e-08
5.16399333285370079e-08
5.09692337971052746e-08
)
;

boundaryField
{
    reactingWall
    {
        type            calculated;
        value           uniform 0;
    }
    inertWall
    {
        type            calculated;
        value           uniform 0;
    }
    inlet
    {
        type            calculated;
        value           nonuniform List<scalar> 
20
(
-2.13293576638865099e-07
-2.13293514641287124e-07
-2.13293512412940772e-07
-2.13293486543198754e-07
-2.13293484071479031e-07
-2.13293471763462735e-07
-2.13293470103012164e-07
-2.13293464221737203e-07
-2.13293463950387631e-07
-2.13293461786274699e-07
-2.13293461821855245e-07
-2.1329346396701637e-07
-2.13293464221512237e-07
-2.13293470102942919e-07
-2.13293471762702576e-07
-2.13293484070418016e-07
-2.13293486541753054e-07
-2.13293512411338926e-07
-2.13293514639563862e-07
-2.13293576637178312e-07
)
;
    }
    outlet
    {
        type            calculated;
        value           nonuniform List<scalar> 
20
(
5.12008150362994186e-08
1.33183916898145638e-07
1.93427877474119605e-07
2.28902960207226302e-07
2.45942270586694373e-07
2.52568962820967187e-07
2.54638707881040186e-07
2.54936472140492371e-07
2.54801866230619038e-07
2.54710285003460246e-07
2.54726989794317999e-07
2.54884815437412485e-07
2.54897594117079587e-07
2.54750667245974886e-07
2.52697939129078313e-07
2.46194769263181711e-07
2.2918173179554512e-07
1.9356964621743552e-07
1.3281314127167856e-07
5.04081699395825676e-08
)
;
    }
    defaultFaces
    {
        type            empty;
        value           nonuniform List<scalar> 0();
    }
}


// ************************************************************************* //
