/*--------------------------------*- C++ -*----------------------------------*\
  =========                 |
  \\      /  F ield         | OpenFOAM: The Open Source CFD Toolbox
   \\    /   O peration     | Website:  https://openfoam.org
    \\  /    A nd           | Version:  8
     \\/     M anipulation  |
\*---------------------------------------------------------------------------*/
FoamFile
{
    version     2.0;
    format      ascii;
    class       volScalarField;
    location    "0.5";
    object      CH3CHOHCH3;
}
// * * * * * * * * * * * * * * * * * * * * * * * * * * * * * * * * * * * * * //

dimensions      [0 0 0 0 0 0 0];

internalField   nonuniform List<scalar> 
1800
(
0.0800000000000001543
0.080000000000000196
0.0800000000000001127
0.0800000000000001543
0.0800000000000000155
0.0800000000000000849
0.0800000000000000572
0.0800000000000001127
0.080000000000000196
0.0800000000000002237
0.0800000000000001266
0.0800000000000002376
0.0800000000000001266
0.0800000000000003486
0.0800000000000005013
0.0799999999999999184
0.0799999999999999184
0.0800000000000000155
0.0800000000000000711
0.0800000000000001821
0.0800000000000001266
0.0800000000000001266
0.0800000000000001821
0.0800000000000001127
0.0800000000000001404
0.0800000000000001127
0.0800000000000001404
0.0800000000000001266
0.0800000000000001266
0.0800000000000001404
0.0800000000000001127
0.0800000000000001127
0.0799999999999999878
0.0799999999999999878
0.0800000000000000433
0.0800000000000000572
0.0800000000000000988
0.0800000000000000572
0.0800000000000001543
0.0800000000000000711
0.0800000000000001266
0.0800000000000000433
0.0799999999999999878
0.0800000000000001266
0.0800000000000001543
0.0799999999999999739
0.0800000000000001127
0.0800000000000000711
0.0800000000000000294
0.0800000000000001127
0.0800000000000000572
0.0800000000000001266
0.0800000000000001404
0.0800000000000001404
0.0800000000000000988
0.0800000000000002098
0.080000000000000196
0.0800000000000002515
0.080000000000000196
0.0800000000000001404
0.0800000000000000294
0.0800000000000000155
0.0799999999999999323
0.07999999999999996
0.0800000000000000294
0.0800000000000000849
0.0800000000000001543
0.0800000000000000849
0.080000000000000196
0.080000000000000196
0.080000000000000196
0.0800000000000002376
0.0800000000000002792
0.080000000000000196
0.0800000000000000572
0.0800000000000001127
0.0800000000000001543
0.0800000000000001127
0.0800000000000001682
0.0800000000000000572
0.0800000000000000988
0.0800000000000000849
0.0800000000000003209
0.0800000000000002376
0.0800000000000002237
0.0800000000000002792
0.0800000000000000849
0.0800000000000001266
0.0800000000000001682
0.0800000000000000711
0.0799999999999999878
0.0800000000000000572
0.0799999999999999878
0.0800000000000001543
0.0800000000000001127
0.0800000000000002098
0.0800000000000001404
0.0800000000000001543
0.0800000000000001682
0.0800000000000000988
0.0800000000000000294
0.0800000000000001127
0.0800000000000001682
0.0800000000000000572
0.0800000000000000572
0.0799999999999999739
0.0799999999999999739
0.0799999999999998906
0.0799999999999999184
0.0800000000000000572
0.0800000000000001404
0.0800000000000002792
0.080000000000000196
0.0800000000000003347
0.080000000000000307
0.0800000000000003764
0.0800000000000003902
0.0800000000000002653
0.0800000000000002237
0.080000000000000307
0.07999999999999996
0.0799999999999999323
0.0799999999999999045
0.0799999999999997935
0.0799999999999997519
0.0799999999999998629
0.0799999999999997935
0.0799999999999998213
0.0799999999999998629
0.0799999999999999878
0.0800000000000000711
0.0800000000000001266
0.0800000000000002376
0.0800000000000002792
0.0800000000000004319
0.0800000000000000849
0.0800000000000000572
0.0800000000000001682
0.0800000000000000294
0.0799999999999999462
0.0800000000000001127
0.0800000000000001543
0.0800000000000000988
0.0800000000000001821
0.0800000000000001682
0.0800000000000002237
0.0800000000000002931
0.0800000000000003209
0.0800000000000003625
0.0800000000000004735
0.0800000000000000988
0.0800000000000000711
0.0800000000000001127
0.0800000000000001543
0.0800000000000000849
0.0800000000000000988
0.0800000000000001404
0.0800000000000002237
0.0800000000000001266
0.0800000000000000155
0.0799999999999998906
0.0799999999999998768
0.0799999999999999739
0.07999999999999996
0.07999999999999996
0.0800000000000001127
0.0800000000000001127
0.0800000000000001404
0.0800000000000000849
0.0799999999999999878
0.0800000000000000433
0.0800000000000000988
0.0800000000000001127
0.0800000000000002653
0.080000000000000196
0.0800000000000001543
0.0800000000000002376
0.0800000000000002098
0.0800000000000002098
0.0800000000000001821
0.0800000000000001127
0.0800000000000000988
0.0800000000000000017
0.0800000000000000711
0.0800000000000000017
0.0800000000000000849
0.0800000000000001682
0.0800000000000001266
0.0800000000000001682
0.0800000000000001821
0.080000000000000196
0.0800000000000001682
0.0800000000000001543
0.0800000000000001404
0.0800000000000000017
0.0800000000000000711
0.0800000000000000988
0.0800000000000000988
0.0800000000000000017
0.0799999999999999878
0.0800000000000000849
0.0800000000000001543
0.0800000000000001266
0.0800000000000000849
0.0800000000000001543
0.0800000000000000711
0.0800000000000001682
0.0800000000000000294
0.0800000000000001404
0.0800000000000001821
0.0800000000000000017
0.0799999999999999878
0.0800000000000000294
0.0799999999999999878
0.0799999999999999878
0.0799999999999999462
0.0799999999999998074
0.0799999999999999323
0.07999999999999996
0.0800000000000000711
0.0800000000000000017
0.0799999999999999878
0.0800000000000000433
0.0799999999999999462
0.0799999999999999184
0.0799999999999999739
0.0800000000000001543
0.0800000000000001821
0.0800000000000001404
0.0800000000000000433
0.0799999999999998351
0.0799999999999999184
0.0799999999999999323
0.0800000000000000294
0.0800000000000000572
0.0799999999999999323
0.0800000000000000294
0.0799999999999999323
0.0799999999999999184
0.0800000000000000988
0.0799999999999999045
0.0800000000000000294
0.07999999999999996
0.0799999999999999462
0.0800000000000000017
0.0800000000000000711
0.0800000000000000294
0.0800000000000000155
0.0800000000000000433
0.0800000000000002376
0.0800000000000001682
0.080000000000000196
0.0800000000000003209
0.080000000000000196
0.0800000000000000433
0.0799999999999999878
0.0800000000000001821
0.0800000000000002098
0.0800000000000002515
0.0800000000000001543
0.0800000000000002515
0.0800000000000001821
0.080000000000000196
0.0800000000000003625
0.0800000000000004319
0.080000000000000529
0.0800000000000004319
0.0800000000000002515
0.0800000000000001821
0.0799999999999999184
0.0800000000000001266
0.0800000000000001821
0.0800000000000001543
0.0800000000000000711
0.0800000000000000572
0.0800000000000000017
0.0799999999999999739
0.0800000000000001404
0.0800000000000000849
0.0800000000000000849
0.0800000000000001821
0.0800000000000001404
0.080000000000000196
0.0800000000000002376
0.0799999999999948114
0.0800000000000000017
0.0800000000000000711
0.0800000000000000711
0.0799999999999999739
0.0799999999999999462
0.0799999999999998768
0.0799999999999999878
0.0800000000000000017
0.0800000000000000988
0.0800000000000001266
0.080000000000000196
0.0800000000000002931
0.0800000000000003209
0.0799999999999988914
0.079999999999901511
0.0800000000000003486
0.0800000000000004041
0.0800000000000002931
0.0800000000000003347
0.0800000000000003209
0.0800000000000000988
0.0799999999999999739
0.0799999999999999878
0.0799999999999999184
0.0800000000000000711
0.0800000000000000849
0.0800000000000000849
0.0799999999999999462
0.0799999999999988776
0.0799999999999932154
0.0799999999999659039
0.0799999999998443206
0.0799999999993423749
0.079999999997408977
0.0799999999904769665
0.0799999999673543655
0.0799999998956499592
0.0799999996891461868
0.079999999137735936
0.0799999977761401276
0.0799999946799413858
0.0799999882475059959
0.0799999754523252893
0.0799999504023551355
0.0799999022195033993
0.0799998111508657267
0.0799996419376046014
0.0799993327180023167
0.0799987768219178608
0.0799977935146052033
0.0799960819830675546
0.0799931505860984049
0.079988210678949706
0.0799800214552982003
0.0799666698444027463
0.0799452686245999133
0.0799115579475416365
0.079859401305338501
0.0797801747428357744
0.0796620484669128548
0.0794891281587271348
0.0792402971655737642
0.0788871241380124516
0.0784068349662409014
0.0777379371127929486
0.0769350875704142012
0.0759493450951669868
0.0748793468556567116
0.0736346844803855011
0.0723622562588151497
0.0709658073253812416
0.0695932032987557764
0.0681430187411597305
0.0667952124167753292
0.0654236625998046023
0.0641621194719018961
0.0629350396624744346
0.0617898990317614152
0.0606791673140291352
0.0596407294391723269
0.058635252229404862
0.0576972704957231866
0.0567485818322905761
0.0558619082355985147
0.0549050938647557621
0.054033975009004219
0.0531377975752882134
0.0522721716596878244
0.0513279460554246225
0.0500638906032434203
0.0800000000000001821
0.0800000000000002098
0.0800000000000002931
0.080000000000000307
0.0800000000000002515
0.0800000000000002515
0.0800000000000003209
0.0800000000000003625
0.0800000000000004596
0.0800000000000004319
0.0800000000000003209
0.080000000000000307
0.0800000000000003209
0.080000000000000307
0.0800000000000000433
0.079999999999998489
0.0799999999999919664
0.0799999999999648215
0.0799999999998603356
0.0799999999994842614
0.0799999999982187043
0.0799999999942443418
0.0799999999826000452
0.0799999999508031884
0.0799999998700075821
0.079999999679576328
0.0799999992684386624
0.0799999984469576125
0.0799999968332125444
0.0799999937216633872
0.0799999878270889198
0.0799999768436491232
0.0799999566980252319
0.0799999203060196562
0.0799998555391122773
0.0799997419598225956
0.0799995456801128602
0.0799992114251465852
0.0799986505417799171
0.0799977232870631855
0.0799962132974465223
0.0799937917277650928
0.0799899682198439155
0.079984025613399054
0.0799749348472896526
0.079961243960386591
0.0799409195250385951
0.0799110322751962338
0.0798682025523985706
0.0798053603979406445
0.0797235490904480981
0.0796040221255011338
0.0794726721635810041
0.079286457245880182
0.0790893869588352727
0.0788120846887717386
0.078554572993978708
0.0782012181639578641
0.0778567796900864473
0.0774457815646073522
0.0770392769851713788
0.0765226539291535557
0.076049757337096846
0.0755577509181006718
0.0750454524360017333
0.0744219081790826464
0.0739224539021696991
0.0733856052489030991
0.0727211352718689641
0.0721552256922037144
0.0716000799257703879
0.0709000828037509717
0.0702157271287790208
0.0694870325329457333
0.0686505855315410474
0.0800000000000000849
0.0799999999999999739
0.0800000000000000155
0.0800000000000000294
0.0800000000000000711
0.0800000000000000849
0.0800000000000000711
0.0800000000000000988
0.0800000000000000433
0.0800000000000001682
0.080000000000000196
0.0800000000000000988
0.0800000000000001266
0.0800000000000001821
0.0800000000000000711
0.0799999999999999323
0.0799999999999995437
0.0799999999999975869
0.0799999999999904537
0.0799999999999646133
0.0799999999998774886
0.0799999999996019034
0.0799999999987871524
0.0799999999965348985
0.0799999999907222425
0.0799999999767516956
0.0799999999457971789
0.0799999998836001536
0.0799999997612180214
0.0799999995250065266
0.0799999990773480191
0.0799999982431293666
0.0799999967127545258
0.0799999939468204468
0.0799999890192883562
0.0799999803637898715
0.0799999653703288433
0.0799999397556582365
0.079999896598711373
0.0799998248918311061
0.0799997074092738125
0.0799995176376206568
0.0799992154488772117
0.0799987411198851694
0.0799980071786525332
0.0799968872799042552
0.0799952006029266
0.0799926888358258037
0.0799889831634763571
0.0799835464266623331
0.0799760576318775118
0.0799652639929231829
0.0799515864710797219
0.0799314780545471448
0.079909415060984812
0.079877548364372386
0.0798442126106537892
0.0797977478806784768
0.079749362902757151
0.0796900121244830811
0.0796154802401127792
0.0795360102746397735
0.0794531487766248073
0.0793397392377678673
0.0792340964267221615
0.0791236464967313285
0.0789740158108289958
0.0788439774529490073
0.078691654587791246
0.0785151006766428572
0.0783589680380972486
0.0781528782639620972
0.0779404360997127121
0.0777432548102828108
0.0775102303424353434
0.0800000000000001404
0.0800000000000001266
0.0800000000000000572
0.0800000000000000849
0.0800000000000000155
0.0799999999999998074
0.0799999999999999045
0.0799999999999999184
0.0799999999999998906
0.0799999999999998213
0.0799999999999998074
0.0799999999999998351
0.0799999999999997657
0.0799999999999997519
0.0799999999999997657
0.0799999999999998351
0.0799999999999997657
0.0799999999999996964
0.0799999999999992661
0.0799999999999976286
0.079999999999992244
0.0799999999999752992
0.0799999999999247285
0.0799999999997833
0.0799999999994125549
0.0799999999985033378
0.0799999999964391972
0.0799999999922412913
0.0799999999839698939
0.0799999999679925494
0.079999999937709107
0.0799999998812872537
0.0799999997778073485
0.079999999590785742
0.0799999992574590701
0.0799999986713239575
0.0799999976541280605
0.0799999959116561576
0.0799999929650857255
0.079999988046212861
0.0799999799403178363
0.0799999667546771598
0.0799999455835643525
0.0799999120316463169
0.0799998595460960638
0.0799997784915269516
0.0799996548785025796
0.0799994686342180295
0.0799991913809509625
0.0799987836295873861
0.0799981926655829595
0.0799973368477120694
0.0799961355744390756
0.0799943565017014607
0.0799922642233432957
0.0799892778569007423
0.0799857505507192285
0.0799807618123741931
0.0799750410505876697
0.0799683883372193649
0.0799594226895009724
0.0799476915993275056
0.0799370439562634705
0.0799227338139768817
0.0799030629607749981
0.0798867279251701118
0.0798651318787370196
0.0798406284415193179
0.0798136933788092667
0.0797818355650865146
0.0797510930958268416
0.0797133988357284495
0.0796719841826386971
0.0796222689769197772
0.0795610398493967613
0.0800000000000002098
0.0800000000000002098
0.0800000000000001543
0.0800000000000001127
0.0800000000000001266
0.0800000000000000988
0.0800000000000000849
0.0800000000000000988
0.0800000000000000572
0.0800000000000000017
0.0800000000000000294
0.0800000000000000433
0.0800000000000000017
0.0799999999999999739
0.0799999999999999184
0.0799999999999999045
0.0800000000000000017
0.0799999999999999045
0.07999999999999996
0.0799999999999998629
0.0799999999999995298
0.0799999999999985445
0.079999999999995422
0.0799999999999865125
0.0799999999999630729
0.0799999999999047029
0.0799999999997690892
0.0799999999994883831
0.0799999999989336741
0.0799999999978598803
0.0799999999958217328
0.0799999999920207872
0.0799999999850446869
0.0799999999724280431
0.079999999949922837
0.0799999999103028075
0.0799999998414326896
0.0799999997231959775
0.0799999995226767235
0.0799999991867196281
0.0799999986306163396
0.0799999977211704461
0.0799999962517403407
0.0799999939060122567
0.0799999902061544754
0.0799999844395389292
0.0799999755562844084
0.0799999620275866768
0.0799999416533103691
0.0799999113079902513
0.0799998666236243078
0.0799998013683023701
0.0799997068392170746
0.0799995711282972394
0.0799993894539784561
0.0799991424837176307
0.0799988076854745989
0.0799983390155273449
0.0799977535677805773
0.0799970926217437178
0.0799961684708140469
0.0799948498810581499
0.0799936086550303987
0.0799919387806373866
0.0799896061766178779
0.0799872508138153582
0.0799846821456285384
0.0799811926489672059
0.0799770544295882874
0.0799726816752094893
0.0799680000028657606
0.0799616910394439911
0.079955217755792618
0.0799474994210282869
0.0799367403121219039
0.0800000000000000988
0.0800000000000000849
0.0800000000000000849
0.0800000000000001821
0.0800000000000001266
0.0800000000000001543
0.0800000000000000572
0.0799999999999999462
0.0800000000000001127
0.0800000000000000017
0.0799999999999999184
0.0799999999999997796
0.0799999999999998351
0.0799999999999998213
0.0799999999999998351
0.0799999999999998213
0.0799999999999998074
0.0799999999999997935
0.0799999999999997796
0.0799999999999997519
0.0799999999999998213
0.0799999999999997796
0.0799999999999995853
0.0799999999999990996
0.0799999999999975592
0.0799999999999940203
0.0799999999999856243
0.0799999999999676109
0.0799999999999319866
0.0799999999998626393
0.0799999999997307587
0.0799999999994841088
0.0799999999990306104
0.0799999999982092813
0.0799999999967419551
0.0799999999941546913
0.0799999999896482961
0.0799999999818927776
0.0799999999687009966
0.0799999999465200035
0.0799999999096475123
0.0799999998490446007
0.0799999997505580762
0.0799999995922975049
0.0799999993408157112
0.0799999989456169208
0.079999998331358263
0.0799999973869084391
0.0799999959501976748
0.0799999937875023048
0.079999990565369411
0.0799999858117272367
0.079999978869181837
0.0799999688456552588
0.0799999546247918136
0.0799999347193589561
0.0799999067955971532
0.0799998674391256964
0.0799998159830254407
0.0799997546779318558
0.0799996677211651797
0.0799995416165473205
0.0799994137786585041
0.0799992404287055009
0.0799990006898819855
0.0799987136228725304
0.0799984323124612179
0.0799980469893592366
0.0799975106012141418
0.0799969882542548721
0.0799963921149789703
0.0799955894754579427
0.0799946859146285633
0.0799935742295370539
0.0799918923306708884
0.0800000000000000988
0.0800000000000001821
0.0800000000000002376
0.0800000000000002515
0.0800000000000002098
0.0800000000000001266
0.0800000000000000849
0.0800000000000002098
0.080000000000000196
0.0800000000000001543
0.0800000000000001682
0.0800000000000000849
0.0800000000000000711
0.0800000000000000711
0.0800000000000000294
0.0799999999999999462
0.0800000000000001127
0.0800000000000000711
0.0800000000000001682
0.0800000000000000988
0.0800000000000001404
0.0800000000000001821
0.0800000000000002653
0.080000000000000196
0.0800000000000000711
0.0799999999999998351
0.0799999999999993494
0.0799999999999981976
0.0799999999999959077
0.0799999999999915085
0.0799999999999832928
0.0799999999999678885
0.0799999999999394668
0.0799999999998877998
0.0799999999997951655
0.0799999999996316297
0.0799999999993459554
0.0799999999988530025
0.0799999999980118282
0.0799999999965922415
0.0799999999942225953
0.079999999990309309
0.0799999999839155762
0.0799999999735792749
0.0799999999570444459
0.0799999999308687454
0.0799999998898578008
0.0799999998262583278
0.0799999997286217623
0.0799999995802217478
0.0799999993568722839
0.0799999990239438491
0.0799999985324584828
0.0799999978143786789
0.0799999967774945031
0.0799999952931260416
0.0799999931780960016
0.0799999901933854951
0.0799999861004047352
0.0799999808076283375
0.0799999733517930134
0.0799999625786786961
0.0799999508218029731
0.0799999346313277626
0.0799999122632374243
0.0799998833529766834
0.0799998544405040729
0.0799998145295109236
0.0799997581548536479
0.0799996996649105507
0.0799996324268096304
0.0799995437371793933
0.0799994296081629336
0.0799992958672843535
0.0799990858380672243
0.0800000000000003625
0.0800000000000004041
0.0800000000000003347
0.0800000000000002792
0.0800000000000003209
0.0800000000000003209
0.0800000000000003209
0.0800000000000003347
0.0800000000000002792
0.0800000000000002653
0.0800000000000002237
0.080000000000000196
0.0800000000000002515
0.0800000000000002376
0.0800000000000001821
0.0800000000000001266
0.0800000000000001543
0.0800000000000001821
0.0800000000000000988
0.0800000000000002237
0.0800000000000002931
0.0800000000000002792
0.0800000000000003347
0.0800000000000004458
0.0800000000000003764
0.0800000000000002376
0.0800000000000000433
0.07999999999999996
0.0799999999999998074
0.0799999999999995021
0.0799999999999990441
0.079999999999998142
0.0799999999999964073
0.0799999999999932709
0.0799999999999876504
0.0799999999999777001
0.0799999999999603112
0.0799999999999301686
0.0799999999998785433
0.0799999999997910438
0.0799999999996443972
0.0799999999994012445
0.0799999999990018418
0.0799999999983524862
0.0799999999973071418
0.0799999999956410995
0.0799999999930114808
0.0799999999889013519
0.0799999999825384278
0.0799999999727813299
0.0799999999579596166
0.0799999999356539176
0.0799999999023986857
0.0799999998532930634
0.0799999997814963282
0.0799999996775176553
0.0799999995282336396
0.0799999993159018624
0.0799999990177527459
0.0799999986031477983
0.0799999980236721642
0.0799999971948441302
0.0799999962060097963
0.0799999948253369286
0.079999992901535949
0.0799999904290072533
0.0799999877186546859
0.07999998397766242
0.0799999787281410885
0.0799999728942180355
0.0799999663963047725
0.0799999575740318741
0.0799999453457965332
0.0799999301300049065
0.0799999057246002371
0.0800000000000003486
0.0800000000000003209
0.0800000000000004041
0.080000000000000307
0.0800000000000003209
0.0800000000000002515
0.0800000000000002098
0.0800000000000002515
0.0800000000000002376
0.0800000000000003625
0.0800000000000003625
0.0800000000000002376
0.0800000000000002098
0.0800000000000001821
0.080000000000000196
0.0800000000000001404
0.0800000000000001543
0.0800000000000001682
0.0800000000000002376
0.0800000000000002098
0.0800000000000002376
0.0800000000000001821
0.0800000000000002098
0.0800000000000001821
0.080000000000000196
0.0800000000000001543
0.0800000000000001266
0.0800000000000001127
0.0800000000000000711
0.0800000000000000711
0.0800000000000001127
0.0800000000000000155
0.079999999999999849
0.0799999999999996547
0.0799999999999993772
0.0799999999999987943
0.079999999999997698
0.0799999999999958522
0.0799999999999926881
0.0799999999999875949
0.0799999999999789907
0.0799999999999644884
0.0799999999999404937
0.0799999999999011502
0.0799999999998376593
0.0799999999997357547
0.079999999999574245
0.0799999999993198097
0.0799999999989226551
0.0799999999983085769
0.0799999999973678433
0.0799999999959391944
0.0799999999937892892
0.0799999999905826875
0.0799999999858432703
0.0799999999789006017
0.0799999999688184027
0.0799999999543090368
0.0799999999336432621
0.0799999999044836846
0.0799999998635976262
0.0799999998064664652
0.0799999997286601344
0.0799999996207413355
0.0799999994703102374
0.079999999285388132
0.0799999990488124285
0.0799999987267121515
0.0799999982780852659
0.0799999977791005651
0.0799999971797805409
0.0799999963612920695
0.0799999952105477641
0.0799999937169212361
0.0799999912679086739
0.080000000000000529
0.0800000000000005013
0.0800000000000003209
0.0800000000000002098
0.0800000000000002792
0.0800000000000002931
0.0800000000000002653
0.0800000000000002792
0.0800000000000002653
0.0800000000000002237
0.0800000000000000572
0.0800000000000000017
0.0800000000000000433
0.0800000000000000433
0.0800000000000000849
0.0800000000000000294
0.0800000000000001127
0.0800000000000000155
0.0800000000000000849
0.0800000000000000711
0.0800000000000000294
0.0800000000000000572
0.0800000000000000433
0.0799999999999999878
0.07999999999999996
0.0799999999999998768
0.0799999999999998213
0.07999999999999996
0.07999999999999996
0.0799999999999999878
0.0799999999999999184
0.0799999999999999045
0.0799999999999999462
0.0799999999999998906
0.0799999999999999184
0.0799999999999999045
0.0799999999999997796
0.0799999999999998213
0.079999999999999627
0.0799999999999993217
0.0799999999999988637
0.0799999999999979755
0.0799999999999965461
0.0799999999999941591
0.0799999999999902595
0.079999999999984181
0.0799999999999744388
0.0799999999999589928
0.0799999999999346928
0.0799999999998969175
0.0799999999998385058
0.0799999999997489664
0.0799999999996131583
0.0799999999994087108
0.0799999999991039407
0.0799999999986531068
0.0799999999979917886
0.0799999999970300441
0.0799999999956434171
0.0799999999936610307
0.0799999999908496268
0.0799999999868946099
0.0799999999813901658
0.0799999999737607825
0.0799999999631973574
0.0799999999492828073
0.0799999999305704701
0.0799999999052943833
0.0799999998703668919
0.0799999998310702426
0.079999999778436498
0.0799999997068603641
0.0799999996085403176
0.0799999994684193749
0.0799999992340570953
0.0799999999999999323
0.0799999999999998213
0.0799999999999999045
0.079999999999999849
0.0799999999999998213
0.0799999999999997935
0.0799999999999998768
0.0799999999999998213
0.0799999999999998351
0.0799999999999999184
0.0799999999999999184
0.0799999999999999184
0.079999999999999849
0.0799999999999998351
0.0799999999999999323
0.0799999999999999045
0.0799999999999999462
0.0800000000000000294
0.0799999999999999878
0.0799999999999999045
0.0799999999999998629
0.0799999999999998768
0.0799999999999999045
0.0799999999999999323
0.0799999999999998906
0.0799999999999999323
0.0799999999999999739
0.079999999999999849
0.0799999999999997935
0.0799999999999998629
0.0799999999999998074
0.0799999999999998074
0.0799999999999998768
0.0799999999999998213
0.0799999999999997657
0.0799999999999997102
0.0799999999999996547
0.0799999999999996408
0.0799999999999996547
0.0799999999999995715
0.0799999999999993633
0.0799999999999990025
0.0799999999999981976
0.0799999999999969208
0.0799999999999951444
0.079999999999992133
0.0799999999999871925
0.0799999999999796846
0.0799999999999679995
0.0799999999999501665
0.079999999999923313
0.0799999999998828454
0.0799999999998224631
0.0799999999997333261
0.0799999999996028749
0.0799999999994138594
0.0799999999991428817
0.0799999999987584254
0.0799999999982179549
0.079999999997466098
0.0799999999964292607
0.0799999999950109786
0.079999999993085269
0.079999999990482365
0.0799999999869778489
0.0799999999822862545
0.0799999999760984543
0.0799999999677780127
0.0799999999575182613
0.0799999999441641657
0.0799999999261924166
0.0799999999016102609
0.0799999998755743374
0.0799999998364950698
0.0799999997704784332
0.0800000000000000711
0.0800000000000001682
0.080000000000000196
0.0800000000000001821
0.0800000000000000433
0.0800000000000000017
0.0800000000000000155
0.0800000000000000155
0.0799999999999999739
0.0799999999999999462
0.0799999999999999184
0.0799999999999998351
0.0799999999999997935
0.0799999999999997796
0.0799999999999997102
0.0799999999999997241
0.0799999999999997935
0.079999999999999738
0.0799999999999997657
0.079999999999999849
0.0799999999999999462
0.0799999999999998906
0.0799999999999998906
0.0799999999999998074
0.0799999999999998768
0.0799999999999998768
0.0799999999999998213
0.0799999999999998906
0.0799999999999999462
0.0799999999999999184
0.0799999999999999462
0.0799999999999999739
0.0799999999999999462
0.079999999999999849
0.079999999999999738
0.0799999999999995021
0.0799999999999990302
0.0799999999999980865
0.0799999999999964628
0.0799999999999937983
0.0799999999999894684
0.0799999999999824463
0.0799999999999710665
0.0799999999999524702
0.0799999999999227718
0.0799999999998757261
0.0799999999998022154
0.0799999999996885564
0.0799999999995147926
0.0799999999992517807
0.0799999999988579014
0.0799999999982732996
0.0799999999974137649
0.0799999999961618219
0.0799999999943575152
0.0799999999917877513
0.0799999999881727125
0.0799999999831454423
0.0799999999762136815
0.0799999999668860595
0.0799999999543216794
0.0799999999374876036
0.0799999999155891206
0.0799999998863905187
0.0799999998472060436
0.0799999997965442217
0.07999999973496566
0.0799999996526722518
0.0799999995499209721
0.0799999994358407407
0.0799999992867966719
0.079999999093694027
0.0799999988648222443
0.0799999985457488516
0.0799999980350469264
0.0800000000000001127
0.0800000000000001404
0.0800000000000001543
0.0800000000000002515
0.0800000000000002376
0.0800000000000002792
0.0800000000000001682
0.0800000000000001266
0.0800000000000001682
0.0800000000000001682
0.0800000000000000849
0.0800000000000000155
0.0799999999999998768
0.079999999999999738
0.0799999999999996964
0.0799999999999996964
0.0799999999999996547
0.0799999999999996547
0.0799999999999997102
0.0799999999999997102
0.0799999999999997519
0.0799999999999997241
0.0799999999999996547
0.0799999999999997935
0.079999999999999738
0.0799999999999997796
0.0799999999999996408
0.0799999999999995853
0.0799999999999995992
0.0799999999999994466
0.0799999999999991274
0.0799999999999985861
0.079999999999997462
0.0799999999999955191
0.0799999999999921746
0.0799999999999862627
0.0799999999999762845
0.0799999999999596312
0.0799999999999320144
0.0799999999998863703
0.0799999999998115691
0.0799999999996895139
0.0799999999994916583
0.0799999999991734129
0.0799999999986667903
0.0799999999978701082
0.0799999999966334585
0.0799999999947387103
0.079999999991870796
0.0799999999875781881
0.0799999999812179147
0.0799999999718810639
0.0799999999582961113
0.0799999999387162875
0.079999999910811484
0.0799999998716035138
0.0799999998173728799
0.0799999997433845228
0.079999999642631589
0.0799999995126730451
0.0799999993388430808
0.0799999991159944801
0.0799999988293231129
0.0799999984461225444
0.0799999979315838272
0.0799999973001912362
0.0799999965917044253
0.0799999956466019291
0.0799999945138718527
0.0799999932722693791
0.0799999917381347542
0.0799999896504196145
0.079999987348625512
0.0799999842247161308
0.0799999793535030729
0.0800000000000001821
0.0800000000000001821
0.0800000000000002653
0.080000000000000196
0.0800000000000001543
0.0800000000000000711
0.0800000000000000294
0.0799999999999999739
0.0800000000000000988
0.0800000000000001682
0.0800000000000002237
0.0800000000000002515
0.0800000000000002931
0.0800000000000002237
0.0800000000000000433
0.0800000000000000294
0.0800000000000000155
0.0799999999999999878
0.0799999999999999045
0.0799999999999997657
0.0799999999999995853
0.0799999999999994327
0.07999999999999928
0.0799999999999990996
0.0799999999999989331
0.0799999999999985445
0.0799999999999979616
0.0799999999999969208
0.0799999999999950612
0.0799999999999916056
0.0799999999999854716
0.0799999999999746192
0.0799999999999551625
0.0799999999999209954
0.079999999999861765
0.0799999999997607347
0.0799999999995906069
0.0799999999993071254
0.0799999999988386112
0.0799999999980689075
0.0799999999968107472
0.0799999999947633295
0.0799999999914497856
0.0799999999861287919
0.0799999999776816462
0.0799999999644747523
0.0799999999441585868
0.079999999913375433
0.0799999998673438101
0.0799999997992733858
0.0799999996995258839
0.0799999995544239256
0.0799999993446942337
0.0799999990438656633
0.0799999986179475847
0.0799999980339599903
0.079999997248238558
0.079999996238944035
0.079999994887651027
0.0799999931742535059
0.0799999909966589012
0.0799999883292090291
0.0799999849133763707
0.079999980328446435
0.0799999740913580615
0.0799999674650321013
0.0799999599863933514
0.0799999499790743779
0.0799999395366491756
0.0799999270457250194
0.0799999095969931989
0.0799998818125728789
0.0799998592872611658
0.0799998364131758455
0.0799998074604844484
0.07999999999999996
0.0799999999999999045
0.0800000000000000155
0.0799999999999999184
0.0799999999999998768
0.07999999999999996
0.0799999999999999462
0.0799999999999999045
0.0799999999999999045
0.0799999999999998351
0.079999999999999738
0.0799999999999995437
0.0799999999999993772
0.0799999999999991412
0.0799999999999986833
0.0799999999999982114
0.079999999999997698
0.0799999999999970041
0.0799999999999960187
0.0799999999999948946
0.0799999999999934513
0.0799999999999918832
0.0799999999999898431
0.07999999999998747
0.07999999999998407
0.0799999999999786715
0.079999999999969415
0.0799999999999528866
0.0799999999999223832
0.07999999999986597
0.0799999999997621225
0.0799999999995740091
0.079999999999238347
0.079999999998650359
0.0799999999976394871
0.0799999999959307567
0.0799999999930821049
0.0799999999883771323
0.0799999999806510903
0.0799999999680048313
0.0799999999473367251
0.0799999999135920931
0.0799999998586366917
0.0799999997698210424
0.0799999996286448328
0.0799999994113146651
0.0799999990843231618
0.0799999985991984158
0.0799999978868112804
0.0799999968503830317
0.0799999953546309123
0.079999993209575751
0.0799999901490800192
0.0799999858118984331
0.0799999797288444975
0.0799999714749228541
0.0799999608564219145
0.0799999484969379643
0.079999931933294563
0.0799999119219835242
0.079999888666948113
0.0799998575261760686
0.079999813582215612
0.0799997431141687421
0.0799996849350040756
0.0799996334747374027
0.0799995746019171033
0.0799994977215610775
0.0799994040842068183
0.0799993043205243365
0.0799991678670062406
0.0799990323694607791
0.0799988538001194793
0.0799986554124837435
0.0799983469323430341
0.0800000000000001682
0.0800000000000000849
0.0800000000000000017
0.0799999999999999323
0.0799999999999996547
0.0799999999999991968
0.0799999999999987943
0.0799999999999982253
0.0799999999999972122
0.0799999999999956302
0.079999999999993493
0.0799999999999911476
0.079999999999987928
0.0799999999999835149
0.0799999999999786715
0.0799999999999728983
0.0799999999999654043
0.0799999999999572442
0.0799999999999478073
0.07999999999993615
0.0799999999999239236
0.0799999999999093797
0.0799999999998914635
0.0799999999998656924
0.0799999999998249889
0.0799999999997535183
0.079999999999618765
0.0799999999993572519
0.0799999999988521282
0.07999999999789284
0.0799999999961096275
0.0799999999928659722
0.0799999999870848882
0.0799999999769935577
0.0799999999598606931
0.0799999999314786603
0.0799999998850618316
0.079999999809361913
0.0799999996859749735
0.0799999994848167445
0.0799999991565986251
0.0799999986205829766
0.0799999977461797879
0.0799999963302336081
0.079999994080068873
0.0799999906536141281
0.0799999855800611476
0.0799999781747690458
0.0799999674629486984
0.079999952086710735
0.0799999301162182958
0.0799998986243114635
0.0799998528340047504
0.0799997840483801514
0.079999670308670931
0.0799995758281262792
0.0799994790580716014
0.0799993627201461971
0.07999919290151912
0.0799989952925607845
0.0799987566589600296
0.0799984510655795678
0.0799980911600248756
0.0799977227431834526
0.079997230339254613
0.0799966861965508841
0.0799961272153404818
0.0799953776632849611
0.0799945722378496704
0.0799937866633786132
0.0799927730604137327
0.0799917853312090144
0.0799905443680346967
0.0799891637868082178
0.0799870749274342319
0.0799999999999998351
0.0799999999999991968
0.0799999999999977257
0.079999999999995422
0.0799999999999915917
0.079999999999985999
0.079999999999977478
0.0799999999999653488
0.07999999999995068
0.0799999999999304462
0.0799999999999065348
0.0799999999998746991
0.0799999999998395606
0.079999999999793292
0.0799999999997426658
0.0799999999996857947
0.0799999999996163641
0.0799999999995452266
0.0799999999994608774
0.0799999999993679656
0.0799999999992714178
0.0799999999991500843
0.0799999999989783467
0.0799999999987060506
0.0799999999982184545
0.0799999999972675069
0.0799999999951918894
0.0799999999908937304
0.0799999999824419078
0.0799999999662920763
0.0799999999363585623
0.0799999998824026115
0.0799999997872686552
0.0799999996229239785
0.0799999993477859689
0.079999998899309463
0.0799999981752915063
0.0799999970014661776
0.0799999950888045097
0.0799999919554760658
0.0799999867799150166
0.0799999781174468572
0.0799999633869626636
0.0799999379715578135
0.0799998925318428228
0.07999983914931727
0.0799997699006175927
0.0799996695591490142
0.0799995210274657559
0.0799993101036488991
0.0799990183343522593
0.0799986209392529873
0.0799980813749078812
0.0799974070494000739
0.0799965935271070849
0.0799954941867256492
0.0799943080909584769
0.0799929310540545696
0.0799911545676494085
0.0799891882248463248
0.0799872404552529337
0.079984680290716495
0.0799817384879763088
0.0799789942876222848
0.0799754713803168815
0.0799712532961753819
0.0799672037221106358
0.0799621827278042124
0.0799569298867026934
0.0799522639986398331
0.0799461323218459696
0.079939565119261452
0.0799322270849201905
0.0799242350578821675
0.0799124923912457596
0.0799999999999929656
0.0799999999999767702
0.0799999999999496947
0.0799999999999047584
0.0799999999998432659
0.0799999999997554195
0.0799999999996341138
0.0799999999994813055
0.0799999999993002697
0.0799999999990734234
0.079999999998803431
0.0799999999985104848
0.0799999999981735876
0.0799999999977863696
0.0799999999973908249
0.0799999999969164127
0.0799999999964413344
0.0799999999959119107
0.079999999995326046
0.0799999999947443724
0.0799999999940443213
0.0799999999930489786
0.079999999991443263
0.0799999999884837831
0.0799999999823396146
0.0799999999676064555
0.0799999999327612732
0.0799999998582640176
0.0799999997110585198
0.0799999994292777405
0.079999998910306
0.0799999979826298835
0.0799999963113007806
0.0799999931895704064
0.0799999883999581579
0.0799999816653943902
0.0799999715578561532
0.0799999542889330562
0.0799999257244356221
0.0799998791266632314
0.079999803682586107
0.0799996821919059659
0.0799994875296971275
0.0799991775262580418
0.0799986885899826444
0.0799979324449091589
0.0799968203128123279
0.0799952508951204677
0.0799930861953136035
0.0799901528715291771
0.0799863871050091046
0.0799815806297958787
0.0799750781370218017
0.0799686174232415586
0.0799604157990606024
0.0799507254212371565
0.07994141211464946
0.0799299757054511978
0.0799165686923925256
0.0799046876016880764
0.0798901728825661961
0.0798728477216405636
0.0798578638913232247
0.0798400023188480801
0.0798158998862371766
0.0797800805820267078
0.0797624116938512595
0.0797459337916880395
0.0797231192560280688
0.0797001775590253925
0.0796738889211122542
0.0796350002882751234
0.0795825925280847363
0.0795472035854331017
0.0795145339868823381
0.0799999999998318029
0.0799999999995168604
0.0799999999990152061
0.0799999999982764914
0.0799999999973345921
0.0799999999961179126
0.0799999999946658102
0.0799999999930223887
0.0799999999913047766
0.079999999989292872
0.0799999999872481604
0.0799999999850563581
0.07999999998267672
0.0799999999802488287
0.0799999999777196852
0.0799999999749992918
0.0799999999724126387
0.0799999999693714881
0.0799999999664774558
0.0799999999631888781
0.0799999999584696669
0.0799999999506330467
0.0799999999357713237
0.0799999999008064039
0.0799999998106624144
0.0799999995836905148
0.079999999042436723
0.0799999978964011788
0.0799999956435868548
0.0799999913942278651
0.0799999838513870826
0.0799999712789017797
0.0799999506169523505
0.0799999167613156398
0.079999861292883348
0.0799997704014394628
0.0799996215799178845
0.0799993784016940351
0.0799989822335624434
0.0799983388500241366
0.0799972962331233772
0.0799956064185189247
0.0799928564166327016
0.0799883294045181242
0.079980669900213866
0.0799669251331561609
0.0799515093416304223
0.0799346062224538662
0.0799113803482889296
0.0798799301994971567
0.0798398300452007048
0.0797913799404651319
0.0797383170628778309
0.0796868673040472958
0.0796323180819632354
0.0795803184858772106
0.0795206420291849764
0.0794650031036910759
0.079408606152959027
0.0793487887370370182
0.079287532437322325
0.0792197467194249438
0.0791565058018985357
0.0790919957197545875
0.0790136394047522977
0.0789283818266612036
0.0788551393506364551
0.0787766248679353936
0.0786705147174813768
0.0785676656876922036
0.0784809245649889103
0.0783597215510036249
0.0781834852896902133
0.0779669836963622215
0.0778477837712531623
0.0799999999942218321
0.0799999999862821831
0.0799999999773309267
0.0799999999681482998
0.079999999959215265
0.0799999999499578091
0.0799999999408239348
0.079999999931766333
0.0799999999226065905
0.0799999999132618711
0.079999999904404262
0.0799999998951144153
0.0799999998854944994
0.0799999998768801124
0.0799999998677643626
0.0799999998584999261
0.079999999849457562
0.0799999998369786136
0.079999999824099749
0.0799999998104487242
0.0799999997816676772
0.0799999997084610975
0.0799999995039711448
0.0799999989346822649
0.0799999974181490603
0.0799999936108102966
0.0799999846770066553
0.0799999652538053996
0.0799999254313039504
0.079999845772710021
0.0799997121288921892
0.0799995542258857134
0.0799992828439696629
0.0799988315271969314
0.0799980850799881932
0.0799968525747703496
0.0799948258981949684
0.0799915166816171919
0.0799861613063234805
0.079977580759400646
0.0799639794765273776
0.0799426650097801866
0.0799096695752601199
0.0798592574909420538
0.0797833067662293005
0.0796705428627743212
0.079505709746021419
0.0792700746471037276
0.0789557337279795934
0.078699012358506043
0.0785081782208350426
0.0783712618578276538
0.0782724514188482545
0.0781931793493938487
0.0781196898222222547
0.0780486009751206883
0.0779717604755167659
0.0778835627743617726
0.0777858075668399068
0.0776814244233558771
0.0775625588756195944
0.0774259720836446425
0.0772808540806085992
0.0771184900350143643
0.076961458164193669
0.0767535878661871201
0.0765328459614460499
0.076300967382497753
0.0760214797066466885
0.0756959428443134269
0.0754121244774949434
0.0751764506471948035
0.0748743364455352473
0.0745096520381816341
0.0740915352238045721
)
;

boundaryField
{
    reactingWall
    {
        type            catalyticWall;
        gradient        uniform 0;
    }
    inertWall
    {
        type            zeroGradient;
    }
    inlet
    {
        type            fixedValue;
        value           uniform 0.0800000000000000017;
    }
    outlet
    {
        type            zeroGradient;
    }
    defaultFaces
    {
        type            empty;
    }
}


// ************************************************************************* //
