/*--------------------------------*- C++ -*----------------------------------*\
  =========                 |
  \\      /  F ield         | OpenFOAM: The Open Source CFD Toolbox
   \\    /   O peration     | Website:  https://openfoam.org
    \\  /    A nd           | Version:  8
     \\/     M anipulation  |
\*---------------------------------------------------------------------------*/
FoamFile
{
    version     2.0;
    format      ascii;
    class       volScalarField;
    location    "0.5";
    object      CH3COCH3;
}
// * * * * * * * * * * * * * * * * * * * * * * * * * * * * * * * * * * * * * //

dimensions      [0 0 0 0 0 0 0];

internalField   nonuniform List<scalar> 
1800
(
1.45050204985756369e-69
8.94004784807811341e-68
5.06799949475923593e-66
2.73083930848113132e-64
1.40236224341359886e-62
6.82664874469285525e-61
3.11571000329563506e-59
1.31720130320802353e-57
5.09422799356827907e-56
1.77574078479587486e-54
5.47285226106187815e-53
1.45312161558470304e-51
3.19504752326325772e-50
5.44258950341717353e-49
6.26344118772283828e-48
6.3926506459666763e-68
3.79581131054529861e-66
2.08610999752133062e-64
1.09291564107437658e-62
5.45648406348662145e-61
2.59063831401766847e-59
1.15941924357282741e-57
4.83311264381932632e-56
1.85325315505202242e-54
6.44487093854414823e-53
1.99602375757440854e-51
5.36841263671373506e-50
1.20356230502533456e-48
2.10137446275219147e-47
2.4962887836840463e-46
3.10409518415199271e-66
1.89112942338221916e-64
1.06448618413503762e-62
5.71665538557175019e-61
2.91999970234968059e-59
1.41578294611831907e-57
6.46933913165475775e-56
2.75460682236196972e-54
1.07939448350768951e-52
3.83946023092094749e-51
1.21818069586385507e-49
3.36378920143319031e-48
7.74385382073326568e-47
1.38640340078553411e-45
1.6868958395998269e-44
1.45677344157655483e-64
9.22503484563161049e-63
5.38796030341818395e-61
3.00232482338096937e-59
1.59000936437765908e-57
7.98112378840125119e-56
3.77263635377103821e-54
1.66153932103751113e-52
6.73433699857787352e-51
2.47832451399937444e-49
8.13855820664386159e-48
2.3285758682913767e-46
5.54710065248788638e-45
1.02550858200680721e-43
1.28468308758131778e-42
6.52390546093842237e-63
4.30424883960082248e-61
2.61750485574353483e-59
1.518976435345918e-57
8.38128885210976523e-56
4.38205208955793002e-54
2.15681364074472218e-52
9.88978334234205409e-51
4.17341488431196892e-49
1.5993902400149759e-47
5.46756589211393694e-46
1.62969889110049114e-44
4.03694002288193007e-43
7.75340178628529631e-42
1.00622117860694389e-40
2.79522307722743765e-61
1.92790181758297074e-59
1.22580095143179565e-57
7.43319830050264663e-56
4.28721227030189806e-54
2.34352028154796841e-52
1.20574154237407889e-50
5.77823122418888626e-49
2.54849014809072204e-47
1.02089081526337705e-45
3.64263729314583056e-44
1.13373813616749136e-42
2.92766874391013228e-41
5.86950820357093062e-40
7.93889759566104383e-39
1.14435832858327263e-59
8.27540407115800044e-58
5.51706625712823262e-56
3.50532954180666167e-54
2.11976805802332222e-52
1.21561947303701749e-50
6.56145424109317584e-49
3.29845197759476645e-47
1.52616768190036324e-45
6.41416164338367989e-44
2.39301710906517533e-42
7.78617918600639215e-41
2.10118993683477999e-39
4.41822420625735778e-38
6.27013036392870059e-37
4.46353085307394921e-58
3.39905053557881246e-56
2.38594212909235835e-54
1.59439560939369998e-52
1.01510607892575187e-50
6.12752844552657905e-49
3.47887314498956622e-47
1.83966561609774421e-45
8.9557860758413086e-44
3.96377555445633832e-42
1.54753792225794143e-40
5.26047190267596276e-39
1.48817496870571864e-37
3.29553010823150538e-36
4.94007266904227361e-35
1.65052039084012468e-56
1.33152183766689461e-54
9.87718686344397221e-53
6.96215888055542487e-51
4.68748681500565098e-49
2.98419035988919916e-47
1.7825883719599229e-45
9.93445472328154404e-44
5.09873112778594129e-42
2.39025512732156408e-40
9.78058213687332943e-39
3.46472245699201013e-37
1.03280374459446859e-35
2.41702454631161244e-34
3.85414118051408685e-33
5.71475560293801562e-55
4.93150109720130515e-53
3.88651637749346175e-51
2.89792172554889803e-49
2.07755895189587027e-47
1.3969537871718885e-45
8.76265394698901499e-44
5.15331122233812731e-42
2.78482467377883411e-40
1.39610784219238496e-38
6.01751949772133008e-37
2.21185147638981064e-35
6.99138301814320835e-34
1.73281758518188838e-32
2.96364510706146746e-31
1.80558072935850993e-53
1.70329505680757095e-51
1.4428292623431205e-49
1.14099572286355843e-47
8.76444607630415351e-46
6.22243546442286715e-44
4.09688726351421553e-42
2.5466712494740173e-40
1.42949506237990732e-38
7.76172918380784037e-37
3.57565972722368862e-35
1.36441020504770597e-33
4.59455466186708982e-32
1.20713567951271375e-30
2.24326342986728026e-29
4.49565924646328881e-52
4.50508640787514921e-50
4.09756693426052161e-48
3.41633354117751752e-46
2.73049941540858112e-44
1.97965069205464696e-42
1.36148053754620192e-40
8.95373018830788688e-39
4.96335892278012325e-37
2.92433057293597583e-35
1.47416068044687704e-33
5.9964933190827125e-32
2.13947121518767441e-30
6.0050179076284863e-29
1.24398438463323539e-27
8.90783669256380066e-51
9.51608390269573641e-49
9.0075225990162742e-47
7.99300779957911228e-45
6.67895375201088199e-43
5.0630084969887858e-41
3.35877619527862059e-39
2.50410284450346068e-37
1.53305582479869455e-35
9.27321616068007744e-34
4.82039742955201933e-32
2.10929755849055074e-30
7.95179232577384924e-29
2.3341617276724555e-27
5.49353007864863789e-26
1.4884477402157291e-49
1.61943810896974082e-47
1.57741834827558416e-45
1.44342543618661995e-43
1.2979776927293205e-41
1.05622675275871963e-39
7.92709666256661244e-38
5.52355199811357691e-36
3.69358275530124171e-34
2.35425140104506728e-32
1.30489348299031042e-30
6.50914822063769272e-29
2.61585790117716322e-27
9.124432385986505e-26
2.01362814538212256e-24
1.95940173817983557e-48
2.18728009693335801e-46
2.21297168465618246e-44
2.11772455245051666e-42
1.91862563218798361e-40
1.60432435744296379e-38
1.21517248226573654e-36
8.99160681801892061e-35
6.8399435375345835e-33
4.49258299809177526e-31
2.86292410231672054e-29
1.54410818225730093e-27
7.19143258687188608e-26
2.51555805754036106e-24
6.25232376419951823e-23
2.09212265034966486e-47
2.37920429098487958e-45
2.46100980249140965e-43
2.43565193430587816e-41
2.30349103887539912e-39
1.99270300189491503e-37
1.70553442963571546e-35
1.29335754363515055e-33
1.07760791479936703e-31
7.29093692331023579e-30
4.88578378809810255e-28
3.18983689686421767e-26
1.88184959597369079e-24
7.16522316157700629e-23
1.73712459636719345e-21
1.8072411668637341e-46
2.11335967686088089e-44
2.25817082458047253e-42
2.36913042169457683e-40
2.42378888424696689e-38
2.42414812245684525e-36
2.22014702179090854e-34
1.97265291089020778e-32
1.64564846596875436e-30
1.30846201736325604e-28
9.48337819167173375e-27
6.27962959204789155e-25
3.72214261779176443e-23
1.59695033861608902e-21
4.76352856057115862e-20
1.33238106566724564e-45
1.532020139172585e-43
1.66343233168725826e-41
1.81973512153128983e-39
1.88688233012869684e-37
2.101942177895483e-35
2.03307793323042482e-33
1.93715168822302376e-31
1.78305002107609771e-29
1.55317445820671942e-27
1.26245999561398353e-25
9.54653966301381286e-24
6.53041829828226705e-22
3.95228501824132643e-20
1.54004794943311209e-18
8.00251087948578153e-45
9.85807265620699438e-43
1.16269226453815563e-40
1.34987206604060852e-38
1.52301379207093762e-36
1.63288734968321917e-34
1.71460676763676072e-32
1.73494820971457081e-30
1.69129840924762347e-28
1.58483683962390276e-26
1.42299012890849605e-24
1.2154924499694149e-22
9.7704079882961626e-21
7.20332954412834158e-19
4.60486238882554345e-17
2.89749912561712672e-44
4.04581657593504792e-42
5.39199417893689992e-40
6.93020641825186354e-38
8.60987082079815754e-36
1.03152596437354336e-33
1.18881620514520752e-31
1.31646796521716206e-29
1.40028814536423594e-27
1.43019403921584274e-25
1.40238458066339176e-23
1.32057781665273835e-21
1.19529836897983129e-19
1.04134562010857562e-17
8.74755214756061935e-16
2.62741530929472298e-47
1.17287681972827708e-46
5.41263737085624274e-46
2.4279711330292869e-45
1.01282521216048434e-44
3.85802860501053649e-44
1.33998021008520311e-43
4.27137857353181565e-43
1.26138130720924473e-42
3.48206341726120216e-42
9.06089808298768652e-42
2.23791267313730951e-41
5.27444091117533228e-41
1.19229130221432414e-40
2.59520009929583394e-40
5.47102482684235695e-40
1.1151720862766078e-39
2.21039083047163955e-39
4.27065079670029386e-39
8.05365768071256478e-39
1.48485203321097768e-38
2.67962563255351596e-38
4.73880398347733973e-38
8.2216345275219418e-38
1.40059112970305126e-37
2.3412252945189545e-37
3.81112710633162157e-37
6.04903770438239749e-37
9.43859437896850981e-37
1.45280302085808494e-36
2.21024062498515054e-36
3.32813940163761057e-36
4.96506747516056181e-36
7.34455719194220432e-36
1.07772777564751459e-35
1.56985075044345266e-35
2.2693577976977049e-35
3.25910970649809313e-35
4.64340605269279965e-35
6.57855500561584135e-35
9.23932027974292654e-35
1.29022878797468709e-34
1.78828052154363727e-34
2.45830666836495033e-34
3.36290298211761469e-34
4.55266075851334217e-34
6.18628091858118312e-34
8.26983458295949388e-34
1.1184707668697312e-33
1.49387503933419347e-33
2.00803100816120309e-33
2.67184918885534085e-33
3.5611475035146532e-33
4.67334825983146362e-33
6.16542815204232565e-33
8.00500455016492646e-33
1.0475603023100673e-32
1.34380675133638925e-32
1.74042078389416931e-32
2.21239856395638868e-32
2.84340467930274449e-32
3.57783087805743657e-32
4.5543281872556914e-32
5.68713825254464779e-32
7.19543191049773869e-32
8.90463626758997238e-32
1.11665245894597892e-31
1.37498322191262309e-31
1.70638466560232661e-31
2.10018666250664751e-31
2.58865496311454471e-31
3.20481256252722996e-31
3.98323045067569313e-31
5.07958695080569477e-31
6.85167450726555645e-31
1.0280658931544922e-45
4.54766194408661768e-45
2.07215923362968418e-44
9.06199874610391143e-44
3.64274627817505495e-43
1.32691293469635606e-42
4.38458356207974346e-42
1.32428548851118716e-41
3.6934477966612133e-41
9.60445911743874446e-41
2.35185285430128434e-40
5.46896439100075026e-40
1.21587147661265718e-39
2.5984386050962073e-39
5.3503573311991415e-39
1.07928681075856023e-38
2.09974203180705189e-38
3.99380130673556671e-38
7.43446403726418546e-38
1.35334404608784393e-37
2.41608758027695238e-37
4.23138252935630336e-37
7.27137199354021857e-37
1.22656341741833359e-36
2.03191553908536368e-36
3.30712032736007985e-36
5.27247235743103536e-36
8.16743685954442261e-36
1.24182553640629154e-35
1.86011714097952617e-35
2.7508027532298878e-35
4.02297945704941566e-35
5.82688581236280539e-35
8.36916483502141931e-35
1.19335355765376737e-34
1.69080809327687746e-34
2.38203592274239947e-34
3.33805150611183998e-34
4.65381290802806571e-34
6.4541956677697355e-34
8.90135819348260648e-34
1.22100688166538554e-33
1.66727924404760173e-33
2.25471132295843329e-33
3.05547048557156005e-33
4.08630987529980997e-33
5.48347148159972556e-33
7.21184552244656382e-33
9.74916030422283708e-33
1.26565667998869748e-32
1.6889484959676451e-32
2.17331323590501973e-32
2.87244666126834411e-32
3.68350419112824416e-32
4.82497973179196386e-32
6.15974181982166131e-32
8.03756051379740998e-32
1.01268462431104226e-31
1.29359218551459077e-31
1.63711711867265126e-31
2.07316416966569871e-31
2.60652504758161601e-31
3.2875625080561614e-31
4.05691581092726612e-31
5.08964372939127126e-31
6.2717484888263527e-31
7.76618338198591118e-31
9.56205259289178937e-31
1.16930065826191043e-30
1.42586135797819306e-30
1.7601816920255898e-30
2.10999790537929217e-30
2.56739065827361954e-30
3.17377936891301562e-30
4.14492281639213313e-30
6.99187205963946991e-44
3.12964443248330739e-43
1.42972367479890723e-42
6.1627913188378858e-42
2.40998579108373824e-41
8.47699228311839489e-41
2.69476593089732643e-40
7.81296878212316682e-40
2.08861889829389237e-39
5.19818374839429262e-39
1.21762669320513821e-38
2.70910214873531745e-38
5.76538986074289075e-38
1.17988667164629227e-37
2.31563201224059484e-37
4.53947158530171193e-37
8.45208313061724932e-37
1.55272931423845823e-36
2.79354655256537514e-36
4.91077077282991419e-36
8.50441506549818096e-36
1.44842665310528713e-35
2.42388616156143283e-35
3.98799580318259566e-35
6.45404927242688106e-35
1.02750919745915637e-34
1.60664117502694952e-34
2.43978259816392277e-34
3.63389450992192077e-34
5.33185453402107276e-34
7.724112106970022e-34
1.10643397341254895e-33
1.56906219880092494e-33
2.20548817583639971e-33
3.07642758645388102e-33
4.26357852560968868e-33
5.87673334440433459e-33
8.06242593377988925e-33
1.10133963698595194e-32
1.49817392874473358e-32
2.02883151840224626e-32
2.73258772051131924e-32
3.66842196986524406e-32
4.88934770782896562e-32
6.4808269489485203e-32
8.59499687368012825e-32
1.13008180880741842e-31
1.46283129326003806e-31
1.9518627057595575e-31
2.48212190054348168e-31
3.24134781579456154e-31
4.11020385731466975e-31
5.37405476321311976e-31
6.73854617060745298e-31
8.72918500929528957e-31
1.08811016694496264e-30
1.3947718085784817e-30
1.72106298736089957e-30
2.15881674185771813e-30
2.73421719241761636e-30
3.35600604241490437e-30
4.15251235220751008e-30
5.24100002704763964e-30
6.32481405338674391e-30
7.75959508626696394e-30
9.63325759216101406e-30
1.15622777942774601e-29
1.4010074369471727e-29
1.70826361284883495e-29
2.05030204015293753e-29
2.47452083957653621e-29
2.92611952967842908e-29
3.53166517740710564e-29
4.3273921405076385e-29
5.59988807900909948e-29
5.40529733337718916e-42
2.46527669904992778e-41
1.13252831166325191e-40
4.81416470235521431e-40
1.83194155502590873e-39
6.22696334905545488e-39
1.90764127307528521e-38
5.32408031916304603e-38
1.36923678664829399e-37
3.27535432778441948e-37
7.37651686284655236e-37
1.5802011480310147e-36
3.23014288514633865e-36
6.39812178068298273e-36
1.22104857276732618e-35
2.30254894672464756e-35
4.08046515722653242e-35
7.38941529857602353e-35
1.28374577575907598e-34
2.17614806833627712e-34
3.66466848234187601e-34
6.08166913920363723e-34
9.91373335175648127e-34
1.5904516402583714e-33
2.51441096348056131e-33
3.92175783016824557e-33
6.01691062108844132e-33
8.97881273098070889e-33
1.31278232235486199e-32
1.8908878226914025e-32
2.69077775373158025e-32
3.78764709190998226e-32
5.27829556391361975e-32
7.28864876183385462e-32
9.98475863103950573e-32
1.35859786361983221e-31
1.83830279180252594e-31
2.47609172094219514e-31
3.32218979193095126e-31
4.44098904969760666e-31
5.91401575127705191e-31
7.83919053863201201e-31
1.0345966314694815e-30
1.3594292344501057e-30
1.77431429611911735e-30
2.30967734753188408e-30
3.00316416107352695e-30
3.8292578541253732e-30
4.96223017570913022e-30
6.31525890416978483e-30
7.9576971968182682e-30
1.00146311245757952e-29
1.30471930512898256e-29
1.59817860394298317e-29
2.01887353426741255e-29
2.48196349061499505e-29
3.14573762740512362e-29
3.80129187367174698e-29
4.68547616275585738e-29
5.90443868800227898e-29
7.12700453649068218e-29
8.66936783105901069e-29
1.08059428075074102e-28
1.29511141080224784e-28
1.5486821168429532e-28
1.89581757417321554e-28
2.28246050005225138e-28
2.68989965021963599e-28
3.19772966886761479e-28
3.85283073983864989e-28
4.60460062892283768e-28
5.35074999289952464e-28
6.32367592694673374e-28
7.63085205208279037e-28
9.71534996278634807e-28
4.31437799305164171e-40
2.00913637674596214e-39
9.26452056229858187e-39
3.86821666025071596e-38
1.42714348301127603e-37
4.67323011354650595e-37
1.37703633317716278e-36
3.69723153798743449e-36
9.15032177874949827e-36
2.1052936568715259e-35
4.56802939570556543e-35
9.46302000829057103e-35
1.89577062426309647e-34
3.54589723121205894e-34
6.73186335285745511e-34
1.20690795999272058e-33
2.10365077408845818e-33
3.66037814336924769e-33
6.19634337353808376e-33
1.01201901688290463e-32
1.66378269387019363e-32
2.69045109481845588e-32
4.26323027653665109e-32
6.65956728935636775e-32
1.02586944697783501e-31
1.56955505107369043e-31
2.36562854839333173e-31
3.47461521762664711e-31
4.99242654129805007e-31
7.06651188477904269e-31
9.89745572286635433e-31
1.37203350889759042e-30
1.8826330665696677e-30
2.55875423060805109e-30
3.44931031795199309e-30
4.61703204321981108e-30
6.1432821853649256e-30
8.1353077230694258e-30
1.07323674380352595e-29
1.41114573344288226e-29
1.8491831097066802e-29
2.41350214226244923e-29
3.13592835009931184e-29
4.05681973435432987e-29
5.22028364084939924e-29
6.68712400461403999e-29
8.55022867610923191e-29
1.08103358943631986e-28
1.36687931900491809e-28
1.72658911196956392e-28
2.14295404636838984e-28
2.64987345920486472e-28
3.38374474765579386e-28
4.07059094548035786e-28
5.00606128741236103e-28
6.14261407971988914e-28
7.72385426199230117e-28
9.15514242404400165e-28
1.10988714231486589e-27
1.38633203898026386e-27
1.6552100505096129e-27
1.96550012222766495e-27
2.40030994871858685e-27
2.91379618651439759e-27
3.37544779646593607e-27
4.00224633296124831e-27
4.87921144491640434e-27
5.70550761189654186e-27
6.60670200926779537e-27
7.79667799968055607e-27
9.32087608960976854e-27
1.07205853005369742e-26
1.24157552276991612e-26
1.47526313436206338e-26
1.84673875482294366e-26
3.47270469982089141e-38
1.650955418306636e-37
7.60979465051852337e-37
3.09965084137579815e-36
1.10179460682963469e-35
3.45459379047630761e-35
9.74491011479317338e-35
2.50918859774206819e-34
5.96483509629803269e-34
1.31830045928644556e-33
2.76071205138046029e-33
5.59495198121302348e-33
1.07808608468179428e-32
1.97311973716107013e-32
3.62602350769819838e-32
6.17968431662586802e-32
1.0749150399075989e-31
1.79129801881754166e-31
2.96905906816447556e-31
4.69145596324357749e-31
7.55712621921268157e-31
1.18377860568783883e-30
1.8136089225981585e-30
2.75734033835262936e-30
4.10950135088142704e-30
6.17884398650178587e-30
9.14641785235928757e-30
1.32389005455779145e-29
1.8701661874289053e-29
2.60054031499035002e-29
3.59357934254768916e-29
4.91431470830663566e-29
6.64776304208925804e-29
8.90132174600088795e-29
1.18237422428975886e-28
1.5587155632070681e-28
2.04060529723530441e-28
2.65728233632635555e-28
3.44659007273717381e-28
4.45695898541088629e-28
5.74752567471561359e-28
7.38615591513129286e-28
9.45131892300447203e-28
1.2038538833448306e-27
1.52597159288294847e-27
1.92524928391702125e-27
2.42043677802053385e-27
3.02315720815207974e-27
3.75777209618435241e-27
4.66959972991595751e-27
5.73170463126244383e-27
6.99081334575529626e-27
8.67827539424928388e-27
1.04214087298002946e-26
1.2463894774277653e-26
1.53305706527639208e-26
1.88647718464428471e-26
2.20142491555571011e-26
2.62923836073647783e-26
3.23893243436134658e-26
3.8303207084378401e-26
4.46029984470672324e-26
5.34566120451781282e-26
6.47210392407250426e-26
7.38843084388204206e-26
8.61449879023386635e-26
1.03350390362065715e-25
1.20424113505752309e-25
1.37107484555436106e-25
1.59438564677301871e-25
1.88126529474868126e-25
2.15555656864592313e-25
2.45602694567252515e-25
2.87077180853586646e-25
3.52915212915905376e-25
2.79760634289704225e-36
1.35746624644918118e-35
6.23090030013466663e-35
2.45669544840226019e-34
8.35051052887719701e-34
2.48714851955472924e-33
6.67279036581455994e-33
1.63977042053852642e-32
3.73376523125102719e-32
7.95587155845694813e-32
1.608810740438674e-31
3.15329322665826931e-31
5.79006674569290715e-31
1.05001071475339829e-30
1.8595092046918182e-30
3.20774310200952846e-30
5.2662026308815108e-30
8.345716391004715e-30
1.38111084127795188e-29
2.15385114028567391e-29
3.3361582505625585e-29
5.02077801960714479e-29
7.43581580678126692e-29
1.10738874617282414e-28
1.57301079905023244e-28
2.35076335218897561e-28
3.36935633854323506e-28
4.81746862857371228e-28
6.67332984155647124e-28
9.12763428706454592e-28
1.25627075093273812e-27
1.68963006032067912e-27
2.25215291812668275e-27
2.97078356447182727e-27
3.89580266962732574e-27
5.0642183394048029e-27
6.51841167088645429e-27
8.33963682458345353e-27
1.06245147001567553e-26
1.3502216077738884e-26
1.71292506977384435e-26
2.16668562700804474e-26
2.72963501253479986e-26
3.42276308656210743e-26
4.27070644534784054e-26
5.30358500492393039e-26
6.55803810580859631e-26
8.06988616015171891e-26
9.87915779926018807e-26
1.20668470122083705e-25
1.46205253927717159e-25
1.76311496931179869e-25
2.13506607001972537e-25
2.54953146843043286e-25
3.01812357115884031e-25
3.63567096048725813e-25
4.37692519686163093e-25
5.05491679649208741e-25
5.96655125491723069e-25
7.24907334412077875e-25
8.44759604284933988e-25
9.6990110558263054e-25
1.14709440330892806e-24
1.36882379642768174e-24
1.54495125874500785e-24
1.77754002833969184e-24
2.1011383395107793e-24
2.43414915041781741e-24
2.72678553364212883e-24
3.11800611887187863e-24
3.63883201484110592e-24
4.14418259334519585e-24
4.66722688787547175e-24
5.38951409303937064e-24
6.49819811312368421e-24
2.24740453215510094e-34
1.1130342800966806e-33
5.07778127808497922e-33
1.92329206998608202e-32
6.20276713782871298e-32
1.73905644818268056e-31
4.40553564740773974e-31
1.02685478652040796e-30
2.23489354225104525e-30
4.57469835479456462e-30
8.80751221798375816e-30
1.68991577110054284e-29
3.13587108143766375e-29
5.34656127338325956e-29
8.97495331165897154e-29
1.55214023732649432e-28
2.48271173017038279e-28
3.95577663716416421e-28
6.06523326702352769e-28
9.1651553575394273e-28
1.4189704251889937e-27
2.05717518828835072e-27
2.89842846566677008e-27
4.35531264252434809e-27
5.87293539334169135e-27
8.60058749995017316e-27
1.14551497642291593e-26
1.65666976916965061e-26
2.23526531599001378e-26
2.99121563886382763e-26
4.25335715700927299e-26
5.46571000385789672e-26
7.21588017823367399e-26
9.32364229768965598e-26
1.2141710288958413e-25
1.56072319804252509e-25
1.96826639828785452e-25
2.47466322466537232e-25
3.09083965158501678e-25
3.85724411184153274e-25
4.8148294367154995e-25
5.98772331982565815e-25
7.41813284150551571e-25
9.15088521964989497e-25
1.1232760831824427e-24
1.37193684359520989e-24
1.66784832091150208e-24
2.01908647901466293e-24
2.43349081644155403e-24
2.92413855033859538e-24
3.49266141784664581e-24
4.15957058687214622e-24
4.9393642746044566e-24
5.83648016878729449e-24
6.85050069645851385e-24
8.07251499245159077e-24
9.51410606320825123e-24
1.09500856413144414e-23
1.27451951133791623e-23
1.51692255116190204e-23
1.73929876605988471e-23
1.97790001959742779e-23
2.31729618951077914e-23
2.70894071175354501e-23
3.02271446507316863e-23
3.43624627547886109e-23
4.00836984912419302e-23
4.59438904034712929e-23
5.08333999409762913e-23
5.73312403352691735e-23
6.62637906237426317e-23
7.50221968786404209e-23
8.32944451553740803e-23
9.50704617006472298e-23
1.12364868160967891e-22
1.79301563381071594e-32
9.05254424436521729e-32
4.10077480712194857e-31
1.48180591418370882e-30
4.50157928834501532e-30
1.17696241060577841e-29
2.79847483017550414e-29
6.1481355266721122e-29
1.28232683143685402e-28
2.49808521671547364e-28
4.72205704419741728e-28
8.52498124709949379e-28
1.5676247206246652e-27
2.63727658428836401e-27
4.36163292730457682e-27
6.90637475206337926e-27
1.13743554589070804e-26
1.67089125549695461e-26
2.55212078138050605e-26
3.79714223540462822e-26
5.72661307309880565e-26
7.95649326548654386e-26
1.12866423875945064e-25
1.58030710243712703e-25
2.15389962815005198e-25
2.98554526902014938e-25
4.02124768417385017e-25
5.44909092218886025e-25
7.39745345438190337e-25
9.69688972117801986e-25
1.27455159234434489e-24
1.603540258513531e-24
2.15634908075471046e-24
2.78200995675067071e-24
3.53653865427150808e-24
4.4738390937047712e-24
5.49121804785796361e-24
6.91722674991514055e-24
8.42558232737331636e-24
1.0298760028599652e-23
1.27062273082739999e-23
1.54631004026365535e-23
1.87467930485085325e-23
2.27212869888087438e-23
2.74402240382355583e-23
3.29590972444854507e-23
3.93665324318058612e-23
4.68565065556214478e-23
5.55734636678598143e-23
6.5724138229063075e-23
7.7370219112024457e-23
9.0858143022548084e-23
1.06203552606444353e-22
1.23807497573613113e-22
1.43663939623678061e-22
1.66428880178606619e-22
1.92386464807819988e-22
2.2102623766530676e-22
2.53142613500287648e-22
2.93196901002699859e-22
3.31449958632498166e-22
3.74276886158764946e-22
4.33992514008974538e-22
4.953130628500638e-22
5.47216101769946657e-22
6.16071473358923066e-22
7.09950191150501762e-22
7.99707422269622433e-22
8.76412934858476311e-22
9.79065454211561527e-22
1.12077876222166646e-21
1.24911570552136431e-21
1.37660690373869976e-21
1.56361459744543492e-21
1.81582317156325095e-21
1.43000051045380059e-30
7.31102656957801866e-30
3.26736613908862414e-29
1.1165757269632546e-28
3.17701617935314709e-28
7.67307649592888407e-28
1.70826640113016237e-27
3.56003774779344813e-27
7.05159306385215969e-27
1.29603460644935729e-26
2.33037202618431644e-26
4.29812137158471013e-26
7.33387795786455452e-26
1.20865274375027381e-25
1.99287187229537869e-25
3.122784814021037e-25
4.71761675105975159e-25
7.19014614115513349e-25
1.0358339592740806e-24
1.47002069981795507e-24
2.12850864916387157e-24
3.03628847600159776e-24
4.07168581607640056e-24
5.37459424923116845e-24
7.21358710581158259e-24
9.32405890873832268e-24
1.3008257479386607e-23
1.69937730697746875e-23
2.19822576683578496e-23
2.83395032025015115e-23
3.63088044055749497e-23
4.7792321994644061e-23
6.06909288557871883e-23
7.60905154769266462e-23
9.47032948534823375e-23
1.13953835606494642e-22
1.4615255970430747e-22
1.78244883905784899e-22
2.07436449190659487e-22
2.50662702342971543e-22
3.21344458435496761e-22
3.73320170866561447e-22
4.3617127388655275e-22
5.17585657193305316e-22
6.15336461533745021e-22
7.27721911787660924e-22
8.55319389145724007e-22
1.0017298990125167e-21
1.16958618966886507e-21
1.36095485916373205e-21
1.57767298657233211e-21
1.825959798324783e-21
2.10240633669649419e-21
2.41597212335690735e-21
2.76349407197868387e-21
3.15439593227212015e-21
3.58348397676712906e-21
4.0800011271942872e-21
4.59973595560639786e-21
5.21578404285451144e-21
5.82701909062203225e-21
6.55875441055524079e-21
7.42078827288159658e-21
8.27135269231602211e-21
9.09819192195868456e-21
1.02197363283096793e-20
1.15075660961607348e-20
1.27050886881815638e-20
1.39095555503531996e-20
1.5551975331263308e-20
1.73801583239919453e-20
1.89036323790089832e-20
2.09694397305986246e-20
2.40533562291449533e-20
2.74100293909364141e-20
1.16322736423099168e-28
5.91716754323099253e-28
2.54945290369170888e-27
8.11501707784146703e-27
2.15566558393987402e-26
4.75682922707994545e-26
1.0114786058513371e-25
2.02387241670382631e-25
3.7221561499378177e-25
6.85333801542594274e-25
1.18753024419398204e-24
1.93937755634361865e-24
3.25799943582419065e-24
5.31771584213173551e-24
8.34820593189874569e-24
1.28804860698209276e-23
1.8607795210799124e-23
2.85237516650988079e-23
3.88027994084363911e-23
5.33193261443193377e-23
7.78940680028769305e-23
1.03456370229835669e-22
1.34013975347220759e-22
1.74437814764277579e-22
2.19726606760939485e-22
2.84552140322038636e-22
3.71196417080081728e-22
4.74381412575951464e-22
6.30505350775449525e-22
7.84009189882754739e-22
9.75314485440345529e-22
1.26995043439193383e-21
1.53119466540478897e-21
1.94101786315551665e-21
2.29524303674502229e-21
2.8408600168974837e-21
3.46617086942620891e-21
4.12636316023305246e-21
4.83114613977803613e-21
5.80746098015388526e-21
6.83407364851081933e-21
8.17376508095334694e-21
9.38522317997321999e-21
1.0902217526322822e-20
1.26109071877191202e-20
1.46399412854401594e-20
1.69990548366901346e-20
1.96386917834118135e-20
2.2565893675942788e-20
2.58400898778760519e-20
2.94366919579628875e-20
3.35329605796942841e-20
3.79600237667517669e-20
4.29586744019208884e-20
4.83880278551383511e-20
5.4382827223009145e-20
6.0714496125945855e-20
6.8366189376900366e-20
7.5627799005223663e-20
8.46403022486808121e-20
9.29353916273023545e-20
1.03769986222682211e-19
1.15270496083057768e-19
1.26757861578684562e-19
1.39127799089287786e-19
1.54470019421760263e-19
1.69297854222225323e-19
1.84854502710511906e-19
2.03945030379517823e-19
2.23510696460734132e-19
2.38108299324330177e-19
2.57134241151002484e-19
2.8421920133385548e-19
3.18367081598763529e-19
3.53009889049746298e-19
7.27414567281874891e-27
3.60216221606856077e-26
1.44080063458127801e-25
4.18316075039289151e-25
1.05530254550464785e-24
2.34011011515143121e-24
4.70885717677696104e-24
8.71838994503160608e-24
1.5965393541508322e-23
2.70126565383929404e-23
4.38886952227540009e-23
6.82317300685822178e-23
1.11588688757223501e-22
1.68522361471127644e-22
2.68423705503669659e-22
4.12756877844343127e-22
6.06367675814526752e-22
8.42232251186244511e-22
1.18732829607463592e-21
1.57780267078419277e-21
2.13959907675308495e-21
2.69637891282863809e-21
3.30643689013739001e-21
4.223272976538189e-21
5.19032297154626894e-21
6.792995334144331e-21
8.58845097748990947e-21
1.07135191853014281e-20
1.36760281314841736e-20
1.70723533908648733e-20
2.08808796284195039e-20
2.62381844158844041e-20
3.17255649577655521e-20
3.83593269787498234e-20
4.94204271784328002e-20
5.78606476651459235e-20
6.87506027372136415e-20
7.98938468128700551e-20
9.36326145656433986e-20
1.09473599417506955e-19
1.27953554663528861e-19
1.48151042350572467e-19
1.70812919068923694e-19
1.96586428379916389e-19
2.25508047303431368e-19
2.5777978777650048e-19
2.93209753655742698e-19
3.32261032567505671e-19
3.75167830600235324e-19
4.22498678524068612e-19
4.73324442448436759e-19
5.30718229384758384e-19
5.91042823090533987e-19
6.58062499099631313e-19
7.3124936103869798e-19
8.06950502569496495e-19
8.87834161939931933e-19
9.88437649549419548e-19
1.07282727430580383e-18
1.18743327513659252e-18
1.28788309723497796e-18
1.41206603120914164e-18
1.55185396749700778e-18
1.70180875949450802e-18
1.82823306027708873e-18
1.99259130278183011e-18
2.17697344080723292e-18
2.3543657001933837e-18
2.52128444499854893e-18
2.72487305793631351e-18
2.90760533889215861e-18
3.14229127775015821e-18
3.38738906153318531e-18
3.65372962011401399e-18
3.97364247516850244e-18
3.67549060332786597e-25
1.88342584394384199e-24
6.42649138794717075e-24
1.6017112016033042e-23
3.81464853356223061e-23
8.30531694007126593e-23
1.60043687836954901e-22
2.91726873510396637e-22
4.88153485059403941e-22
8.19366277264037031e-22
1.32762616511094991e-21
2.01120709708834761e-21
3.02634740957125597e-21
4.69274491285945872e-21
7.44361533246657371e-21
1.02148847123338257e-20
1.4310033214678648e-20
1.98930981645251186e-20
2.69065801160303054e-20
3.47221085678096705e-20
4.57945064869666193e-20
5.65260542346777001e-20
7.03458014833611203e-20
8.90577721479796346e-20
1.13619842340161629e-19
1.43391837637488601e-19
1.74892781285442252e-19
2.27148653367694183e-19
2.82788651907068468e-19
3.43597871510690956e-19
4.36119224714686737e-19
5.23887299778947384e-19
6.17788345462950555e-19
7.30976716635778292e-19
8.64892452245614771e-19
1.01647652715488003e-18
1.18786581085575819e-18
1.37828811924584059e-18
1.58951333659104615e-18
1.82549432148985562e-18
2.08735096080651154e-18
2.37670376732357146e-18
2.69579824784241306e-18
3.04514599452009024e-18
3.4251196840395171e-18
3.83729435032882416e-18
4.28375747151378534e-18
4.7668368182943033e-18
5.2892663021202626e-18
5.85715987449671836e-18
6.45477293286602703e-18
7.12204562913757602e-18
7.81302943924272829e-18
8.54920405347703051e-18
9.39063100045178332e-18
1.0145137239398952e-17
1.10362505138815675e-17
1.21018078938704369e-17
1.29698351875083298e-17
1.41347306397338354e-17
1.51852149604433698e-17
1.6408623421141243e-17
1.78063008131956253e-17
1.91954511559183673e-17
2.0447316148741741e-17
2.20158723196563965e-17
2.36475726365805599e-17
2.52435326753091815e-17
2.67947791793394853e-17
2.85455612148017422e-17
3.02276299937662563e-17
3.2331196155436507e-17
3.42030542279785555e-17
3.63558412678367835e-17
3.89617556896243117e-17
1.5942800221558522e-23
8.25519064305304205e-23
2.61163886901528042e-22
6.3532655635016087e-22
1.27537177922739165e-21
2.4327226543315087e-21
4.58769711997383467e-21
8.04007162820437149e-21
1.28793515391536879e-20
2.10515045958422504e-20
3.23880856151994704e-20
4.94072369760221394e-20
7.38245133754955316e-20
1.06637714252754273e-19
1.42870697780474665e-19
2.06784702250172356e-19
2.86129852332187783e-19
3.66543616576020237e-19
4.92546248624602746e-19
6.29140267356470338e-19
8.47090593604998585e-19
1.05990355377748633e-18
1.37532255123913054e-18
1.68432402306158647e-18
2.25368775972339899e-18
2.74593923353993175e-18
3.53705361064598245e-18
4.2700760147274579e-18
5.2520065068952053e-18
6.31684641140834171e-18
7.52157538844511684e-18
8.82423430212686266e-18
1.02895403162120739e-17
1.19098991981730565e-17
1.36954298896305704e-17
1.56619686890756727e-17
1.78221774767476238e-17
2.01992318074415761e-17
2.28042747026454418e-17
2.56513878604847275e-17
2.8748847681484973e-17
3.20989688866682485e-17
3.57062573823871322e-17
3.95540770537932126e-17
4.36287060294640408e-17
4.79483813138884982e-17
5.25503032314600264e-17
5.74588520416726748e-17
6.26693369362044259e-17
6.82684696149902006e-17
7.40534989909414672e-17
8.03711733970638756e-17
8.69525659762408918e-17
9.36070531777992563e-17
1.01118628636190093e-16
1.07567144165462877e-16
1.156441936862788e-16
1.2474706417489221e-16
1.32578045808251189e-16
1.42051470239226844e-16
1.51221237121762243e-16
1.60869630001489992e-16
1.71534780385370287e-16
1.8273124741550221e-16
1.93614520637875989e-16
2.04932383649494312e-16
2.16878259588881149e-16
2.28742961364824133e-16
2.38848893447113875e-16
2.51504076012311624e-16
2.66069416987636576e-16
2.83342894346546878e-16
2.95410849173050323e-16
3.06095356764093978e-16
3.17271616011918358e-16
5.8317299948451752e-22
2.89119976952451066e-21
8.18680813863356854e-21
1.85607475450519613e-20
3.84397553892622265e-20
7.19972511255345256e-20
1.33961323239468497e-19
2.24019953409383135e-19
3.76409738722057901e-19
5.51572170956111956e-19
8.41208898911255247e-19
1.25249422508716478e-18
1.8266476904482098e-18
2.60690846901633977e-18
3.34098770731610651e-18
4.50669075210736136e-18
6.00672557311423992e-18
7.88981088680629345e-18
1.04658873323647125e-17
1.28773411060244172e-17
1.61388780792425397e-17
2.00675340797726724e-17
2.45861394228411671e-17
3.08838321125972342e-17
3.88469780492494289e-17
4.87457442453890739e-17
5.93655467458340644e-17
7.0737993823670902e-17
8.28469963718043182e-17
9.5933446109793122e-17
1.10095362923441491e-16
1.25446069750036618e-16
1.42059136873613693e-16
1.59963491395665535e-16
1.79201962849528588e-16
1.99944395177552152e-16
2.22345757367219947e-16
2.46475791218109196e-16
2.7236077815584314e-16
3.00008708358118854e-16
3.29413447506647763e-16
3.60482778602024865e-16
3.93232781896174135e-16
4.26962387154151501e-16
4.6144661491645061e-16
4.97619206751900852e-16
5.36014420502868259e-16
5.76469830802388892e-16
6.18494621341633466e-16
6.62604011840516253e-16
7.07453709171965259e-16
7.55323489042488204e-16
8.04922839783386342e-16
8.54308071498702821e-16
9.08854538272575008e-16
9.58331660813973337e-16
1.01633972293855511e-15
1.07488529942552354e-15
1.12950233014462511e-15
1.1880594297852146e-15
1.24558006815905957e-15
1.31113882895830154e-15
1.38443606226422919e-15
1.47313843462965386e-15
1.53575212177101578e-15
1.58552429143789069e-15
1.63730606694983923e-15
1.69270190300286819e-15
1.74774892510378831e-15
1.81330082329215238e-15
1.8813609832999721e-15
1.94385789987004816e-15
2.00930811049523726e-15
2.07701807867539242e-15
2.15117161590401834e-15
1.92405283255193492e-20
8.8586042391262782e-20
2.56937350820256357e-19
6.01423783815643297e-19
1.18069677108731843e-18
2.09981660768333868e-18
3.76932139802877172e-18
5.87740541828723792e-18
9.13305889616197052e-18
1.36456610362113736e-17
2.00043438935230903e-17
2.90214287038114141e-17
3.93746995892832649e-17
5.31839738774292888e-17
7.15822198332699249e-17
9.37749287686159891e-17
1.18917230299222385e-16
1.51814996787433736e-16
1.85891430016725442e-16
2.30839297195116007e-16
2.79166024108377078e-16
3.30717761365125411e-16
4.00382994943429022e-16
4.93680591285319136e-16
5.97853415156216763e-16
7.0538063767029872e-16
8.14042163949190451e-16
9.26738772163311968e-16
1.04537986298184636e-15
1.17086095176873214e-15
1.30380873196749799e-15
1.44474019872779657e-15
1.59380112276503496e-15
1.74917367711795556e-15
1.9117296666660317e-15
2.08506504191777952e-15
2.26955661762750749e-15
2.46316890214984747e-15
2.66522225187976712e-15
2.87538637814879454e-15
3.0934218817792341e-15
3.31867229329182577e-15
3.55107810658743038e-15
3.78500806153349107e-15
4.01883416671393985e-15
4.25872065138217639e-15
4.50687484484545162e-15
4.76101606184620759e-15
5.02095496905925927e-15
5.28322856863464973e-15
5.55277075247821084e-15
5.83689311421244338e-15
6.1336104950707835e-15
6.45245159200599348e-15
6.82438048653384121e-15
7.07209078702211946e-15
7.28979704316407059e-15
7.52658822291982765e-15
7.77259017784810767e-15
8.0440906428338487e-15
8.34040788086887799e-15
8.63510771512066853e-15
8.90168230935594901e-15
9.20723472733368826e-15
9.46259709571255765e-15
9.75129963664017255e-15
1.00383287096014724e-14
1.02999966398677553e-14
1.05423452281017694e-14
1.08106245553280183e-14
1.1080441515598648e-14
1.12939258860777915e-14
1.15327998970096003e-14
1.17834764932849164e-14
1.19967588894884433e-14
8.76131657963058741e-19
3.5719325689389957e-18
8.80840203447234088e-18
1.84013449928667457e-17
3.45836406339457846e-17
6.03912223044820034e-17
9.78479959363975234e-17
1.52473085925924356e-16
2.297860949151761e-16
3.24531792004470704e-16
4.52112551556179793e-16
6.17915844617912607e-16
8.02749742694499598e-16
1.04682621635379909e-15
1.32145369839373141e-15
1.62028818423328762e-15
1.9973118112720656e-15
2.3773084016068267e-15
2.81958696449493366e-15
3.33242435437235606e-15
3.8176520596507796e-15
4.45827518865062307e-15
5.30706821595379042e-15
6.19938902477405537e-15
7.0650026318826234e-15
7.90334729600383716e-15
8.76235650689049539e-15
9.64050572282126412e-15
1.05388313745555903e-14
1.14631485388918875e-14
1.24163517230135618e-14
1.34043278667173891e-14
1.4426616711822398e-14
1.54644706812268405e-14
1.65225474114029188e-14
1.76245536957485972e-14
1.87638880284885575e-14
1.99199080022409293e-14
2.1089695304230913e-14
2.22749519817788317e-14
2.34797416970110728e-14
2.47098970160604878e-14
2.59652657149059677e-14
2.72299288911411091e-14
2.85552318061460473e-14
2.95728185825136968e-14
3.05245295447846188e-14
3.15322188610131881e-14
3.26369717629014963e-14
3.37279065275817138e-14
3.47742388415375532e-14
3.60349154781382731e-14
3.70085029288092819e-14
3.81174409903347305e-14
3.92330804339488575e-14
4.02537447037700262e-14
4.12783320415499468e-14
4.22944704356268567e-14
4.32453113225349986e-14
4.41499859467227603e-14
4.50879381497575301e-14
4.59065556074355744e-14
4.67195447579800319e-14
4.75682508083735176e-14
4.82620521136106027e-14
4.89691746405137335e-14
4.96822965412964292e-14
5.02253487084923769e-14
5.07909309962361176e-14
5.1392460649331197e-14
5.1825992942874171e-14
5.22524409393980145e-14
5.28430642368606579e-14
5.3301804714474737e-14
5.33825739753164406e-14
3.89463082801735398e-17
1.30508237977731917e-16
3.00429856500732545e-16
5.83086815650845801e-16
1.01688702551525928e-15
1.63716557734217057e-15
2.47970353683184763e-15
3.62741277711036997e-15
4.95548357086070164e-15
6.60687695361842563e-15
8.67759281274795451e-15
1.07433371597345314e-14
1.32991445813610566e-14
1.60957016434442958e-14
1.89119296367294439e-14
2.23594470109523782e-14
2.57043886527550626e-14
2.93201553026964043e-14
3.35058996560894939e-14
3.71538850944118695e-14
4.19452970032073964e-14
4.79262840602387226e-14
5.37376523943851845e-14
5.90243275017977864e-14
6.39701405467544488e-14
6.89691095061784923e-14
7.40000456516941986e-14
7.89677311724827346e-14
8.38381882031565453e-14
8.86502836201038921e-14
9.34580827872332563e-14
9.84504697183474028e-14
1.03569853366223931e-13
1.08806131374472993e-13
1.13604008932746826e-13
1.17925932740245928e-13
1.22093721118382544e-13
1.26474696997263848e-13
1.30851500847705385e-13
1.35142449304528456e-13
1.39319223612580155e-13
1.43368048967058548e-13
1.47262826775104034e-13
1.51002211752664963e-13
1.54536874790305099e-13
1.57688642654619864e-13
1.6066268775507693e-13
1.63736824786562892e-13
1.66634435034845749e-13
1.69169768165751204e-13
1.71868035176130764e-13
1.74326688972768354e-13
1.76478116407460296e-13
1.78540898989926017e-13
1.80406616453602759e-13
1.82054720856017934e-13
1.83518057801089511e-13
1.84890348022019514e-13
1.8601051472321511e-13
1.86927547630049483e-13
1.87818767530896904e-13
1.8849875088402549e-13
1.88994400166642538e-13
1.89503394654051299e-13
1.89788569149591419e-13
1.89841850123368894e-13
1.89781663977935829e-13
1.89663377093514564e-13
1.8947048180882442e-13
1.89180945415456848e-13
1.88741335366803286e-13
1.8840050880503477e-13
1.87914599357941372e-13
1.8705731513231103e-13
1.85315731583621441e-13
1.75630497708762834e-15
5.02375882788484739e-15
1.04418902774350753e-14
1.77693584743421018e-14
2.78312162442745423e-14
3.97057324601802614e-14
5.40270701674338924e-14
7.03766667126297226e-14
8.63594875502302242e-14
1.06180233869035866e-13
1.24546723210668018e-13
1.44404622856613969e-13
1.67035329788248562e-13
1.85968427124016609e-13
2.09871211866333744e-13
2.31407456554354166e-13
2.52452205220840967e-13
2.7778940534165732e-13
2.9751071463714124e-13
3.23274774820323966e-13
3.52588372037239567e-13
3.78037688402358174e-13
3.99588171537557133e-13
4.19436156985945005e-13
4.38533515348286638e-13
4.56809074704024155e-13
4.74204851952254603e-13
4.90348068526489701e-13
5.0525663290683023e-13
5.18984972766877929e-13
5.31686120275728289e-13
5.44319258201153489e-13
5.56264493880883524e-13
5.67348718835626793e-13
5.77499230779200717e-13
5.86690144658407365e-13
5.94936332260567514e-13
6.02271064956847714e-13
6.08725249519257064e-13
6.14324724837023359e-13
6.19089866889153073e-13
6.23032915477511726e-13
6.26151907889103219e-13
6.28419284711783833e-13
6.29780490339001646e-13
6.30187037499889504e-13
6.29906712461163011e-13
6.2923764360304418e-13
6.28097300667526349e-13
6.26413777933499321e-13
6.24097298197325344e-13
6.2124482571108083e-13
6.18238331724995285e-13
6.14998117655213867e-13
6.11571133982398126e-13
6.08091526932945557e-13
6.04657416667188192e-13
6.01012591677991087e-13
5.97244864709527924e-13
5.93415580551371336e-13
5.89736915639827461e-13
5.86295974568488324e-13
5.82271487557378539e-13
5.78232249233466345e-13
5.74629210660778747e-13
5.70900521753765149e-13
5.66509400097598561e-13
5.62315564276997551e-13
5.58769262608885958e-13
5.54521529266054879e-13
5.48529008481917993e-13
5.42931579811176066e-13
5.40699163012784256e-13
5.37762463561094234e-13
5.32060978406091377e-13
6.63507341819183517e-14
1.56016395789208332e-13
2.58919398368464021e-13
3.58210087043692656e-13
4.54097757015875716e-13
5.52142967823301144e-13
6.452635515360489e-13
7.36254243678027859e-13
8.30375211949950141e-13
9.15007347116176401e-13
9.97676876443227271e-13
1.08668580398131206e-12
1.16215345567999948e-12
1.23461403903964165e-12
1.31731610237186716e-12
1.37641752503400416e-12
1.44737210321526126e-12
1.53075412580749819e-12
1.59930719977373841e-12
1.6456740285307644e-12
1.69256131744870168e-12
1.73497070178755591e-12
1.77201976930340304e-12
1.80350566436895096e-12
1.82939389126351464e-12
1.85013618209414917e-12
1.86621677045269439e-12
1.8779616300349417e-12
1.88561028257791331e-12
1.88935986570632478e-12
1.88935416251893125e-12
1.88658944896783089e-12
1.88240973875594946e-12
1.87684313084132178e-12
1.86997592489072264e-12
1.86181793181348534e-12
1.85237905512942906e-12
1.84167685324772927e-12
1.82973146087644252e-12
1.81658197415205611e-12
1.8022601419097559e-12
1.78677650767664683e-12
1.77017914154677167e-12
1.75264270629286621e-12
1.73449619365733755e-12
1.71601907649423439e-12
1.69719622043485878e-12
1.67739741386012567e-12
1.65556697941946673e-12
1.63970448769601892e-12
1.6289441845900799e-12
1.62168117511549639e-12
1.61653365936111945e-12
1.6124288644558336e-12
1.60876362450494833e-12
1.60527826005999714e-12
1.60179454651693347e-12
1.59815013674126403e-12
1.59433749451056109e-12
1.59024803019636909e-12
1.58583341566114167e-12
1.58114221598760948e-12
1.57670093082308642e-12
1.57232602641475224e-12
1.56778048240091952e-12
1.56304026540453357e-12
1.55708608498308341e-12
1.55047967833491767e-12
1.54440220185935805e-12
1.53845291495288399e-12
1.53135794474434832e-12
1.52186419598886847e-12
1.51059033458769126e-12
1.49593696316080467e-12
1.48617910961481758e-12
)
;

boundaryField
{
    reactingWall
    {
        type            catalyticWall;
        gradient        uniform 0;
    }
    inertWall
    {
        type            zeroGradient;
    }
    inlet
    {
        type            fixedValue;
        value           uniform 0;
    }
    outlet
    {
        type            zeroGradient;
    }
    defaultFaces
    {
        type            empty;
    }
}


// ************************************************************************* //
