/*--------------------------------*- C++ -*----------------------------------*\
  =========                 |
  \\      /  F ield         | OpenFOAM: The Open Source CFD Toolbox
   \\    /   O peration     | Website:  https://openfoam.org
    \\  /    A nd           | Version:  8
     \\/     M anipulation  |
\*---------------------------------------------------------------------------*/
FoamFile
{
    version     2.0;
    format      ascii;
    class       volScalarField;
    location    "0.5";
    object      gas::h;
}
// * * * * * * * * * * * * * * * * * * * * * * * * * * * * * * * * * * * * * //

dimensions      [0 2 -2 0 0 0 0];

internalField   nonuniform List<scalar> 
1800
(
-158553.580710884096
-158553.580710884271
-158553.580710883893
-158553.580710884038
-158553.580710883514
-158553.580710883747
-158553.580710883747
-158553.580710883893
-158553.580710884271
-158553.580710884358
-158553.580710883834
-158553.580710884416
-158553.580710883893
-158553.580710884649
-158553.580710885231
-158553.580710883311
-158553.580710883194
-158553.58071088366
-158553.580710883776
-158553.580710884096
-158553.580710883834
-158553.580710883951
-158553.580710884096
-158553.580710883834
-158553.580710884038
-158553.580710883834
-158553.580710883951
-158553.580710883834
-158553.580710883893
-158553.580710883951
-158553.580710883834
-158553.580710883834
-158553.580710883456
-158553.580710883456
-158553.580710883747
-158553.580710883747
-158553.580710883747
-158553.580710883747
-158553.580710884038
-158553.580710883747
-158553.580710883834
-158553.580710883572
-158553.580710883427
-158553.580710883951
-158553.580710883951
-158553.580710883427
-158553.580710883834
-158553.580710883776
-158553.580710883602
-158553.580710883893
-158553.580710883747
-158553.580710883893
-158553.580710883951
-158553.580710883893
-158553.580710883834
-158553.580710884184
-158553.580710884271
-158553.580710884475
-158553.580710884213
-158553.580710883951
-158553.580710883572
-158553.580710883514
-158553.580710883311
-158553.580710883427
-158553.580710883572
-158553.580710883776
-158553.580710884096
-158553.580710883776
-158553.580710884329
-158553.580710884213
-158553.580710884213
-158553.580710884329
-158553.580710884416
-158553.580710884184
-158553.580710883776
-158553.580710883893
-158553.580710883951
-158553.580710883893
-158553.580710884184
-158553.580710883747
-158553.580710883834
-158553.580710883776
-158553.580710884649
-158553.580710884358
-158553.580710884329
-158553.580710884504
-158553.580710883747
-158553.580710883893
-158553.580710884096
-158553.580710883776
-158553.580710883514
-158553.580710883602
-158553.580710883514
-158553.580710884038
-158553.580710883834
-158553.580710884358
-158553.580710884038
-158553.580710883951
-158553.580710884096
-158553.580710883834
-158553.580710883602
-158553.580710883834
-158553.580710884038
-158553.580710883747
-158553.580710883747
-158553.580710883427
-158553.580710883427
-158553.580710883136
-158553.580710883194
-158553.580710883747
-158553.580710883893
-158553.580710884416
-158553.580710884329
-158553.580710884649
-158553.580710884562
-158553.580710884999
-158553.580710884911
-158553.580710884504
-158553.580710884416
-158553.580710884591
-158553.580710883427
-158553.580710883194
-158553.580710883136
-158553.580710882816
-158553.580710882583
-158553.58071088299
-158553.580710882816
-158553.580710882816
-158553.58071088299
-158553.580710883456
-158553.580710883747
-158553.580710884038
-158553.580710884416
-158553.580710884416
-158553.580710884999
-158553.580710883747
-158553.58071088366
-158553.580710883951
-158553.580710883602
-158553.580710883311
-158553.580710883834
-158553.580710884038
-158553.580710883834
-158553.580710884184
-158553.580710884184
-158553.580710884329
-158553.580710884504
-158553.580710884562
-158553.580710884853
-158553.580710885144
-158553.580710883747
-158553.580710883747
-158553.580710883834
-158553.580710884096
-158553.580710883747
-158553.580710883834
-158553.580710884038
-158553.580710884329
-158553.580710883893
-158553.580710883602
-158553.580710883136
-158553.580710883078
-158553.580710883456
-158553.58071088334
-158553.580710883311
-158553.580710883834
-158553.580710883834
-158553.580710884038
-158553.580710883834
-158553.580710883456
-158553.580710883747
-158553.580710883834
-158553.580710883951
-158553.580710884416
-158553.580710884271
-158553.580710884096
-158553.580710884329
-158553.580710884213
-158553.580710884271
-158553.580710884184
-158553.580710883834
-158553.580710883776
-158553.580710883572
-158553.580710883747
-158553.580710883514
-158553.580710883776
-158553.580710884096
-158553.580710884038
-158553.580710884096
-158553.580710884213
-158553.580710884184
-158553.580710884096
-158553.580710884038
-158553.580710883893
-158553.580710883572
-158553.580710883747
-158553.580710883834
-158553.580710883834
-158553.580710883514
-158553.580710883456
-158553.580710883747
-158553.580710883893
-158553.580710883893
-158553.580710883747
-158553.580710883893
-158553.580710883747
-158553.580710884096
-158553.580710883602
-158553.580710884038
-158553.580710884096
-158553.580710883514
-158553.580710883456
-158553.58071088366
-158553.580710883427
-158553.580710883456
-158553.580710883311
-158553.580710882816
-158553.580710883311
-158553.58071088334
-158553.580710883776
-158553.580710883572
-158553.580710883456
-158553.580710883602
-158553.580710883311
-158553.580710883194
-158553.580710883427
-158553.580710883951
-158553.580710884096
-158553.580710884038
-158553.580710883602
-158553.580710882903
-158553.580710883194
-158553.580710883194
-158553.580710883602
-158553.58071088366
-158553.580710883194
-158553.580710883572
-158553.580710883311
-158553.580710883194
-158553.580710883834
-158553.580710883194
-158553.580710883602
-158553.58071088334
-158553.58071088334
-158553.580710883572
-158553.580710883747
-158553.580710883572
-158553.580710883572
-158553.580710883747
-158553.580710884358
-158553.580710884038
-158553.580710884184
-158553.580710884562
-158553.580710884271
-158553.580710883572
-158553.580710883456
-158553.580710884184
-158553.580710884329
-158553.580710884416
-158553.580710883951
-158553.580710884416
-158553.580710884184
-158553.580710884213
-158553.580710884737
-158553.580710884969
-158553.580710885377
-158553.580710884999
-158553.580710884416
-158553.580710884213
-158553.580710883194
-158553.580710883893
-158553.580710884213
-158553.580710884038
-158553.580710883747
-158553.58071088366
-158553.580710883427
-158553.580710883514
-158553.580710883893
-158553.580710883776
-158553.580710883776
-158553.580710884213
-158553.580710883951
-158553.580710884184
-158553.580710884416
-158553.580710865266
-158553.580710883514
-158553.58071088366
-158553.580710883776
-158553.58071088334
-158553.580710883311
-158553.58071088299
-158553.580710883514
-158553.580710883514
-158553.580710883834
-158553.580710883834
-158553.580710884271
-158553.580710884475
-158553.580710884591
-158553.580710879614
-158553.580710537615
-158553.580710884678
-158553.580710884911
-158553.580710884504
-158553.580710884649
-158553.580710884591
-158553.580710883834
-158553.580710883456
-158553.580710883456
-158553.580710883136
-158553.580710883747
-158553.580710883747
-158553.580710883747
-158553.580710883311
-158553.580710879469
-158553.580710859125
-158553.580710761278
-158553.580710325448
-158553.580708527123
-158553.580701602448
-158553.580676783517
-158553.580594026309
-158553.580337487278
-158553.579598958342
-158553.577627730789
-158553.572762318247
-158553.561703926534
-158553.538740530581
-158553.493066818337
-158553.40365787386
-158553.231700866803
-158552.906726203801
-158552.302961395995
-158551.199765766942
-158549.216730515764
-158545.709403210494
-158539.605315216206
-158529.151909307955
-158511.538333425007
-158482.342889514635
-158434.749427119299
-158358.472954334109
-158238.342137783242
-158052.507356726273
-157770.270824563282
-157349.536481332878
-156733.763666583371
-155847.862855712214
-154590.80522747268
-152881.810459389526
-150502.585452864994
-147648.595494959241
-144148.971129362501
-140348.996501493879
-135931.582912949176
-131415.511021813087
-126462.093598094973
-121592.445762985109
-116450.688426759603
-111672.079665111611
-106810.156504689177
-102338.925800905112
-97989.9742338959768
-93931.5179199513223
-89994.8049681207631
-86314.63792918947
-82751.3682492256776
-79426.6677449707058
-76063.6942576164583
-72920.246133266206
-69527.7241222679877
-66440.369810196411
-63263.2249417441417
-60196.4025500061907
-56848.6467292437592
-52357.4132738844564
-158553.580710884213
-158553.580710884271
-158553.580710884475
-158553.580710884562
-158553.580710884475
-158553.580710884416
-158553.580710884649
-158553.580710884678
-158553.580710885057
-158553.580710884999
-158553.580710884649
-158553.580710884504
-158553.580710884591
-158553.580710884504
-158553.580710883747
-158553.580710878101
-158553.580710854556
-158553.580710757407
-158553.580710383132
-158553.580709036411
-158553.580704506399
-158553.580690284871
-158553.580648633273
-158553.580534939363
-158553.580246159981
-158553.579565819411
-158553.578097917693
-158553.575165300455
-158553.569405101764
-158553.55829986243
-158553.537264220184
-158553.498072392656
-158553.42619500056
-158553.296365934337
-158553.0653335276
-158552.660224591033
-158551.960221556859
-158550.768285549915
-158548.768438841973
-158545.462684596103
-158540.08010009196
-158531.449182817596
-158517.823369420978
-158496.648791732092
-158464.261779907363
-158415.495168580645
-158343.119785882795
-158236.747436703328
-158084.239413257135
-157860.604740381241
-157569.553859328415
-157144.378564143553
-156677.518708413059
-156015.750602224492
-155315.477745183103
-154330.482519832236
-153415.725446193246
-152159.905824220885
-150938.397100566246
-149480.121340006182
-148035.441134524386
-146201.3017043336
-144526.851976554462
-142781.966693758877
-140959.235187914281
-138749.337559955602
-136983.354930186702
-135072.850462826551
-132715.062407512742
-130714.226159291225
-128740.731493493964
-126253.90460108871
-123832.61944274811
-121246.920939239892
-118280.983422696794
-158553.580710883747
-158553.580710883427
-158553.580710883602
-158553.58071088366
-158553.580710883747
-158553.580710883747
-158553.580710883602
-158553.580710883834
-158553.580710883602
-158553.580710884038
-158553.580710884271
-158553.580710883834
-158553.580710883893
-158553.580710884096
-158553.580710883747
-158553.580710883194
-158553.580710881826
-158553.5807108749
-158553.580710849375
-158553.580710756738
-158553.580710444832
-158553.58070945862
-158553.580706544046
-158553.580698489532
-158553.580677710939
-158553.580627790565
-158553.580517247814
-158553.580295209162
-158553.579858352226
-158553.579015261232
-158553.577417650522
-158553.574440805271
-158553.56898035531
-158553.559112386924
-158553.541534331773
-158553.51066064823
-158553.457185435022
-158553.365838765545
-158553.211950029276
-158552.956287073815
-158552.537464875059
-158551.861015705072
-158550.78398649834
-158549.093656210665
-158546.478530609136
-158542.488781170337
-158536.48073753051
-158527.534715763497
-158514.335564658715
-158494.962150611391
-158468.336218594195
-158429.978148095572
-158381.288760183059
-158309.742474045488
-158231.325053255307
-158118.034927398781
-157999.508647053823
-157834.177802446065
-157662.78036816747
-157451.511943325429
-157186.653558051039
-156905.676454732078
-156610.392978457792
-156206.729278275685
-155833.820766780525
-155440.897368481965
-154908.708613999974
-154448.851770647685
-153906.778691742569
-153281.332031535159
-152726.994529212301
-151994.072196880385
-151242.378895122791
-150544.969897729345
-149717.225995493267
-158553.580710884038
-158553.580710883893
-158553.58071088366
-158553.580710883776
-158553.580710883572
-158553.580710882816
-158553.580710883136
-158553.580710883194
-158553.580710883136
-158553.580710882845
-158553.580710882845
-158553.580710882961
-158553.580710882699
-158553.580710882583
-158553.580710882641
-158553.580710882845
-158553.580710882583
-158553.580710882379
-158553.580710880895
-158553.580710874958
-158553.580710855837
-158553.580710795097
-158553.580710614129
-158553.580710108305
-158553.580708782771
-158553.580705533182
-158553.580698160076
-158553.58068317271
-158553.580653645215
-158553.580596615298
-158553.580488533102
-158553.58028718445
-158553.579917941533
-158553.579250667972
-158553.578061512002
-158553.57597066008
-158553.572342496627
-158553.566128026461
-158553.55562025687
-158553.538080896833
-158553.509180589172
-158553.462174419343
-158553.386708973994
-158553.267125475191
-158553.08008235984
-158552.791263122956
-158552.350852341217
-158551.687382617238
-158550.699819363974
-158549.247671703168
-158547.144188632374
-158544.103467954497
-158539.818535542378
-158533.480244859558
-158526.052520816942
-158515.444894284825
-158502.876567449712
-158485.082426530105
-158464.886916452902
-158441.145543347317
-158409.154678172665
-158367.744317145698
-158329.839591104392
-158278.821457352664
-158209.025526847865
-158151.16307443913
-158074.370116764738
-157987.340336734982
-157891.592156971194
-157778.684530731378
-157669.551968890708
-157535.478598996415
-157388.590302200522
-157212.367188604228
-156994.998364843021
-158553.580710884271
-158553.580710884271
-158553.580710884038
-158553.580710883834
-158553.580710883951
-158553.580710883747
-158553.580710883776
-158553.580710883776
-158553.580710883747
-158553.580710883456
-158553.580710883602
-158553.580710883747
-158553.580710883572
-158553.580710883427
-158553.580710883194
-158553.580710883194
-158553.580710883572
-158553.580710883194
-158553.58071088334
-158553.580710882961
-158553.580710881826
-158553.580710878217
-158553.580710867158
-158553.580710835289
-158553.580710751412
-158553.580710542767
-158553.580710058333
-158553.580709055881
-158553.580707075598
-158553.580703242507
-158553.580695967918
-158553.580682402942
-158553.580657508894
-158553.580612491409
-158553.580532198132
-158553.580390857183
-158553.580145192653
-158553.579723474366
-158553.579008346278
-158553.577810313494
-158553.575827431749
-158553.572584977373
-158553.567346553464
-158553.558985074749
-158553.545798162755
-158553.525247268873
-158553.493592980521
-158553.445390795008
-158553.372806380095
-158553.264712662291
-158553.105566876387
-158552.873168713966
-158552.536318961444
-158552.051863981324
-158551.406869612867
-158550.530134859553
-158549.336054032523
-158547.663750376989
-158545.599127997353
-158543.240211452794
-158539.945287113631
-158535.259667025006
-158530.855144491768
-158524.918431750702
-158516.599529439205
-158508.305977097945
-158499.130105836608
-158486.685536811798
-158472.019613916113
-158456.55095642191
-158439.88267053038
-158417.405557906837
-158394.491630529927
-158367.13687298377
-158328.907920057623
-158553.580710883834
-158553.580710883834
-158553.580710883747
-158553.580710884213
-158553.580710883893
-158553.580710884038
-158553.58071088366
-158553.580710883194
-158553.580710883893
-158553.580710883456
-158553.580710883136
-158553.580710882641
-158553.580710882903
-158553.580710882903
-158553.580710882903
-158553.580710882816
-158553.580710882816
-158553.580710882699
-158553.580710882758
-158553.580710882583
-158553.580710882903
-158553.580710882758
-158553.580710881972
-158553.580710880313
-158553.580710874725
-158553.580710862123
-158553.580710832175
-158553.580710767885
-158553.580710640555
-158553.580710393057
-158553.580709922215
-158553.580709041969
-158553.580707423534
-158553.580704492808
-158553.58069925732
-158553.580690026982
-158553.580673951219
-158553.580646287242
-158553.580599236651
-158553.580520131916
-158553.580388644972
-158553.580172555929
-158553.579821421299
-158553.579257228936
-158553.578360796004
-158553.576952210075
-158553.574763063429
-158553.571397499123
-158553.566278283251
-158553.558573073184
-158553.547094484267
-158553.530161498929
-158553.505431388621
-158553.469729854609
-158553.419094586861
-158553.348243495886
-158553.248767888901
-158553.108221445611
-158552.92678861352
-158552.708004189015
-158552.397947521473
-158551.949178639479
-158551.495466089895
-158550.878630638879
-158550.021970892063
-158549.012048873876
-158548.0091269642
-158546.634395811736
-158544.722743580875
-158542.881653503631
-158540.758350132091
-158537.896619862266
-158534.694163145439
-158530.753672850027
-158524.775538165064
-158553.580710883834
-158553.580710884213
-158553.580710884358
-158553.580710884358
-158553.580710884213
-158553.580710883834
-158553.580710883776
-158553.580710884271
-158553.580710884213
-158553.580710883951
-158553.580710884184
-158553.580710883776
-158553.580710883747
-158553.580710883747
-158553.580710883602
-158553.58071088334
-158553.580710883834
-158553.580710883776
-158553.580710884096
-158553.580710883834
-158553.580710884038
-158553.580710884096
-158553.580710884416
-158553.580710884213
-158553.580710883776
-158553.580710882845
-158553.580710881157
-158553.580710877082
-158553.580710868846
-158553.580710853275
-158553.580710823939
-158553.580710768874
-158553.580710667418
-158553.580710483075
-158553.580710152513
-158553.580709568894
-158553.580708549911
-158553.580706791428
-158553.58070379094
-158553.580698727921
-158553.580690276955
-158553.580676322395
-158553.580653524434
-158553.58061667229
-158553.580557725683
-158553.580464418075
-158553.580318241555
-158553.580091573327
-158553.579743630951
-158553.579214836704
-158553.578419052443
-158553.577232950774
-158553.575482100394
-158553.572924255393
-158553.569231572357
-158553.563945497299
-158553.556408604141
-158553.545750504767
-158553.531279893126
-158553.512395637925
-158553.485839752597
-158553.447516556509
-158553.405731664796
-158553.348046477913
-158553.268034647161
-158553.166312681482
-158553.063361749373
-158552.920973815839
-158552.719649728591
-158552.513426942751
-158552.274043692189
-158551.957540111704
-158551.552264888596
-158551.078129478876
-158550.332863953896
-158553.580710884853
-158553.580710884911
-158553.580710884678
-158553.580710884416
-158553.580710884562
-158553.580710884649
-158553.580710884562
-158553.580710884591
-158553.580710884416
-158553.580710884475
-158553.580710884271
-158553.580710884213
-158553.580710884358
-158553.580710884358
-158553.580710884096
-158553.580710883893
-158553.580710884096
-158553.580710884184
-158553.580710883834
-158553.580710884271
-158553.580710884562
-158553.580710884416
-158553.580710884678
-158553.580710885115
-158553.580710884911
-158553.580710884358
-158553.58071088366
-158553.580710883427
-158553.580710882758
-158553.580710881739
-158553.580710880138
-158553.580710876791
-158553.580710870767
-158553.580710859474
-158553.580710839335
-158553.580710803828
-158553.580710741895
-158553.580710634444
-158553.580710450071
-158553.58071013802
-158553.580709615169
-158553.580708747904
-158553.58070732365
-158553.580705008324
-158553.580701281229
-158553.580695341661
-158553.580685967812
-158553.580671317526
-158553.580648639356
-158553.580613867205
-158553.580561050418
-158553.58048157164
-158553.580363087589
-158553.580188147898
-158553.579932400433
-158553.579562059138
-158553.579030381719
-158553.578274148254
-158553.577212729055
-158553.575736562139
-158553.573674334009
-158553.570727736718
-158553.567207397457
-158553.562285024091
-158553.555405264196
-158553.546702374559
-158553.537044034485
-158553.523695368902
-158553.504943343985
-158553.484420792287
-158553.461231203226
-158553.429778537509
-158553.386223970447
-158553.332267304242
-158553.245641817834
-158553.580710884737
-158553.580710884562
-158553.580710884911
-158553.580710884591
-158553.580710884562
-158553.580710884358
-158553.580710884271
-158553.580710884358
-158553.580710884416
-158553.580710884737
-158553.580710884737
-158553.580710884329
-158553.580710884213
-158553.580710884271
-158553.580710884184
-158553.580710884038
-158553.580710883951
-158553.580710884184
-158553.580710884416
-158553.580710884329
-158553.580710884358
-158553.580710884213
-158553.580710884213
-158553.580710884213
-158553.580710884096
-158553.580710884096
-158553.580710883893
-158553.580710883834
-158553.580710883776
-158553.580710883747
-158553.580710883893
-158553.580710883514
-158553.58071088299
-158553.580710882292
-158553.580710881215
-158553.58071087912
-158553.58071087522
-158553.580710868671
-158553.580710857408
-158553.580710839247
-158553.58071080863
-158553.580710756825
-158553.580710671231
-158553.58071053095
-158553.580710304639
-158553.580709941307
-158553.580709365458
-158553.580708458496
-158553.580707042798
-158553.580704854074
-158553.580701501312
-158553.580696410063
-158553.58068874944
-158553.580677324237
-158553.580660439213
-158553.580635707156
-158553.580599793524
-158553.580548112834
-158553.580474518531
-158553.580370675598
-158553.580225103331
-158553.580021943082
-158553.579744585149
-158553.579360215546
-158553.578823215241
-158553.578170311404
-158553.577326136321
-158553.576179081167
-158553.574578811938
-158553.57282023874
-158553.570679000666
-158553.567762793624
-158553.563666731439
-158553.558362475276
-158553.549661523779
-158553.580710885377
-158553.580710885202
-158553.580710884649
-158553.580710884213
-158553.580710884504
-158553.580710884504
-158553.580710884416
-158553.580710884416
-158553.580710884416
-158553.580710884329
-158553.580710883747
-158553.580710883514
-158553.580710883747
-158553.580710883747
-158553.580710883834
-158553.58071088366
-158553.580710883834
-158553.580710883572
-158553.580710883776
-158553.580710883747
-158553.58071088366
-158553.58071088366
-158553.580710883602
-158553.580710883456
-158553.580710883427
-158553.580710883078
-158553.580710882845
-158553.58071088334
-158553.580710883311
-158553.580710883456
-158553.580710883136
-158553.580710883136
-158553.58071088334
-158553.580710883136
-158553.580710883194
-158553.580710883136
-158553.580710882641
-158553.580710882903
-158553.580710882146
-158553.58071088107
-158553.580710879411
-158553.580710876209
-158553.580710871203
-158553.58071086288
-158553.580710848706
-158553.58071082714
-158553.580710792332
-158553.580710737209
-158553.580710650625
-158553.580710516049
-158553.580710307753
-158553.580709988717
-158553.580709504691
-158553.580708775989
-158553.5807076903
-158553.580706083885
-158553.580703728017
-158553.580700302002
-158553.580695362733
-158553.580688302231
-158553.580678289931
-158553.580664207431
-158553.580644610367
-158553.580617451778
-158553.580579834525
-158553.580530352687
-158553.580463730061
-158553.580373768636
-158553.580249569379
-158553.580109878472
-158553.579922357167
-158553.579666272679
-158553.579318693315
-158553.578819774179
-158553.577986774093
-158553.580710883311
-158553.580710882816
-158553.580710883078
-158553.580710882961
-158553.580710882845
-158553.580710882816
-158553.580710883078
-158553.580710882816
-158553.580710882816
-158553.580710883136
-158553.580710883194
-158553.580710883136
-158553.580710882903
-158553.580710882903
-158553.580710883194
-158553.580710883136
-158553.580710883427
-158553.580710883602
-158553.580710883427
-158553.580710883078
-158553.580710883078
-158553.580710883078
-158553.580710883136
-158553.580710883194
-158553.580710883078
-158553.580710883194
-158553.58071088334
-158553.580710882903
-158553.580710882816
-158553.58071088299
-158553.580710882758
-158553.580710882758
-158553.58071088299
-158553.580710882903
-158553.580710882583
-158553.580710882496
-158553.580710882321
-158553.580710882292
-158553.580710882205
-158553.580710881972
-158553.580710881215
-158553.580710879876
-158553.580710877082
-158553.5807108726
-158553.580710866197
-158553.5807108554
-158553.580710837879
-158553.580710811104
-158553.580710769427
-158553.580710705864
-158553.580710610258
-158553.580710466107
-158553.580710250797
-158553.580709933362
-158553.580709468632
-158553.580708795489
-158553.580707830522
-158553.580706461478
-158553.580704537308
-158553.580701860657
-158553.580698169564
-158553.58069312101
-158553.580686266563
-158553.580677002115
-158553.580664529145
-158553.580647834984
-158553.580625812989
-158553.580596196844
-158553.580559745838
-158553.580512139481
-158553.580447998829
-158553.580361062574
-158553.580268675083
-158553.580129562208
-158553.579894435446
-158553.580710883747
-158553.580710884038
-158553.580710884271
-158553.580710884213
-158553.580710883602
-158553.580710883514
-158553.580710883514
-158553.580710883602
-158553.58071088334
-158553.58071088334
-158553.580710883194
-158553.580710882845
-158553.580710882816
-158553.580710882641
-158553.580710882496
-158553.580710882525
-158553.580710882816
-158553.580710882583
-158553.580710882816
-158553.580710882903
-158553.580710883194
-158553.580710883136
-158553.580710883136
-158553.580710882699
-158553.580710883078
-158553.580710883078
-158553.580710882845
-158553.580710883136
-158553.580710883194
-158553.580710883194
-158553.580710883194
-158553.58071088334
-158553.580710883194
-158553.580710882961
-158553.580710882583
-158553.580710881739
-158553.580710879934
-158553.580710876733
-158553.580710870767
-158553.580710861366
-158553.58071084597
-158553.580710820912
-158553.580710780283
-158553.580710714159
-158553.580710607988
-158553.580710440438
-158553.580710178328
-158553.580709773261
-158553.580709154106
-158553.580708217167
-158553.58070681378
-158553.580704731314
-158553.580701669591
-158553.580697210738
-158553.580690785107
-158553.580681635096
-158553.580668765702
-158553.580650870485
-158553.580626190844
-158553.580593003717
-158553.580548286496
-158553.580488391366
-158553.580410478433
-158553.580306563876
-158553.580167032691
-158553.579987152887
-158553.579767944437
-158553.579474804399
-158553.579110343329
-158553.578704773972
-158553.578173640824
-158553.577487735602
-158553.576674489304
-158553.575540633086
-158553.573725463531
-158553.580710883834
-158553.580710883893
-158553.580710884038
-158553.580710884416
-158553.580710884416
-158553.580710884504
-158553.580710884096
-158553.580710883951
-158553.580710884038
-158553.580710884038
-158553.580710883834
-158553.580710883572
-158553.58071088299
-158553.580710882583
-158553.580710882496
-158553.580710882321
-158553.580710882321
-158553.580710882321
-158553.580710882496
-158553.580710882496
-158553.580710882525
-158553.580710882525
-158553.580710882321
-158553.580710882758
-158553.580710882525
-158553.580710882641
-158553.580710882205
-158553.580710882001
-158553.580710882117
-158553.580710881448
-158553.580710880342
-158553.580710878538
-158553.580710874463
-158553.580710867565
-158553.580710855487
-158553.580710834416
-158553.580710798851
-158553.580710739479
-158553.580710640934
-158553.580710478302
-158553.580710211565
-158553.580709776259
-158553.580709070928
-158553.580707936169
-158553.580706130422
-158553.580703290703
-158553.58069888351
-158553.580692132062
-158553.580681913998
-158553.580666621681
-158553.580643965543
-158553.580610709352
-158553.58056232598
-158553.58049259879
-158553.58039323971
-158553.58025366356
-158553.580060663022
-158553.579797377402
-158553.579438721499
-158553.578976617689
-158553.578357961494
-158553.577565582382
-158553.576545276097
-158553.575181349152
-158553.573349534825
-158553.571110489283
-158553.568589183764
-158553.565223458718
-158553.561205531878
-158553.556796962483
-158553.551337436656
-158553.543905558356
-158553.535732010438
-158553.524640137854
-158553.507338996395
-158553.580710884184
-158553.580710884096
-158553.580710884475
-158553.580710884184
-158553.580710884038
-158553.580710883776
-158553.580710883602
-158553.580710883427
-158553.580710883834
-158553.580710884038
-158553.580710884271
-158553.580710884416
-158553.580710884562
-158553.580710884271
-158553.58071088366
-158553.580710883602
-158553.580710883572
-158553.580710883427
-158553.580710883194
-158553.580710882583
-158553.580710882117
-158553.580710881506
-158553.580710880982
-158553.580710880226
-158553.580710879702
-158553.580710878334
-158553.580710876297
-158553.580710872542
-158553.580710865965
-158553.580710853566
-158553.580710831855
-158553.580710792972
-158553.58071072356
-158553.580710601789
-158553.580710390408
-158553.580710030248
-158553.580709423346
-158553.580708412541
-158553.580706741952
-158553.580703997315
-158553.580699511251
-158553.580692211137
-158553.580680397339
-158553.58066142787
-158553.580631318444
-158553.580584251031
-158553.580511858541
-158553.580402185326
-158553.580238207971
-158553.579995748732
-158553.5796404836
-158553.57912368956
-158553.57837671123
-158553.577305365558
-158553.575788979651
-158553.573710969358
-158553.570917409874
-158553.567326239834
-158553.562516156293
-158553.556424797134
-158553.548683529632
-158553.539201771171
-158553.52704464487
-158553.510725044005
-158553.48851631218
-158553.46507881736
-158553.43841442751
-158553.402857632376
-158553.365843474312
-158553.321387587872
-158553.259273586562
-158553.160368512996
-158553.080569032434
-158552.999775176781
-158552.896771630098
-158553.58071088334
-158553.580710883194
-158553.580710883572
-158553.580710883194
-158553.580710883078
-158553.580710883311
-158553.580710883311
-158553.580710883136
-158553.580710883136
-158553.580710882903
-158553.580710882583
-158553.580710881972
-158553.580710881361
-158553.580710880458
-158553.58071087877
-158553.580710877199
-158553.580710875278
-158553.580710873037
-158553.580710869312
-158553.580710865441
-158553.580710860377
-158553.580710854818
-158553.580710847658
-158553.58071083916
-158553.58071082714
-158553.580710807932
-158553.580710774986
-158553.58071071608
-158553.580710607377
-158553.580710406124
-158553.58071003572
-158553.580709364556
-158553.580708167312
-158553.580706070177
-158553.580702464853
-158553.58069637118
-158553.580686212896
-158553.58066943608
-158553.5806418875
-158553.580596795829
-158553.580523102457
-158553.580402782361
-158553.580206822837
-158553.579890150402
-158553.579387034959
-158553.578612773243
-158553.577447912859
-158553.575719900109
-158553.573182743916
-158553.56949191587
-158553.564165603573
-158553.556526865374
-158553.545627483894
-158553.530183230818
-158553.508529102546
-158553.479153044464
-158553.441464571544
-158553.397491166223
-158553.338522206439
-158553.267549918499
-158553.184790457191
-158553.073934117623
-158552.917496625509
-158552.666648224927
-158552.460657540825
-158552.278960818716
-158552.069365173753
-158551.795541907049
-158551.464202639385
-158551.108920101891
-158550.623300788051
-158550.142248691351
-158549.508036391489
-158548.804139519722
-158547.709534057882
-158553.580710884184
-158553.580710883834
-158553.580710883456
-158553.580710883311
-158553.580710882321
-158553.580710880604
-158553.580710879382
-158553.580710877199
-158553.580710873648
-158553.580710867973
-158553.580710860435
-158553.580710852228
-158553.580710840994
-158553.580710825219
-158553.580710808106
-158553.580710787763
-158553.580710761336
-158553.580710732465
-158553.580710699054
-158553.58071065796
-158553.580710614799
-158553.580710563518
-158553.580710500188
-158553.580710408714
-158553.580710264243
-158553.580710009905
-158553.580709529633
-158553.580708596739
-158553.580706794892
-158553.580703372601
-158553.580697010853
-158553.580685439723
-158553.580664818961
-158553.580628827389
-158553.580567729572
-158553.580466530257
-158553.580301030888
-158553.580031126679
-158553.579591202317
-158553.578873997903
-158553.577703770599
-158553.575792558899
-158553.572674446652
-158553.567625683296
-158553.55960763825
-158553.547403660312
-158553.529334051214
-158553.502961817518
-158553.464819608809
-158553.410071292572
-158553.331827169051
-158553.219601226097
-158553.056317499926
-158552.811190683569
-158552.406662770605
-158552.073419049993
-158551.729648212378
-158551.315170622402
-158550.709996261954
-158550.009476143401
-158549.160331383289
-158548.072674918396
-158546.797760135814
-158545.487320049375
-158543.733733084402
-158541.809550469217
-158539.82030021926
-158537.14867464191
-158534.301776971435
-158531.508790268039
-158527.90977220636
-158524.403050478519
-158519.986241748091
-158515.093433570728
-158507.690517695359
-158553.580710882845
-158553.580710880604
-158553.580710875482
-158553.580710867245
-158553.580710853741
-158553.580710834125
-158553.580710804032
-158553.580710761249
-158553.580710709473
-158553.580710638198
-158553.580710553913
-158553.580710441573
-158553.580710317532
-158553.580710154347
-158553.580709976144
-158553.580709775531
-158553.580709530797
-158553.580709280184
-158553.580708982452
-158553.580708655383
-158553.580708314432
-158553.580707885907
-158553.58070727851
-158553.580706312438
-158553.580704577907
-158553.580701188941
-158553.580693780241
-158553.580678441533
-158553.580648281117
-158553.580590655911
-158553.580483863683
-158553.580291394785
-158553.579952082218
-158553.57936599059
-158553.578384921129
-158553.576786045596
-158553.574204804201
-158553.570019849401
-158553.563200692035
-158553.55202914463
-158553.533572689747
-158553.502658104466
-158553.45001179527
-158553.359215825039
-158553.197673732007
-158553.008210709435
-158552.761498810549
-158552.404059139983
-158551.875239483867
-158551.124500971637
-158550.086181835039
-158548.671967372618
-158546.751429034397
-158544.357654930733
-158541.463543745311
-158537.550856366986
-158533.348831763666
-158528.44531136041
-158522.127952832176
-158515.166736714425
-158508.245315348409
-158499.124263947684
-158488.706522235589
-158478.967535020114
-158466.407603216649
-158451.478762065439
-158437.089869365649
-158419.217143491725
-158400.659283611574
-158384.093075040262
-158362.247892118117
-158339.015964264428
-158312.858404348197
-158284.559294840263
-158243.024058035051
-158553.58071085866
-158553.580710801645
-158553.580710706301
-158553.580710547976
-158553.58071033156
-158553.58071002239
-158553.580709595437
-158553.580709058209
-158553.580708421505
-158553.580707622517
-158553.580706673296
-158553.580705643166
-158553.580704456981
-158553.580703095708
-158553.580701703206
-158553.580700033694
-158553.580698363163
-158553.580696497957
-158553.580694438017
-158553.580692387943
-158553.58068991889
-158553.580686402536
-158553.580680707528
-158553.580670180439
-158553.580648255243
-158553.580595637904
-158553.580471183523
-158553.580205281993
-158553.579679937102
-158553.578674510529
-158553.576823154493
-158553.57351435427
-158553.567553781031
-158553.556421131303
-158553.539344379999
-158553.515381006902
-158553.47932515142
-158553.417749618617
-158553.315914157982
-158553.149799704901
-158552.880861192622
-158552.447785570199
-158551.753890338092
-158550.648925748683
-158548.906513451366
-158546.212835057435
-158542.253332830267
-158536.667967062385
-158528.965922739822
-158518.529596100037
-158505.147471467702
-158488.03344259286
-158464.927505670435
-158442.017876133206
-158412.811723947787
-158378.459157803998
-158345.425272230874
-158304.686301029724
-158257.198988794436
-158215.102621141239
-158163.364867312863
-158101.995649514458
-158048.940228712338
-157985.148330881086
-157899.180894330813
-157772.507476573315
-157710.66513285879
-157651.956145319622
-157570.704455802188
-157489.749762213789
-157395.661001854052
-157256.021279173146
-157071.72635461099
-156947.315175665892
-156831.212652399787
-158553.580710293725
-158553.580709189584
-158553.580707430898
-158553.580704838998
-158553.580701537459
-158553.580697267083
-158553.58069216882
-158553.580686407688
-158553.580680375278
-158553.58067331402
-158553.580666138034
-158553.580658436753
-158553.580650084914
-158553.580641550187
-158553.580632666766
-158553.580623108981
-158553.58061400929
-158553.580603320122
-158553.580593138904
-158553.580581550777
-158553.580564875039
-158553.580537051486
-158553.580484130216
-158553.58035925639
-158553.580037142383
-158553.579226121627
-158553.57729269992
-158553.573202096537
-158553.565162553103
-158553.55000152046
-158553.523097639641
-158553.478263677884
-158553.404592996725
-158553.283889357845
-158553.086137550912
-158552.762103383575
-158552.231552386074
-158551.364636932296
-158549.952354731126
-158547.6588051976
-158543.941931351234
-158537.917199796706
-158528.11108861558
-158511.967702652648
-158484.660949366225
-158435.681327947445
-158380.998015199963
-158320.965487506328
-158238.276618436852
-158126.413034313387
-157983.761695315741
-157811.663911858952
-157623.42538143124
-157440.964796346612
-157247.523602042405
-157062.933996663603
-156851.146966692526
-156654.075836522185
-156453.975946888822
-156241.708137097245
-156024.233140881144
-155783.884106753278
-155559.953238090151
-155330.702546807472
-155052.01899435313
-154750.15768911413
-154491.062002063671
-154211.633440452308
-153834.102435248322
-153471.536413640657
-153162.975155658292
-152730.493741680722
-152098.21417408128
-151341.011275906465
-150917.947974080424
-158553.580690644885
-158553.580662826833
-158553.580631476158
-158553.580599275418
-158553.580567975529
-158553.580535504443
-158553.580503469537
-158553.580471712106
-158553.580439565209
-158553.580406763911
-158553.580375674646
-158553.580343053996
-158553.58030920403
-158553.580278965703
-158553.580246937054
-158553.580214295973
-158553.580182478123
-158553.580138373567
-158553.580093275988
-158553.580044715782
-158553.579942132841
-158553.579680625
-158553.578949588904
-158553.576914333244
-158553.571493760945
-158553.557889588003
-158553.5259800372
-158553.456637447263
-158553.314526444417
-158553.030275153957
-158552.553890023817
-158551.99109926197
-158551.023814084881
-158549.415046571667
-158546.754035516671
-158542.360138135467
-158535.135212080437
-158523.338957345288
-158504.250515161402
-158473.669337289466
-158425.198991624813
-158349.249395351246
-158231.690266824589
-158052.0995444445
-157781.566351345449
-157379.965620505944
-156792.951893969614
-155953.393405003822
-154838.834232765454
-153930.706719141541
-153256.241860789683
-152772.496790469886
-152423.26317165108
-152142.706146102864
-151882.324205691199
-151630.245402951492
-151357.524457543215
-151044.432123110892
-150697.528130947408
-150327.053872391465
-149905.009672285378
-149420.211598860391
-148905.187484185532
-148329.192325375247
-147771.677074785024
-147033.37862572138
-146250.166779233987
-145426.924315699347
-144434.198628456041
-143279.548951557779
-142274.660788138543
-141438.786155556911
-140365.383415726625
-139070.339589770185
-137593.038683480205
)
;

boundaryField
{
    reactingWall
    {
        type            calculated;
        value           nonuniform List<scalar> 
75
(
-158553.580690644885
-158553.580662826833
-158553.580631476158
-158553.580599275418
-158553.580567975529
-158553.580535504443
-158553.580503469537
-158553.580471712106
-158553.580439565209
-158553.580406763911
-158553.580375674646
-158553.580343053996
-158553.58030920403
-158553.580278965703
-158553.580246937054
-158553.580214295973
-158553.580182478123
-158553.580138373567
-158553.580093275988
-158553.580044715782
-158553.579942132841
-158553.579680625
-158553.578949588904
-158553.576914333244
-158553.571493760945
-158553.557889588003
-158553.5259800372
-158553.456637447263
-158553.314526444417
-158553.030275153957
-158552.553890023817
-158551.99109926197
-158551.023814084881
-158549.415046571667
-158546.754035516671
-158542.360138135467
-158535.135212080437
-158523.338957345288
-158504.250515161402
-158473.669337289466
-158425.198991624813
-158349.249395351246
-158231.690266824589
-158052.0995444445
-157781.566351345449
-157379.965620505944
-156792.951893969614
-155953.393405003822
-154838.834232765454
-153930.706719141541
-153256.241860789683
-152772.496790469886
-152423.26317165108
-152142.706146102864
-151882.324205691199
-151630.245402951492
-151357.524457543215
-151044.432123110892
-150697.528130947408
-150327.053872391465
-149905.009672285378
-149420.211598860391
-148905.187484185532
-148329.192325375247
-147771.677074785024
-147033.37862572138
-146250.166779233987
-145426.924315699347
-144434.198628456041
-143279.548951557779
-142274.660788138543
-141438.786155556911
-140365.383415726625
-139070.339589770185
-137593.038683480205
)
;
    }
    inertWall
    {
        type            calculated;
        value           nonuniform List<scalar> 
105
(
-158553.580710883514
-158553.58071088366
-158553.580710883776
-158553.58071088334
-158553.580710883311
-158553.58071088299
-158553.580710883514
-158553.580710883514
-158553.580710883834
-158553.580710883834
-158553.580710884271
-158553.580710884475
-158553.580710884591
-158553.580710879614
-158553.580710537615
-158553.580710884096
-158553.580710884271
-158553.580710883893
-158553.580710884038
-158553.580710883514
-158553.580710883747
-158553.580710883747
-158553.580710883893
-158553.580710884271
-158553.580710884358
-158553.580710883834
-158553.580710884416
-158553.580710883893
-158553.580710884649
-158553.580710885231
-158553.580710884678
-158553.580710884911
-158553.580710884504
-158553.580710884649
-158553.580710884591
-158553.580710883834
-158553.580710883456
-158553.580710883456
-158553.580710883136
-158553.580710883747
-158553.580710883747
-158553.580710883747
-158553.580710883311
-158553.580710879469
-158553.580710859125
-158553.580710761278
-158553.580710325448
-158553.580708527123
-158553.580701602448
-158553.580676783517
-158553.580594026309
-158553.580337487278
-158553.579598958342
-158553.577627730789
-158553.572762318247
-158553.561703926534
-158553.538740530581
-158553.493066818337
-158553.40365787386
-158553.231700866803
-158552.906726203801
-158552.302961395995
-158551.199765766942
-158549.216730515764
-158545.709403210494
-158539.605315216206
-158529.151909307955
-158511.538333425007
-158482.342889514635
-158434.749427119299
-158358.472954334109
-158238.342137783242
-158052.507356726273
-157770.270824563282
-157349.536481332878
-156733.763666583371
-155847.862855712214
-154590.80522747268
-152881.810459389526
-150502.585452864994
-147648.595494959241
-144148.971129362501
-140348.996501493879
-135931.582912949176
-131415.511021813087
-126462.093598094973
-121592.445762985109
-116450.688426759603
-111672.079665111611
-106810.156504689177
-102338.925800905112
-97989.9742338959768
-93931.5179199513223
-89994.8049681207631
-86314.63792918947
-82751.3682492256776
-79426.6677449707058
-76063.6942576164583
-72920.246133266206
-69527.7241222679877
-66440.369810196411
-63263.2249417441417
-60196.4025500061907
-56848.6467292437592
-52357.4132738844564
)
;
    }
    inlet
    {
        type            calculated;
        value           uniform -158553.580710883514;
    }
    outlet
    {
        type            calculated;
        value           nonuniform List<scalar> 
20
(
-52357.4132738844564
-118280.983422696794
-149717.225995493267
-156994.998364843021
-158328.907920057623
-158524.775538165064
-158550.332863953896
-158553.245641817834
-158553.549661523779
-158553.577986774093
-158553.579894435446
-158553.573725463531
-158553.507338996395
-158552.896771630098
-158547.709534057882
-158507.690517695359
-158243.024058035051
-156831.212652399787
-150917.947974080424
-137593.038684840722
)
;
    }
    defaultFaces
    {
        type            empty;
    }
}


// ************************************************************************* //
