/*--------------------------------*- C++ -*----------------------------------*\
  =========                 |
  \\      /  F ield         | OpenFOAM: The Open Source CFD Toolbox
   \\    /   O peration     | Website:  https://openfoam.org
    \\  /    A nd           | Version:  8
     \\/     M anipulation  |
\*---------------------------------------------------------------------------*/
FoamFile
{
    version     2.0;
    format      ascii;
    class       volScalarField;
    location    "0.5";
    object      gas::cTot;
}
// * * * * * * * * * * * * * * * * * * * * * * * * * * * * * * * * * * * * * //

dimensions      [0 -3 0 0 1 0 0];

internalField   nonuniform List<scalar> 
1800
(
0.0291546103565090663
0.02915460062996688
0.0291545956343551085
0.0291545948827438006
0.0291545941302623693
0.0291545923294595569
0.0291545903056917195
0.0291545886389457803
0.0291545872489036191
0.0291545858723649166
0.0291545844249639849
0.0291545829684765161
0.0291545815597512303
0.0291545801951273338
0.029154578848118954
0.0291546018737456336
0.0291545986333306868
0.0291545955050346133
0.0291545942522702835
0.0291545933730397132
0.0291545918765165613
0.0291545900799664859
0.02915458848643835
0.0291545871260879622
0.0291545857903359046
0.0291545843865948263
0.0291545829645650234
0.0291545815839392986
0.0291545802493606773
0.0291545789389933592
0.0291546015794997421
0.0291545991190176497
0.0291545960309684028
0.0291545942643559874
0.0291545932703205432
0.0291545919617603976
0.0291545902818676553
0.0291545886732347097
0.0291545872773380718
0.0291545859420932335
0.0291545845567544905
0.0291545831475778054
0.0291545817723074772
0.0291545804438285983
0.0291545791505687657
0.0291545980326638615
0.0291545967223798483
0.0291545948519747015
0.0291545935140058894
0.0291545925829986008
0.0291545914254460227
0.0291545899421637063
0.0291545884491754177
0.0291545871046836255
0.0291545858176928234
0.0291545844884125334
0.029154583127196685
0.0291545817873505031
0.0291545804900825642
0.0291545792304877295
0.0291545977047497733
0.0291545968803343068
0.0291545952725130661
0.0291545937467340456
0.0291545925864035438
0.0291545914223291132
0.0291545900402408256
0.0291545885908719403
0.0291545872283086038
0.0291545859270455274
0.0291545846082686966
0.0291545832636061486
0.029154581933122304
0.0291545806409466667
0.0291545793869226466
0.0291545960136897556
0.0291545953331178269
0.0291545941285324857
0.0291545929623988724
0.029154591990665446
0.029154590966771074
0.0291545897311571781
0.0291545883875940007
0.0291545870782991511
0.0291545858148233965
0.0291545845401407107
0.0291545832372077755
0.029154581936223261
0.0291545806634674505
0.0291545794227705997
0.0291545957946734123
0.0291545953983689717
0.029154594442431906
0.029154593263391728
0.0291545921444922272
0.029154591038894246
0.0291545898146165286
0.0291545884951480531
0.0291545871801175069
0.0291545859008580481
0.0291545846233250104
0.0291545833263646727
0.0291545820295666877
0.0291545807568208172
0.0291545795142570813
0.02915459498434202
0.0291545945422990345
0.0291545936508905354
0.0291545926274170628
0.0291545916588359516
0.0291545906747263384
0.0291545895557889997
0.0291545883193963101
0.0291545870544796457
0.0291545858068262692
0.0291545845606343418
0.0291545832926787749
0.0291545820186423464
0.0291545807607982502
0.0291545795255739384
0.0291545949558613265
0.02915459467439507
0.0291545939547490987
0.0291545929618105028
0.0291545919094390107
0.0291545908369978367
0.0291545896831322017
0.0291545884331045543
0.0291545871509038268
0.0291545858831316687
0.0291545846214050913
0.0291545833505341898
0.0291545820728968501
0.0291545808080488911
0.0291545795706818732
0.0291545946579290609
0.0291545943055118752
0.0291545935251869871
0.0291545925490953664
0.0291545915767027208
0.0291545905941916587
0.0291545895083373773
0.029154588305945188
0.0291545870577221283
0.0291545858169148207
0.0291545845777340627
0.0291545833218896065
0.0291545820566270555
0.0291545808014233507
0.0291545795691000205
0.0291545946484001832
0.0291545942974136413
0.0291545935194068191
0.029154592545172036
0.0291545915688633354
0.0291545905833775001
0.0291545894969801982
0.0291545882983074746
0.0291545870508465518
0.0291545858058997742
0.0291545845660335159
0.0291545833138330303
0.0291545820498378683
0.029154580794193953
0.0291545795597944052
0.0291545949518027085
0.0291545946699096302
0.029154593949957678
0.0291545929566418387
0.0291545919026128912
0.0291545908314295235
0.0291545896749832549
0.0291545884260505095
0.0291545871440868944
0.0291545858751338927
0.0291545846158136612
0.0291545833441259478
0.0291545820673339319
0.0291545808046408186
0.0291545795648326354
0.0291545949833789675
0.0291545945420473747
0.0291545936515029691
0.029154592628449754
0.0291545916587661706
0.0291545906711026155
0.0291545895553359143
0.0291545883201855503
0.0291545870553284632
0.0291545858063853372
0.0291545845569538761
0.0291545832922850585
0.0291545820187075165
0.0291545807584600025
0.0291545795255419987
0.0291545957940757758
0.0291545953981136551
0.0291545944426548076
0.0291545932636903052
0.0291545921440788912
0.0291545910372338415
0.029154589814012314
0.0291545884952490557
0.029154587180218558
0.0291545859002141361
0.0291545846215420304
0.0291545833255728894
0.029154582029037264
0.0291545807556732178
0.029154579513885559
0.0291545960132643597
0.0291545953328492084
0.0291545941284813426
0.0291545929623305763
0.029154591990203628
0.0291545909658248656
0.0291545897305673443
0.029154588387341359
0.0291545870780244021
0.0291545858141560379
0.0291545845390229971
0.0291545832363767424
0.0291545819355295034
0.0291545806626548019
0.0291545794222531698
0.0291545977043839305
0.0291545968800426721
0.0291545952723131808
0.0291545937464963087
0.0291545925859502328
0.029154591421660124
0.0291545900396801665
0.0291545885904514399
0.0291545872278580268
0.029154585926387918
0.0291545846074083743
0.0291545832628167662
0.0291545819324024146
0.0291545806402344135
0.029154579386342052
0.0291545980323183358
0.0291545967220643541
0.0291545948516886179
0.029154593513680941
0.0291545925825522044
0.0291545914248868832
0.0291545899416228299
0.0291545884486780517
0.029154587104152592
0.0291545858170463856
0.0291545844876605897
0.0291545831264522458
0.0291545817866398875
0.029154580489400346
0.0291545792298748482
0.0291546015791554862
0.0291545991186834136
0.0291545960306365121
0.0291545942639878375
0.0291545932698753334
0.0291545919612437449
0.0291545902813342937
0.0291545886727005155
0.0291545872767687911
0.0291545859414518646
0.0291545845560494642
0.0291545831468613126
0.0291545817716062361
0.0291545804431517265
0.0291545791499317093
0.0291546018733966038
0.0291545986329817819
0.0291545955046764414
0.0291545942518792039
0.0291545933725933272
0.0291545918760163641
0.0291545900794366389
0.0291545884858878529
0.029154587125501924
0.0291545857896978004
0.0291545843859112794
0.0291545829638647121
0.0291545815832443128
0.0291545802486830284
0.0291545789383416687
0.0291546103561561298
0.0291546006296107447
0.0291545956339853557
0.0291545948823406752
0.0291545941298121218
0.029154592328962628
0.0291545903051612654
0.0291545886383875533
0.0291545872483094451
0.0291545858717263649
0.0291545844242873421
0.0291545829677818669
0.0291545815590570009
0.0291545801944451607
0.0291545788474547388
0.0291545777942422528
0.0291545769701472834
0.0291545760301538046
0.0291545749818206759
0.029154573962858886
0.0291545730252423078
0.0291545721333260066
0.0291545712519633154
0.0291545703805601297
0.0291545695326739275
0.0291545687137262192
0.0291545679198752551
0.0291545671467826999
0.0291545663935941397
0.0291545656610456977
0.0291545649490788893
0.0291545642566252428
0.0291545635824930274
0.029154562925830213
0.0291545622859677479
0.0291545616621752823
0.0291545610536289995
0.0291545604595023766
0.0291545598790228754
0.0291545593114637576
0.029154558756121475
0.0291545582123117313
0.0291545576793789292
0.0291545571567031793
0.0291545566437003759
0.0291545561398196332
0.0291545556445421163
0.0291545551573808119
0.0291545546778803205
0.0291545542056155967
0.0291545537401903393
0.0291545532812351703
0.0291545528284057956
0.0291545523813810659
0.0291545519398608011
0.0291545515035629976
0.0291545510722209973
0.0291545506455801184
0.0291545502233938741
0.0291545498054196113
0.0291545493914136152
0.0291545489811239206
0.0291545485742654362
0.029154548170536726
0.029154547769581679
0.0291545473715248658
0.029154546976361273
0.0291545465833673266
0.0291545461924616785
0.0291545458036025391
0.0291545454169006429
0.0291545450322232488
0.0291545446499593026
0.0291545442698842444
0.0291545438917435312
0.0291545435156765585
0.0291545431416884472
0.0291545427697663152
0.0291545424000355172
0.0291545420323729501
0.0291545416662837217
0.0291545413012636034
0.0291545409362752236
0.0291545405693839875
0.0291545401958329467
0.0291545398062779092
0.0291545393875697022
0.0291545389503098488
0.0291545387021748467
0.0291545386211521165
0.0291545778749141421
0.0291545770229969595
0.0291545760919837416
0.0291545750658735447
0.0291545740587172558
0.029154573123236608
0.0291545722330332283
0.0291545713549330072
0.0291545704856959569
0.0291545696375965328
0.0291545688170340295
0.0291545680212812325
0.0291545672460784867
0.029154566490247686
0.0291545657545127929
0.0291545650390723013
0.0291545643430508386
0.0291545636652871393
0.0291545630049170994
0.0291545623613074824
0.0291545617337927061
0.0291545611215959337
0.0291545605239103174
0.0291545599399737967
0.0291545593690739832
0.0291545588105229028
0.0291545582636469
0.0291545577277949712
0.0291545572023486736
0.0291545566867244012
0.0291545561803707581
0.0291545556827667481
0.0291545551934217322
0.0291545547118756063
0.0291545542376981902
0.029154553770487715
0.029154553309869137
0.0291545528554924931
0.0291545524070311694
0.0291545519641798617
0.029154551526652011
0.0291545510941769725
0.0291545506664966508
0.0291545502433618285
0.0291545498245282669
0.0291545494097522583
0.0291545489987822364
0.0291545485913337343
0.0291545481871194959
0.0291545477858703508
0.0291545473875773377
0.0291545469918310964
0.0291545465985811221
0.0291545462074548622
0.0291545458185324229
0.0291545454313366717
0.0291545450465513015
0.0291545446642813982
0.0291545442844714855
0.0291545439065290027
0.0291545435307856669
0.0291545431572412042
0.0291545427860327305
0.0291545424181306745
0.0291545420537123456
0.0291545416927911777
0.0291545413369834056
0.0291545409888669602
0.029154540652688514
0.0291545403350062099
0.0291545400357280209
0.0291545397380253285
0.0291545394086579548
0.0291545390305460762
0.0291545385051515775
0.0291545780387518563
0.0291545771204650798
0.0291545761971810959
0.0291545752030370753
0.0291545742058658651
0.029154573262218729
0.0291545723642396282
0.0291545714836496349
0.0291545706125218157
0.0291545697602091682
0.029154568934183861
0.0291545681332875013
0.0291545673533922349
0.0291545665927941747
0.0291545658520513153
0.0291545651315688881
0.0291545644306411937
0.0291545637481012074
0.0291545630830316975
0.0291545624348067862
0.0291545618028103484
0.0291545611862993014
0.0291545605844726989
0.0291545599965677485
0.0291545594218779909
0.0291545588597243027
0.0291545583094373686
0.0291545577703649604
0.0291545572418851172
0.02915455672341042
0.0291545562143851258
0.029154555714282375
0.0291545552226041942
0.029154554738882215
0.0291545542626774172
0.0291545537935787788
0.0291545533312013022
0.0291545528751844737
0.029154552425190456
0.0291545519809020964
0.0291545515420203495
0.0291545511082615671
0.029154550679354397
0.0291545502550363093
0.0291545498350499546
0.0291545494191385521
0.0291545490070404846
0.0291545485984855551
0.0291545481932133747
0.0291545477910033143
0.029154547391732611
0.0291545469951960817
0.0291545466012375874
0.0291545462095745521
0.029154545820224094
0.0291545454329949841
0.02915454504812999
0.0291545446657088744
0.0291545442857569156
0.0291545439076718975
0.0291545435316455798
0.0291545431580280748
0.0291545427849888364
0.0291545424150586943
0.0291545420468615202
0.0291545416785848714
0.0291545413071557132
0.0291545409303652879
0.0291545405392985325
0.0291545401194421815
0.0291545396474850518
0.0291545390922153917
0.0291545384957444288
0.0291545380286364619
0.0291545380941754841
0.0291545780891804898
0.029154577142924902
0.0291545762529170291
0.0291545753053371257
0.0291545743269896879
0.0291545733823991779
0.0291545724850359698
0.0291545716117361173
0.029154570748143694
0.0291545698993886104
0.0291545690740612484
0.0291545682732370637
0.029154567493243997
0.0291545667317342737
0.029154565988964088
0.0291545652656233154
0.0291545645613640117
0.029154563875148521
0.0291545632060634385
0.0291545625535267194
0.0291545619170234319
0.029154561295904928
0.0291545606894261858
0.0291545600968593777
0.0291545595175339532
0.0291545589508090397
0.0291545583960473899
0.0291545578526192818
0.0291545573199187558
0.0291545567973712783
0.0291545562844314349
0.0291545557805793359
0.0291545552853204291
0.0291545547981870504
0.0291545543187390205
0.0291545538465625143
0.0291545533812683673
0.0291545529224907438
0.0291545524698857209
0.0291545520231297935
0.0291545515819176052
0.0291545511459595959
0.029154550714979386
0.0291545502887107094
0.0291545498668945684
0.0291545494492761077
0.0291545490356020683
0.0291545486256212134
0.0291545482190923022
0.0291545478157979564
0.029154547415554375
0.0291545470181601429
0.0291545466234011362
0.0291545462311130835
0.0291545458412475547
0.0291545454537148058
0.0291545450685542391
0.0291545446858480529
0.0291545443055830494
0.029154543927523327
0.0291545435518879605
0.0291545431788443402
0.0291545428082229732
0.0291545424413378329
0.0291545420772797367
0.0291545417179686281
0.0291545413642483112
0.0291545410196053581
0.0291545406900607547
0.0291545403844680161
0.0291545401107039769
0.0291545398631197113
0.0291545395933564093
0.0291545392025180372
0.0291545386221889989
0.029154578228017633
0.0291545772564882552
0.0291545763704717624
0.0291545754380841994
0.0291545744615701943
0.0291545735082046759
0.0291545726050100179
0.0291545717318914266
0.0291545708688379784
0.0291545700173251529
0.0291545691872107486
0.0291545683818441106
0.0291545675980071292
0.029154566832628806
0.029154566085566172
0.0291545653577343702
0.0291545646491083825
0.0291545639587125135
0.029154563285538275
0.0291545626289576067
0.0291545619884952013
0.0291545613635512124
0.029154560753392747
0.0291545601572836752
0.0291545595745520345
0.0291545590045657714
0.0291545584466957226
0.0291545579003135505
0.0291545573648106029
0.0291545568396095155
0.0291545563241624624
0.0291545558179461366
0.0291545553204607746
0.0291545548312323322
0.0291545543498136252
0.0291545538757834385
0.0291545534087446559
0.029154552948322851
0.0291545524941650806
0.0291545520459385102
0.0291545516033283013
0.0291545511660354154
0.0291545507337742441
0.0291545503062702709
0.0291545498832578957
0.0291545494644784506
0.0291545490496790891
0.0291545486386140182
0.0291545482310494528
0.0291545478267716054
0.0291545474255921512
0.0291545470273383879
0.0291545466318488336
0.0291545462389995423
0.029154545848706994
0.0291545454609038711
0.02915454507556468
0.0291545446927124301
0.0291545443123367234
0.0291545439343814279
0.0291545435589026548
0.0291545431859356122
0.0291545428155370219
0.0291545424478671135
0.0291545420821887509
0.0291545417175246326
0.0291545413506942297
0.0291545409757000655
0.0291545405818813552
0.0291545401534693306
0.0291545396748282004
0.0291545391511115332
0.0291545386554888653
0.0291545383382475036
0.0291545383107510644
0.0291545782566311161
0.0291545772813667399
0.0291545764068687485
0.0291545754938894938
0.0291545745313022166
0.0291545735838909179
0.0291545726848799584
0.0291545718176577894
0.0291545709602781741
0.0291545701120123311
0.0291545692832579743
0.0291545684788674965
0.0291545676960128508
0.0291545669311005611
0.0291545661836612492
0.0291545654548133054
0.0291545647448112275
0.0291545640527458884
0.0291545633775552419
0.0291545627186123556
0.0291545620755252165
0.02915456144778494
0.0291545608347113412
0.0291545602355967881
0.029154559649799839
0.0291545590767253206
0.0291545585157772028
0.0291545579663507713
0.0291545574278542462
0.0291545568997246506
0.0291545563814270235
0.029154555872448161
0.0291545553722950997
0.0291545548804978891
0.0291545543966116524
0.0291545539202161044
0.0291545534509136048
0.0291545529883279891
0.0291545525321037294
0.0291545520819049379
0.0291545516374137302
0.0291545511983283268
0.0291545507643611868
0.0291545503352373635
0.0291545499106929187
0.0291545494904736704
0.0291545490743347381
0.0291545486620414622
0.029154548253372204
0.0291545478481220581
0.0291545474461048192
0.0291545470471494747
0.0291545466510969575
0.0291545462578097006
0.0291545458671791415
0.029154545479127613
0.0291545450936117716
0.0291545447106279013
0.0291545443301833851
0.029154543952300889
0.0291545435770714859
0.0291545432046735817
0.0291545428353971077
0.0291545424696126321
0.0291545421076019363
0.0291545417497959744
0.0291545413968945198
0.0291545410510904816
0.0291545407177261247
0.0291545404062990496
0.0291545401270745762
0.0291545398775532663
0.0291545396183086614
0.0291545392762988034
0.0291545388149516381
0.0291545783464621337
0.0291545773651639313
0.0291545764894165192
0.0291545755805230136
0.0291545746204212586
0.0291545736704034511
0.0291545727671076137
0.0291545718974314354
0.0291545710388807014
0.0291545701888141495
0.0291545693572471121
0.0291545685498379378
0.0291545677642202489
0.0291545669965854806
0.0291545662461929062
0.0291545655142059074
0.0291545648010794051
0.0291545641060002823
0.0291545634278800175
0.0291545627660701953
0.0291545621202089315
0.0291545614898248533
0.0291545608742472991
0.0291545602727582912
0.0291545596847078807
0.0291545591095007765
0.0291545585465420587
0.029154557995223828
0.0291545574549482434
0.0291545569251466935
0.0291545564052798564
0.029154555894830108
0.0291545553932991662
0.0291545549002111097
0.0291545544151150839
0.0291545539375848151
0.0291545534672166574
0.029154553003628219
0.0291545525464577335
0.0291545520953633494
0.0291545516500215617
0.0291545512101253311
0.0291545507753824748
0.0291545503455143996
0.0291545499202549123
0.0291545494993493415
0.0291545490825542951
0.0291545486696383575
0.0291545482603838384
0.0291545478545890725
0.0291545474520700822
0.0291545470526604553
0.0291545466562111999
0.0291545462625945884
0.0291545458717086987
0.0291545454834781018
0.0291545450978527923
0.0291545447148084114
0.0291545443343426795
0.0291545439564889416
0.0291545435813536195
0.0291545432091549241
0.0291545428402343321
0.0291545424749936229
0.02915454211366382
0.0291545417558182543
0.0291545413991709107
0.0291545410374672853
0.0291545406583199086
0.0291545402449318661
0.0291545397865989979
0.0291545392987628722
0.0291545388425253175
0.0291545385268923325
0.0291545384207268117
0.0291545783574954781
0.0291545773783558268
0.0291545765084459431
0.0291545756066234826
0.0291545746533721298
0.0291545737075007312
0.0291545728068571749
0.0291545719404992867
0.0291545710859226516
0.0291545702389774432
0.0291545694091373715
0.0291545686027114039
0.0291545678179346568
0.0291545670509795359
0.0291545663008583207
0.029154565568714149
0.0291545648551692141
0.0291545641595201827
0.0291545634806794907
0.0291545628179673902
0.0291545621710226632
0.0291545615394060709
0.0291545609224757585
0.0291545603195300235
0.0291545597299357473
0.0291545591531212865
0.0291545585885163716
0.029154558035532567
0.0291545574935864679
0.0291545569621219428
0.0291545564406111013
0.0291545559285459124
0.0291545554254352517
0.0291545549308083012
0.0291545544442179498
0.0291545539652405504
0.0291545534934739732
0.0291545530285363882
0.0291545525700658489
0.0291545521177202401
0.0291545516711757859
0.0291545512301251801
0.0291545507942764098
0.0291545503633520685
0.0291545499370884989
0.0291545495152351723
0.0291545490975547127
0.0291545486838233059
0.0291545482738316264
0.0291545478673860547
0.0291545474643091669
0.029154547064439526
0.0291545466676310094
0.0291545462737538286
0.029154545882696635
0.0291545454943674884
0.0291545451086939883
0.0291545447256236941
0.0291545443451299777
0.0291545439672346481
0.0291545435920550176
0.0291545432198719763
0.029154542851200161
0.0291545424868271466
0.0291545421277845489
0.0291545417752632936
0.0291545414304725942
0.029154541094508022
0.0291545407682777258
0.0291545404524158024
0.029154540147461043
0.0291545398536985842
0.0291545395297665814
0.0291545391857902236
0.0291545388206003626
0.0291545784015831456
0.0291545774202868722
0.0291545765474934965
0.0291545756473062627
0.0291545746946780433
0.0291545737482009903
0.0291545728456454045
0.0291545719775973995
0.0291545711218328778
0.0291545702733601621
0.0291545694414146808
0.029154568632774689
0.0291545678460898988
0.0291545670774274318
0.0291545663255766453
0.0291545655916346062
0.0291545648763275114
0.0291545641790191407
0.0291545634985930432
0.0291545628343335729
0.0291545621858868044
0.0291545615528513262
0.0291545609346094553
0.0291545603304601275
0.0291545597397642291
0.0291545591619471606
0.0291545585964358075
0.0291545580426352362
0.0291545574999529204
0.0291545569678240656
0.0291545564457135545
0.029154555933106837
0.0291545554295063146
0.0291545549344349141
0.0291545544474397893
0.0291545539680921825
0.0291545534959851693
0.0291545530307321041
0.0291545525719665716
0.0291545521193431953
0.0291545516725354587
0.0291545512312334811
0.029154550795143272
0.0291545503639863597
0.0291545499374990143
0.0291545495154317581
0.0291545490975494113
0.0291545486836313449
0.0291545482734719488
0.0291545478668810872
0.0291545474636841911
0.0291545470637220513
0.0291545466668505331
0.0291545462729408678
0.0291545458818802707
0.0291545454935718332
0.0291545451079339296
0.0291545447248943226
0.0291545443443916794
0.0291545439663990248
0.0291545435909777717
0.029154543218377179
0.0291545428491714123
0.0291545424843828033
0.0291545421255211858
0.02915454177441823
0.0291545414322387612
0.0291545410958388568
0.0291545407503124611
0.0291545403638770947
0.0291545399057056634
0.0291545394380275484
0.0291545388880796903
0.029154538524363463
0.0291545384324456598
0.0291545783996106644
0.0291545774217864227
0.0291545765524432315
0.0291545756531044128
0.0291545747014256319
0.0291545737574058286
0.0291545728553833025
0.0291545719878158402
0.0291545711334251431
0.0291545702861364837
0.0291545694550957961
0.029154568647179302
0.0291545678611679834
0.0291545670931230676
0.029154566341754156
0.0291545656081203114
0.0291545648930173554
0.0291545641958492405
0.0291545635154864431
0.0291545628512109196
0.0291545622027076096
0.029154561569585128
0.0291545609512049338
0.029154560346845642
0.0291545597558625497
0.0291545591776869138
0.0291545586117549355
0.0291545580574804689
0.0291545575142795992
0.0291545569815966216
0.0291545564589055402
0.0291545559456999857
0.0291545554414891599
0.0291545549458016272
0.0291545544581892947
0.0291545539782274224
0.0291545535055123262
0.0291545530396590952
0.0291545525803018624
0.0291545521270979227
0.0291545516797227545
0.0291545512378678096
0.0291545508012407313
0.0291545503695651749
0.0291545499425801095
0.0291545495200397214
0.0291545491017135595
0.0291545486873868685
0.0291545482768607277
0.0291545478699518981
0.0291545474664922782
0.0291545470663280917
0.0291545466693189891
0.0291545462753369025
0.0291545458842647001
0.029154545495994999
0.0291545451104347521
0.0291545447274828839
0.0291545443470201913
0.0291545439689243763
0.0291545435931145694
0.029154543219681528
0.0291545428491334878
0.0291545424826737849
0.0291545421224622854
0.0291545417721649595
0.0291545414382699819
0.0291545411316061487
0.0291545408621271644
0.0291545406038700682
0.0291545401998964046
0.0291545401412419795
0.0291545405107332921
0.0291545402904711953
0.0291545394405160786
0.0291545783946632192
0.0291545774127489818
0.0291545765418051855
0.0291545756446273535
0.029154574695222351
0.0291545737478988778
0.0291545728462599858
0.029154571979932653
0.029154571125363047
0.0291545702782572864
0.029154569447606124
0.0291545686402703078
0.0291545678548824766
0.0291545670873832319
0.0291545663364165958
0.0291545656031539091
0.0291545648884051004
0.0291545641915574583
0.0291545635114878326
0.0291545628474802684
0.0291545621992112466
0.0291545615663037737
0.0291545609481280582
0.0291545603439629583
0.029154559753161613
0.0291545591751541516
0.0291545586093766955
0.0291545580552430815
0.0291545575121691831
0.0291545569795991673
0.0291545564570069929
0.0291545559438863462
0.0291545554397465434
0.0291545549441162913
0.0291545544565477641
0.0291545539766167039
0.0291545535039207174
0.0291545530380791784
0.0291545525787324754
0.0291545521255363559
0.0291545516781641714
0.029154551236307169
0.0291545507996734364
0.0291545503679868229
0.0291545499409866411
0.0291545495184275735
0.0291545491000798559
0.029154548685729538
0.029154548275178379
0.0291545478682435424
0.0291545474647569441
0.02915454706456461
0.0291545466675259927
0.0291545462735130524
0.0291545458824073005
0.0291545454940943492
0.0291545451084463912
0.0291545447253145351
0.0291545443444871447
0.0291545439655584125
0.0291545435876306124
0.0291545432087280364
0.0291545428250036681
0.0291545424302786967
0.0291545420163656262
0.0291545415738564649
0.0291545410935451915
0.0291545405722427008
0.0291545400343553376
0.0291545395829837344
0.0291545394700288146
0.0291545392278224971
0.0291545389153117819
0.0291545387740364849
0.0291545386638295302
0.0291545783965910521
0.029154577414488226
0.0291545765426609108
0.0291545756417692856
0.0291545746896037551
0.0291545737423796122
0.0291545728398679704
0.0291545719721039848
0.0291545711162898603
0.0291545702678151393
0.0291545694359947039
0.0291545686275866862
0.0291545678411413815
0.0291545670726995471
0.0291545663210519036
0.0291545655873244984
0.0291545648722275549
0.0291545641751066939
0.029154563494851328
0.0291545628307530585
0.0291545621824611245
0.0291545615495627762
0.0291545609314399871
0.0291545603273947219
0.0291545597367883387
0.0291545591590457107
0.0291545585935935013
0.0291545580398367976
0.0291545574971829868
0.0291545569650670765
0.0291545564429536788
0.029154555930328091
0.0291545554266925966
0.0291545549315700252
0.0291545544445075654
0.029154553965076626
0.0291545534928709556
0.0291545530275050986
0.0291545525686136044
0.0291545521158497641
0.0291545516688865233
0.0291545512274156739
0.0291545507911460423
0.0291545503598024357
0.0291545499331256723
0.0291545495108728667
0.0291545490928177449
0.0291545486787510334
0.0291545482684802716
0.0291545478618289999
0.0291545474586356983
0.0291545470587524433
0.0291545466620440029
0.0291545462683863027
0.0291545458776638414
0.0291545454897650103
0.0291545451045768997
0.0291545447219863502
0.0291545443418702137
0.0291545439640855802
0.0291545435885077753
0.02915454321518339
0.0291545428446169964
0.0291545424780475584
0.0291545421176320069
0.0291545417668761415
0.02915454143183124
0.0291545411230821026
0.0291545408568457641
0.0291545406574583582
0.0291545405878447794
0.0291545402128532832
0.0291545393947402927
0.029154538824082938
0.0291545385619936849
0.0291545783580780191
0.0291545773782151928
0.0291545765063505671
0.0291545756062420378
0.0291545746535353395
0.0291545737075586744
0.0291545728068857285
0.0291545719406159157
0.0291545710859748008
0.0291545702389232539
0.0291545694089965848
0.0291545686025191236
0.0291545678177179551
0.0291545670507113927
0.0291545663005200913
0.0291545655683130255
0.0291545648547059597
0.0291545641589838755
0.0291545634800621303
0.0291545628172663537
0.0291545621702348143
0.0291545615385229578
0.0291545609214868655
0.0291545603184256187
0.0291545597287062169
0.0291545591517560522
0.0291545585870037136
0.0291545580338599605
0.0291545574917405383
0.0291545569600883819
0.0291545564383744772
0.0291545559260897279
0.0291545554227419651
0.0291545549278593788
0.0291545544409939315
0.0291545539617212753
0.0291545534896388674
0.0291545530243646454
0.029154552565536531
0.02915455211281184
0.0291545516658669804
0.0291545512243964952
0.0291545507881118618
0.0291545503567406106
0.0291545499300262141
0.0291545495077287845
0.0291545490896259057
0.0291545486755133039
0.0291545482652044059
0.0291545478585289002
0.0291545474553309009
0.029154547055467564
0.0291545466588084175
0.0291545462652341367
0.029154545874633675
0.0291545454869023869
0.029154545101942566
0.02915454471966622
0.0291545443399989085
0.0291545439628977457
0.0291545435884080703
0.0291545432167801405
0.0291545428486334919
0.0291545424851017351
0.0291545421279195728
0.0291545417795138068
0.0291545414430200191
0.0291545411212720922
0.029154540810951507
0.0291545404821249542
0.0291545400160897125
0.0291545396380022519
0.0291545393767364755
0.0291545390677980173
0.0291545387395797419
0.0291545783463692983
0.0291545773647962671
0.029154576488533139
0.0291545755800812663
0.0291545746202867204
0.0291545736703346242
0.0291545727670564879
0.0291545718974033502
0.0291545710388105804
0.0291545701886658237
0.0291545693570177886
0.0291545685495395446
0.0291545677638610848
0.0291545669961507936
0.0291545662456693597
0.0291545655135925369
0.0291545648003722485
0.0291545641051880119
0.0291545634269518988
0.0291545627650183457
0.0291545621190247746
0.0291545614884965651
0.0291545608727611996
0.0291545602711003743
0.029154559682863606
0.0291545591074543441
0.0291545585442761525
0.0291545579927197686
0.0291545574521859668
0.0291545569221047796
0.0291545564019352783
0.0291545558911582327
0.0291545553892737612
0.0291545548958044437
0.029154554410297958
0.029154553932326778
0.0291545534614862274
0.0291545529973931856
0.0291545525396854945
0.0291545520880212988
0.0291545516420782247
0.0291545512015521993
0.02915455076615623
0.0291545503356194953
0.0291545499096872648
0.0291545494881216491
0.0291545490707035837
0.0291545486572343908
0.0291545482475351753
0.0291545478414446564
0.0291545474388164236
0.0291545470395161259
0.0291545466434207402
0.0291545462504173014
0.0291545458603980831
0.0291545454732618156
0.0291545450889198095
0.0291545447073028249
0.0291545443283706962
0.0291545439521366662
0.0291545435787139672
0.0291545432083873332
0.0291545428416919057
0.0291545424794516297
0.0291545421227134074
0.0291545417724467133
0.0291545414285347658
0.0291545410868078413
0.0291545407332682652
0.0291545403418260324
0.029154539894987324
0.0291545394706539431
0.0291545391212134179
0.0291545388290864911
0.0291545386014599728
0.0291545782562460422
0.0291545772809019971
0.0291545764062743629
0.0291545754934327342
0.0291545745309952468
0.0291545735836526293
0.0291545726846656264
0.029154571817444918
0.0291545709600285856
0.0291545701116972256
0.0291545692828658748
0.0291545684783969666
0.0291545676954616632
0.0291545669304575233
0.0291545661829146555
0.0291545654539561994
0.0291545647438351159
0.0291545640516378858
0.0291545633763017065
0.0291545627172006654
0.0291545620739418546
0.0291545614460140649
0.0291545608327352483
0.0291545602333967424
0.0291545596473559918
0.0291545590740162376
0.0291545585127796388
0.0291545579630395971
0.0291545574242024902
0.0291545568957034262
0.0291545563770053556
0.0291545558675928955
0.0291545553669709141
0.0291545548746673273
0.0291545543902351385
0.0291545539132520536
0.0291545534433187703
0.0291545529800577019
0.0291545525231123488
0.0291545520721465494
0.0291545516268433766
0.0291545511869038022
0.0291545507520452329
0.0291545503220005733
0.0291545498965179659
0.0291545494753622306
0.0291545490583177934
0.0291545486451916976
0.0291545482358111924
0.0291545478300213982
0.0291545474276837489
0.0291545470286719358
0.0291545466328721192
0.0291545462401825856
0.0291545458505042369
0.0291545454637460108
0.0291545450798313469
0.0291545446987037035
0.0291545443203357207
0.0291545439447545678
0.0291545435720756314
0.0291545432025411139
0.0291545428365482008
0.0291545424746284636
0.0291545421173408197
0.0291545417650563334
0.0291545414177061084
0.0291545410747451085
0.0291545407363392323
0.0291545404043444187
0.0291545400812433034
0.0291545397725733874
0.029154539458429829
0.0291545391038620372
0.0291545387227473175
0.0291545782275064204
0.02915457725596695
0.0291545763699289848
0.0291545754375973042
0.0291545744611543568
0.0291545735078300172
0.0291545726046466072
0.0291545717315145753
0.0291545708684196707
0.0291545700168416577
0.0291545691866468316
0.0291545683811906958
0.0291545675972556921
0.0291545668317674984
0.0291545660845823965
0.0291545653566169446
0.0291545646478451291
0.029154563957288545
0.0291545632839373542
0.0291545626271632399
0.0291545619864897118
0.0291545613613149526
0.02915456075090413
0.0291545601545195772
0.0291545595714876558
0.0291545590011743801
0.0291545584429484216
0.0291545578961791944
0.029154557360255743
0.0291545568345982845
0.0291545563186564501
0.0291545558119042404
0.029154555313839238
0.0291545548239846609
0.0291545543418906122
0.0291545538671333301
0.0291545533993134327
0.0291545529380546689
0.0291545524830029296
0.0291545520338252484
0.029154551590208376
0.0291545511518571734
0.0291545507184926486
0.0291545502898502319
0.0291545498656785168
0.0291545494457425489
0.0291545490298292694
0.0291545486177558176
0.0291545482093612911
0.029154547804504348
0.0291545474030602408
0.0291545470049137494
0.0291545466099582783
0.0291545462181009886
0.0291545458292341887
0.0291545454432658967
0.0291545450601271849
0.0291545446797701092
0.0291545443021725796
0.0291545439273575707
0.0291545435554085679
0.0291545431864851101
0.0291545428208251044
0.0291545424586982793
0.0291545421002498834
0.0291545417451528205
0.0291545413920234614
0.0291545410362037336
0.0291545406681423119
0.0291545402775367571
0.0291545398655367015
0.0291545394543593038
0.0291545390791979296
0.0291545387701372984
0.0291545385364933088
0.0291545780886087735
0.0291545771423621265
0.0291545762523608594
0.0291545753048095858
0.0291545743264937755
0.0291545733819191105
0.0291545724845509377
0.0291545716112249394
0.0291545707475839994
0.0291545698987596448
0.0291545690733465285
0.0291545682724236206
0.0291545674923194519
0.0291545667306849325
0.029154565987775518
0.0291545652642810904
0.0291545645598526616
0.0291545638734506361
0.0291545632041600479
0.0291545625513976482
0.029154561914647055
0.02915456129325774
0.0291545606864827209
0.0291545600935922411
0.0291545595139136755
0.0291545589468038407
0.0291545583916229811
0.0291545578477387726
0.0291545573145424626
0.0291545567914566379
0.0291545562779328485
0.0291545557734480265
0.0291545552775043168
0.0291545547896306795
0.0291545543093835041
0.0291545538363456279
0.0291545533701247812
0.0291545529103522626
0.0291545524566817482
0.0291545520087881788
0.0291545515663660937
0.0291545511291278342
0.0291545506968014755
0.029154550269128221
0.0291545498458576427
0.0291545494267548277
0.0291545490116050278
0.0291545486002285359
0.0291545481924627876
0.0291545477881767767
0.0291545473872629017
0.0291545469896228801
0.0291545465951576072
0.0291545462038230625
0.0291545458155014203
0.0291545454300958552
0.0291545450475364787
0.0291545446677602925
0.0291545442907307772
0.0291545439164526549
0.0291545435449775056
0.0291545431764119976
0.0291545428109222723
0.0291545424487044749
0.0291545420898888311
0.029154541734350007
0.0291545413836223899
0.0291545410404285797
0.0291545407108365767
0.0291545404015015608
0.0291545401116758175
0.0291545398211317114
0.0291545394803564527
0.0291545390487839111
0.0291545385902071928
0.0291545780381384963
0.029154577119861854
0.0291545761965884206
0.0291545752024584374
0.0291545742052960848
0.029154573261644702
0.0291545723636449754
0.0291545714830159682
0.0291545706118289324
0.0291545697594378581
0.0291545689333173354
0.0291545681323109457
0.0291545673522911573
0.0291545665915533513
0.0291545658506547449
0.0291545651299999209
0.0291545644288819725
0.0291545637461322511
0.0291545630808320647
0.0291545624323537832
0.0291545618000794912
0.029154561183264132
0.02915456058110465
0.0291545599928360565
0.0291545594177496127
0.0291545588551636627
0.029154558304406164
0.0291545577648220089
0.0291545572357862041
0.0291545567167081042
0.0291545562070286216
0.0291545557062174478
0.0291545552137729772
0.0291545547292230596
0.0291545542521248653
0.0291545537820636913
0.0291545533186512058
0.029154552861523967
0.0291545524103418441
0.029154551964786779
0.0291545515245607845
0.0291545510893837026
0.0291545506589903636
0.0291545502331258879
0.0291545498115387686
0.0291545493939848396
0.0291545489802714219
0.0291545485702442049
0.0291545481637255494
0.0291545477606046932
0.0291545473608022659
0.0291545469642380678
0.0291545465707293283
0.029154546180363887
0.0291545457929469863
0.029154545408399065
0.0291545450266667283
0.0291545446476852849
0.0291545442714001776
0.0291545438977935598
0.0291545435268551686
0.0291545431586001935
0.0291545427931099478
0.0291545424304995061
0.029154542070944648
0.0291545417121662313
0.029154541355335177
0.0291545409955308657
0.0291545406265551511
0.0291545402442824203
0.0291545398507902787
0.0291545394561484386
0.0291545390773017138
0.0291545387337588842
0.0291545384466543843
0.0291545778742772557
0.0291545770223674526
0.0291545760913624642
0.029154575065257822
0.0291545740580983412
0.0291545731226018866
0.0291545722323679618
0.0291545713542204835
0.0291545704849177981
0.0291545696367343926
0.0291545688160708867
0.0291545680202011971
0.0291545672448657416
0.0291545664888857997
0.0291545657529845258
0.0291545650373595359
0.0291545643411341981
0.0291545636631456301
0.0291545630025278439
0.0291545623586460523
0.0291545617308328828
0.0291545611183094688
0.0291545605202666452
0.0291545599359400304
0.0291545593646147759
0.0291545588056002225
0.0291545582582198558
0.0291545577218196086
0.0291545571957778464
0.029154556679507445
0.0291545561724534767
0.0291545556740912364
0.0291545551839262063
0.0291545547014940183
0.0291545542263602145
0.0291545537581188174
0.0291545532963905438
0.0291545528408212254
0.0291545523910802622
0.0291545519468590641
0.0291545515078692856
0.0291545510738411354
0.0291545506445217775
0.0291545502196717786
0.0291545497990518369
0.0291545493823654189
0.0291545489694030879
0.029154548560088582
0.0291545481541614325
0.029154547751508636
0.0291545473521229899
0.02915454695598323
0.0291545465629641336
0.0291545461730422784
0.0291545457860887883
0.0291545454020116154
0.0291545450207174595
0.029154544642154688
0.0291545442662765227
0.0291545438930491535
0.0291545435224758731
0.0291545431545616462
0.029154542789368236
0.0291545424269767893
0.0291545420674553107
0.0291545417108858215
0.0291545413594479115
0.0291545410162666468
0.0291545406845470055
0.0291545403673910582
0.0291545400662790999
0.0291545397761852031
0.0291545394497395964
0.0291545390000297715
0.0291545384864227812
0.0291545777935883835
0.0291545769694998742
0.0291545760295119083
0.0291545749811786305
0.029154573962207192
0.0291545730245687633
0.0291545721326165429
0.029154571251201869
0.0291545703797292215
0.0291545695317559916
0.0291545687127045643
0.0291545679187338765
0.0291545671455055409
0.0291545663921645576
0.0291545656594462028
0.0291545649472909757
0.0291545642546291069
0.0291545635802673217
0.0291545629233518518
0.0291545622832119038
0.0291545616591152787
0.0291545610502361649
0.0291545604557457982
0.0291545598748692777
0.0291545593068773985
0.029154558751063965
0.0291545582067418117
0.0291545576732523057
0.0291545571499723204
0.029154556636314298
0.0291545561317238175
0.0291545556356785779
0.0291545551476876802
0.0291545546672913672
0.0291545541940605238
0.0291545537275949285
0.0291545532675213798
0.0291545528134919928
0.0291545523651826032
0.0291545519222909354
0.0291545514845343752
0.029154551051647444
0.0291545506233787145
0.0291545501994862448
0.0291545497797310316
0.0291545493638749251
0.0291545489516985522
0.0291545485431512381
0.0291545481379495292
0.0291545477359374909
0.0291545473370821429
0.0291545469414371608
0.0291545465489383114
0.0291545461594742393
0.0291545457729501731
0.0291545453892920921
0.0291545450084229017
0.0291545446302668883
0.0291545442547658275
0.0291545438818864577
0.0291545435115994588
0.0291545431438902901
0.0291545427787707687
0.0291545424162247026
0.0291545420562168284
0.0291545416985147625
0.029154541342901942
0.029154540988445856
0.0291545406337948149
0.0291545402791202266
0.0291545399271065271
0.0291545395805246459
0.0291545392350188795
0.0291545388748787951
0.029154538499636333
)
;

boundaryField
{
    reactingWall
    {
        type            calculated;
        value           nonuniform List<scalar> 
75
(
0.0291545777935883869
0.0291545769694998742
0.0291545760295119083
0.0291545749811786305
0.029154573962207192
0.0291545730245687668
0.0291545721326165429
0.029154571251201869
0.0291545703797292249
0.0291545695317559951
0.0291545687127045643
0.0291545679187338799
0.0291545671455055375
0.0291545663921645611
0.0291545656594462028
0.0291545649472909722
0.0291545642546291069
0.0291545635802673217
0.0291545629233518518
0.0291545622832119038
0.0291545616591152822
0.0291545610502361649
0.0291545604557457982
0.0291545598748692777
0.0291545593068773985
0.029154558751063965
0.0291545582067418152
0.0291545576732523092
0.0291545571499723238
0.029154556636314298
0.0291545561317238175
0.0291545556356785779
0.0291545551476876802
0.0291545546672913707
0.0291545541940605238
0.0291545537275949319
0.0291545532675213832
0.0291545528134919928
0.0291545523651826066
0.0291545519222909354
0.0291545514845343752
0.029154551051647444
0.029154550623378718
0.0291545501994862483
0.029154549779731035
0.0291545493638749251
0.0291545489516985522
0.0291545485431512381
0.0291545481379495292
0.0291545477359374909
0.0291545473370821429
0.0291545469414371643
0.0291545465489383114
0.0291545461594742393
0.0291545457729501731
0.0291545453892920921
0.0291545450084229052
0.0291545446302668883
0.0291545442547658275
0.0291545438818864577
0.0291545435115994588
0.0291545431438902901
0.0291545427787707721
0.029154542416224706
0.0291545420562168284
0.0291545416985147625
0.0291545413429019455
0.029154540988445856
0.0291545406337948149
0.0291545402791202266
0.0291545399271065271
0.0291545395805246459
0.0291545392350188795
0.0291545388748787951
0.0291545384996363365
)
;
    }
    inertWall
    {
        type            calculated;
        value           nonuniform List<scalar> 
105
(
0.0291546103561561298
0.0291546006296107482
0.0291545956339853557
0.0291545948823406752
0.0291545941298121253
0.029154592328962628
0.0291545903051612654
0.0291545886383875567
0.0291545872483094451
0.0291545858717263649
0.0291545844242873421
0.0291545829677818669
0.0291545815590570009
0.0291545801944451642
0.0291545788474547388
0.0291546103565090697
0.02915460062996688
0.029154595634355112
0.0291545948827438006
0.0291545941302623693
0.0291545923294595603
0.0291545903056917195
0.0291545886389457803
0.0291545872489036191
0.0291545858723649166
0.0291545844249639884
0.0291545829684765195
0.0291545815597512303
0.0291545801951273303
0.0291545788481189574
0.0291545777942422563
0.0291545769701472834
0.029154576030153808
0.0291545749818206794
0.0291545739628588894
0.0291545730252423078
0.0291545721333260066
0.0291545712519633154
0.0291545703805601297
0.0291545695326739275
0.0291545687137262192
0.0291545679198752551
0.0291545671467827033
0.0291545663935941397
0.0291545656610457012
0.0291545649490788927
0.0291545642566252428
0.0291545635824930274
0.029154562925830213
0.0291545622859677479
0.0291545616621752858
0.0291545610536289995
0.0291545604595023766
0.0291545598790228754
0.0291545593114637576
0.029154558756121475
0.0291545582123117313
0.0291545576793789292
0.0291545571567031828
0.0291545566437003759
0.0291545561398196366
0.0291545556445421197
0.0291545551573808119
0.0291545546778803205
0.0291545542056155967
0.0291545537401903428
0.0291545532812351738
0.0291545528284057956
0.0291545523813810693
0.0291545519398607976
0.0291545515035629976
0.0291545510722209973
0.0291545506455801219
0.0291545502233938741
0.0291545498054196113
0.0291545493914136152
0.0291545489811239206
0.0291545485742654362
0.0291545481705367295
0.0291545477695816756
0.0291545473715248658
0.029154546976361273
0.0291545465833673266
0.0291545461924616819
0.0291545458036025426
0.0291545454169006429
0.0291545450322232523
0.0291545446499593026
0.0291545442698842444
0.0291545438917435347
0.0291545435156765585
0.0291545431416884507
0.0291545427697663152
0.0291545424000355172
0.0291545420323729501
0.0291545416662837252
0.0291545413012636034
0.0291545409362752236
0.029154540569383991
0.0291545401958329467
0.0291545398062779092
0.0291545393875697056
0.0291545389503098488
0.0291545387021748467
0.02915453862115212
)
;
    }
    inlet
    {
        type            calculated;
        value           nonuniform List<scalar> 
20
(
0.0291546103565090697
0.0291546018737456371
0.0291546015794997421
0.0291545980326638615
0.0291545977047497733
0.0291545960136897556
0.0291545957946734123
0.0291545949843420235
0.0291545949558613265
0.0291545946579290609
0.0291545946484001832
0.0291545949518027085
0.029154594983378971
0.0291545957940757758
0.0291545960132643632
0.029154597704383934
0.0291545980323183358
0.0291546015791554862
0.0291546018733966072
0.0291546103561561298
)
;
    }
    outlet
    {
        type            calculated;
        value           uniform 0.0291545385984856055;
    }
    defaultFaces
    {
        type            empty;
    }
}


// ************************************************************************* //
