/*--------------------------------*- C++ -*----------------------------------*\
  =========                 |
  \\      /  F ield         | OpenFOAM: The Open Source CFD Toolbox
   \\    /   O peration     | Website:  https://openfoam.org
    \\  /    A nd           | Version:  8
     \\/     M anipulation  |
\*---------------------------------------------------------------------------*/
FoamFile
{
    version     2.0;
    format      ascii;
    class       volScalarField;
    location    "0.5";
    object      gas::MW;
}
// * * * * * * * * * * * * * * * * * * * * * * * * * * * * * * * * * * * * * //

dimensions      [1 0 0 0 -1 0 0];

internalField   nonuniform List<scalar> 
1800
(
29.2637880557518884
29.2637880557518884
29.2637880557518812
29.2637880557518884
29.2637880557518812
29.2637880557518812
29.2637880557518812
29.2637880557518812
29.2637880557518884
29.2637880557518919
29.2637880557518812
29.2637880557518919
29.2637880557518812
29.2637880557518884
29.2637880557518919
29.2637880557518812
29.2637880557518812
29.2637880557518812
29.2637880557518812
29.2637880557518884
29.2637880557518812
29.2637880557518884
29.2637880557518884
29.2637880557518812
29.2637880557518884
29.2637880557518812
29.2637880557518884
29.2637880557518812
29.2637880557518812
29.2637880557518884
29.2637880557518812
29.2637880557518812
29.2637880557518812
29.2637880557518812
29.2637880557518812
29.2637880557518812
29.2637880557518812
29.2637880557518812
29.2637880557518884
29.2637880557518812
29.2637880557518812
29.2637880557518812
29.2637880557518812
29.2637880557518884
29.2637880557518884
29.2637880557518812
29.2637880557518812
29.2637880557518812
29.2637880557518812
29.2637880557518812
29.2637880557518812
29.2637880557518812
29.2637880557518884
29.2637880557518812
29.2637880557518812
29.2637880557518884
29.2637880557518884
29.2637880557518919
29.2637880557518884
29.2637880557518884
29.2637880557518812
29.2637880557518812
29.2637880557518812
29.2637880557518812
29.2637880557518812
29.2637880557518812
29.2637880557518884
29.2637880557518812
29.2637880557518884
29.2637880557518884
29.2637880557518884
29.2637880557518884
29.2637880557518919
29.2637880557518884
29.2637880557518812
29.2637880557518812
29.2637880557518884
29.2637880557518812
29.2637880557518884
29.2637880557518812
29.2637880557518812
29.2637880557518812
29.2637880557518884
29.2637880557518919
29.2637880557518884
29.2637880557518919
29.2637880557518812
29.2637880557518812
29.2637880557518884
29.2637880557518812
29.2637880557518812
29.2637880557518812
29.2637880557518812
29.2637880557518884
29.2637880557518812
29.2637880557518919
29.2637880557518884
29.2637880557518884
29.2637880557518884
29.2637880557518812
29.2637880557518812
29.2637880557518812
29.2637880557518884
29.2637880557518812
29.2637880557518812
29.2637880557518812
29.2637880557518812
29.2637880557518812
29.2637880557518812
29.2637880557518812
29.2637880557518812
29.2637880557518919
29.2637880557518884
29.2637880557518884
29.2637880557518919
29.2637880557518884
29.2637880557518884
29.2637880557518919
29.2637880557518919
29.2637880557518884
29.2637880557518812
29.2637880557518812
29.2637880557518812
29.2637880557518812
29.2637880557518812
29.2637880557518812
29.2637880557518812
29.2637880557518812
29.2637880557518812
29.2637880557518812
29.2637880557518812
29.2637880557518884
29.2637880557518919
29.2637880557518919
29.2637880557518884
29.2637880557518812
29.2637880557518812
29.2637880557518884
29.2637880557518812
29.2637880557518812
29.2637880557518812
29.2637880557518884
29.2637880557518812
29.2637880557518884
29.2637880557518884
29.2637880557518884
29.2637880557518919
29.2637880557518919
29.2637880557518884
29.2637880557518919
29.2637880557518812
29.2637880557518812
29.2637880557518812
29.2637880557518884
29.2637880557518812
29.2637880557518812
29.2637880557518884
29.2637880557518884
29.2637880557518812
29.2637880557518812
29.2637880557518812
29.2637880557518812
29.2637880557518812
29.2637880557518812
29.2637880557518812
29.2637880557518812
29.2637880557518812
29.2637880557518884
29.2637880557518812
29.2637880557518812
29.2637880557518812
29.2637880557518812
29.2637880557518884
29.2637880557518919
29.2637880557518884
29.2637880557518884
29.2637880557518884
29.2637880557518884
29.2637880557518884
29.2637880557518884
29.2637880557518812
29.2637880557518812
29.2637880557518812
29.2637880557518812
29.2637880557518812
29.2637880557518812
29.2637880557518884
29.2637880557518884
29.2637880557518884
29.2637880557518884
29.2637880557518884
29.2637880557518884
29.2637880557518884
29.2637880557518812
29.2637880557518812
29.2637880557518812
29.2637880557518812
29.2637880557518812
29.2637880557518812
29.2637880557518812
29.2637880557518812
29.2637880557518812
29.2637880557518812
29.2637880557518812
29.2637880557518812
29.2637880557518812
29.2637880557518884
29.2637880557518812
29.2637880557518884
29.2637880557518884
29.2637880557518812
29.2637880557518812
29.2637880557518812
29.2637880557518812
29.2637880557518812
29.2637880557518812
29.2637880557518812
29.2637880557518812
29.2637880557518812
29.2637880557518812
29.2637880557518812
29.2637880557518812
29.2637880557518812
29.2637880557518812
29.2637880557518812
29.2637880557518812
29.2637880557518884
29.2637880557518884
29.2637880557518884
29.2637880557518812
29.2637880557518812
29.2637880557518812
29.2637880557518812
29.2637880557518812
29.2637880557518812
29.2637880557518812
29.2637880557518812
29.2637880557518812
29.2637880557518812
29.2637880557518812
29.2637880557518812
29.2637880557518812
29.2637880557518812
29.2637880557518812
29.2637880557518812
29.2637880557518812
29.2637880557518812
29.2637880557518812
29.2637880557518812
29.2637880557518919
29.2637880557518884
29.2637880557518884
29.2637880557518919
29.2637880557518884
29.2637880557518812
29.2637880557518812
29.2637880557518884
29.2637880557518884
29.2637880557518919
29.2637880557518884
29.2637880557518919
29.2637880557518884
29.2637880557518884
29.2637880557518884
29.2637880557518884
29.2637880557518919
29.2637880557518884
29.2637880557518919
29.2637880557518884
29.2637880557518812
29.2637880557518812
29.2637880557518884
29.2637880557518884
29.2637880557518812
29.2637880557518812
29.2637880557518812
29.2637880557518812
29.2637880557518812
29.2637880557518812
29.2637880557518812
29.2637880557518884
29.2637880557518884
29.2637880557518884
29.2637880557518919
29.2637880557518031
29.2637880557518812
29.2637880557518812
29.2637880557518812
29.2637880557518812
29.2637880557518812
29.2637880557518812
29.2637880557518812
29.2637880557518812
29.2637880557518812
29.2637880557518812
29.2637880557518884
29.2637880557518919
29.2637880557518884
29.2637880557518706
29.2637880557502896
29.2637880557518884
29.2637880557518884
29.2637880557518919
29.2637880557518884
29.2637880557518884
29.2637880557518812
29.2637880557518812
29.2637880557518812
29.2637880557518741
29.2637880557518812
29.2637880557518812
29.2637880557518812
29.2637880557518812
29.2637880557518635
29.2637880557517747
29.2637880557513235
29.2637880557493197
29.2637880557410313
29.2637880557091634
29.2637880555948975
29.2637880552139293
29.2637880540329398
29.2637880506330923
29.2637880415584704
29.263788019160355
29.2637879682526254
29.2637878625397434
29.2637876522790492
29.2637872406815447
29.2637864490708921
29.2637849530377316
29.2637821735839871
29.2637770949832614
29.2637679660136456
29.263751819928121
29.2637237196200601
29.2636755972532896
29.2635945133248718
29.2634601133672305
29.2632410215773682
29.2628898972323057
29.262336914778647
29.261481527041024
29.2601825027523148
29.2582462413537812
29.2554128554024437
29.2513374786711005
29.245556631200472
29.2377011182362594
29.2267718699981387
29.2136725078369253
29.1976258043057015
29.1802218663064359
29.1600161098250297
29.1393879857467049
29.1167957279164504
29.0946196611051953
29.0712410592128698
29.0495472848585514
29.0275084859251749
29.0072701685545198
28.9876123836383783
28.9692916905184852
28.9515426844292207
28.9349699954382125
28.9189417926493881
28.9040027207168144
28.8889073684630873
28.8748116480627921
28.859614466162121
28.8457982136557796
28.8315939431498691
28.8178961610573126
28.8029584571535899
28.7829428565480114
29.2637880557518884
29.2637880557518884
29.2637880557518919
29.2637880557518919
29.2637880557518919
29.2637880557518919
29.2637880557518884
29.2637880557518884
29.2637880557518884
29.2637880557518884
29.2637880557518884
29.2637880557518919
29.2637880557518884
29.2637880557518919
29.2637880557518812
29.2637880557518564
29.2637880557517498
29.2637880557513057
29.2637880557495826
29.263788055743376
29.2637880557225252
29.2637880556570558
29.2637880554653087
29.2637880549419158
29.2637880536125152
29.2637880504805352
29.2637880437229896
29.2637880302225781
29.2637880037052796
29.263787952581886
29.2637878557434945
29.2637876753224049
29.2637873444320711
29.2637867467589956
29.2637856831925305
29.2637838182583288
29.2637805957686368
29.2637751086490567
29.2637659022886041
29.2637506841523241
29.2637259053011078
29.2636861727630873
29.2636234463765135
29.26352596981231
29.2633768783837169
29.2631523874374331
29.2628192228380186
29.2623295742405958
29.2616275844901672
29.2605982618594886
29.2592587512988196
29.2573021771041191
29.2551540800422352
29.2521097192602291
29.2488889132903296
29.2443597673083815
29.240154842200365
29.2343841011864711
29.2287732104474216
29.2220775713536405
29.2154473801145507
29.207034144541435
29.1993576389322769
29.1913625141572801
29.183015369631395
29.1729016094942999
29.1648244971269257
29.156091417284177
29.1453209731709393
29.1361873347988549
29.1271841144109978
29.1158469567386931
29.104817072752823
29.0930474463920987
29.0795587578211538
29.2637880557518812
29.2637880557518812
29.2637880557518812
29.2637880557518812
29.2637880557518812
29.2637880557518812
29.2637880557518812
29.2637880557518812
29.2637880557518812
29.2637880557518884
29.2637880557518884
29.2637880557518812
29.2637880557518812
29.2637880557518884
29.2637880557518812
29.2637880557518812
29.2637880557518741
29.2637880557518457
29.2637880557517249
29.2637880557512986
29.2637880557498669
29.2637880557453194
29.2637880557319043
29.2637880556948247
29.2637880555991714
29.2637880553693606
29.2637880548604699
29.2637880538383079
29.2637880518272233
29.2637880479460222
29.2637880405913577
29.2637880268873332
29.2637880017499405
29.2637879563223713
29.2637878754011176
29.2637877332729239
29.2637874870977299
29.2637870665798303
29.2637863581471578
29.2637851811930609
29.2637832531294144
29.26378013907091
29.2637751809289171
29.2637673994371212
29.2637553606274423
29.263736993714506
29.2637093355764222
29.263668152499509
29.2636073903221323
29.2635182054359646
29.2633956347043735
29.2632190576479125
29.2629949246047225
29.2626655800754527
29.2623046145985484
29.2617831412994889
29.2612375859284981
29.2604766314566973
29.2596877965812219
29.2587155190689323
29.2574967067061493
29.2562038310103354
29.2548452497311118
29.2529882217787502
29.2512728905100232
29.2494657109705471
29.2470183618266972
29.2449039715458561
29.2424119491989885
29.2395371688653896
29.236989704533368
29.2336222329242474
29.2301693222409078
29.2269664964177274
29.2231660229948957
29.2637880557518884
29.2637880557518812
29.2637880557518812
29.2637880557518812
29.2637880557518812
29.2637880557518812
29.2637880557518812
29.2637880557518812
29.2637880557518812
29.2637880557518812
29.2637880557518812
29.2637880557518812
29.2637880557518812
29.2637880557518812
29.2637880557518812
29.2637880557518812
29.2637880557518812
29.2637880557518741
29.2637880557518706
29.2637880557518457
29.2637880557517569
29.2637880557514762
29.2637880557506378
29.2637880557483143
29.2637880557422143
29.2637880557272574
29.2637880556933077
29.263788055624314
29.2637880554883836
29.2637880552258416
29.2637880547282876
29.2637880538013704
29.2637880521015461
29.2637880490297206
29.263788043555401
29.2637880339300835
29.2637880172276894
29.2637879886191357
29.263787940246214
29.2637878595030898
29.2637877264594159
29.2637875100647094
29.2637871626566302
29.2637866121494241
29.2637857510893333
29.2637844214991034
29.2637823940517166
29.2637793397447403
29.2637747934626091
29.2637681084524033
29.2637584250033136
29.2637444269633775
29.2637247011837722
29.2636955227734532
29.2636613292153811
29.2636124971017146
29.2635546391327175
29.2634727246543775
29.2633797561433404
29.2632704652740472
29.2631232000423331
29.2629325757511616
29.2627580911245389
29.2625232455939575
29.2622019686357504
29.261935627901142
29.2615821575816852
29.2611815785134546
29.2607408832259388
29.2602212260807413
29.2597189612046513
29.2591019339177514
29.2584259601419276
29.2576150299829578
29.2566148205337981
29.2637880557518884
29.2637880557518884
29.2637880557518884
29.2637880557518812
29.2637880557518884
29.2637880557518812
29.2637880557518812
29.2637880557518812
29.2637880557518812
29.2637880557518812
29.2637880557518812
29.2637880557518812
29.2637880557518812
29.2637880557518812
29.2637880557518812
29.2637880557518812
29.2637880557518812
29.2637880557518812
29.2637880557518812
29.2637880557518812
29.2637880557518741
29.2637880557518564
29.2637880557518031
29.263788055751661
29.2637880557512808
29.2637880557503181
29.2637880557480834
29.263788055743472
29.2637880557343522
29.2637880557167094
29.2637880556832179
29.2637880556207719
29.2637880555061685
29.2637880552989316
29.263788054929293
29.2637880542786313
29.2637880531476995
29.263788051206312
29.2637880479141899
29.2637880423989962
29.2637880332707283
29.2637880183439627
29.2637879942286787
29.2637879557362801
29.2637878950298287
29.2637878004229925
29.263787654701261
29.263787432800644
29.2637870986555058
29.2637866010419465
29.2637858684082737
29.2637847985545605
29.2637832478541533
29.2637810176478617
29.2637780483931245
29.263774012314169
29.26376851532331
29.2637608168212147
29.2637513122731932
29.2637404529411462
29.2637252846870126
29.2637037143625491
29.263683438104021
29.2636561084387523
29.2636178124463981
29.2635796332521743
29.2635373924374029
29.2634801044772423
29.263412590911944
29.2633413823508093
29.2632646517971082
29.2631611816089965
29.2630557013595229
29.2629297795222811
29.2627538024434628
29.2637880557518812
29.2637880557518812
29.2637880557518812
29.2637880557518884
29.2637880557518812
29.2637880557518884
29.2637880557518812
29.2637880557518812
29.2637880557518812
29.2637880557518812
29.2637880557518741
29.2637880557518812
29.2637880557518812
29.2637880557518812
29.2637880557518812
29.2637880557518812
29.2637880557518812
29.2637880557518812
29.2637880557518812
29.2637880557518812
29.2637880557518812
29.2637880557518812
29.2637880557518741
29.2637880557518635
29.2637880557518386
29.2637880557517853
29.2637880557516503
29.2637880557513448
29.2637880557507657
29.2637880557496217
29.2637880557474617
29.2637880557434009
29.2637880557359544
29.2637880557224612
29.2637880556983596
29.2637880556558656
29.2637880555818626
29.263788055454512
29.2637880552379102
29.2637880548737535
29.2637880542684456
29.2637880532736681
29.2637880516572153
29.2637880490599258
29.2637880449331611
29.2637880384486877
29.2637880283708647
29.2637880128773595
29.263787989310849
29.2637879538396177
29.2637879009974924
29.2637878230458419
29.2637877091998249
29.2637875448464406
29.2637873117450411
29.2637869855793369
29.2637865276395779
29.263785880628685
29.2637850453957853
29.2637840382134868
29.263782610856115
29.263780544932164
29.2637784562501579
29.2637756166264822
29.2637716729641717
29.2637670237551326
29.2637624067727806
29.2637560781573285
29.2637472778143959
29.2637388023112521
29.2637290276384157
29.2637158536117568
29.2637011110588574
29.2636829709787563
29.2636554506285655
29.2637880557518812
29.2637880557518884
29.2637880557518919
29.2637880557518919
29.2637880557518884
29.2637880557518812
29.2637880557518812
29.2637880557518884
29.2637880557518884
29.2637880557518884
29.2637880557518884
29.2637880557518812
29.2637880557518812
29.2637880557518812
29.2637880557518812
29.2637880557518812
29.2637880557518812
29.2637880557518812
29.2637880557518884
29.2637880557518812
29.2637880557518884
29.2637880557518884
29.2637880557518919
29.2637880557518884
29.2637880557518812
29.2637880557518812
29.2637880557518706
29.2637880557518564
29.2637880557518173
29.2637880557517427
29.2637880557516148
29.263788055751359
29.2637880557508829
29.2637880557500374
29.2637880557485168
29.263788055745831
29.2637880557411449
29.2637880557330448
29.2637880557192283
29.2637880556959225
29.2637880556570202
29.2637880555927765
29.2637880554878258
29.2637880553181731
29.2637880550468132
29.2637880546172724
29.2637880539443422
29.263788052900864
29.2637880512990982
29.2637880488647717
29.2637880452013484
29.2637880397410868
29.2637880316809813
29.2637880199058422
29.263788002906427
29.2637879785717807
29.2637879438753998
29.2637878948104344
29.2637878281944133
29.2637877412600176
29.2637876190089727
29.2637874425866649
29.2637872502283187
29.263786984672354
29.2637866163348335
29.2637861480538923
29.2637856741153755
29.2637850186271535
29.2637840918241636
29.2637831424699009
29.2637820404602778
29.2637805834245093
29.2637787177254474
29.2637765350263486
29.263773104170852
29.2637880557518884
29.2637880557518884
29.2637880557518884
29.2637880557518919
29.2637880557518919
29.2637880557518884
29.2637880557518919
29.2637880557518884
29.2637880557518919
29.2637880557518919
29.2637880557518884
29.2637880557518884
29.2637880557518919
29.2637880557518919
29.2637880557518884
29.2637880557518812
29.2637880557518884
29.2637880557518884
29.2637880557518812
29.2637880557518884
29.2637880557518919
29.2637880557518919
29.2637880557518884
29.2637880557518919
29.2637880557518884
29.2637880557518919
29.2637880557518812
29.2637880557518812
29.2637880557518812
29.2637880557518741
29.2637880557518706
29.2637880557518528
29.263788055751828
29.2637880557517676
29.2637880557516787
29.2637880557515118
29.2637880557512347
29.2637880557507408
29.2637880557498846
29.2637880557484529
29.2637880557460441
29.2637880557420509
29.2637880557354926
29.263788055724838
29.2637880557076819
29.2637880556803367
29.2637880556371783
29.2637880555697407
29.2637880554653407
29.2637880553052661
29.2637880550621148
29.2637880546962386
29.263788054150794
29.2637880533454506
29.2637880521681062
29.2637880504632193
29.2637880480156305
29.2637880445342802
29.2637880396479879
29.2637880328523998
29.2637880233588561
29.2637880097940837
29.2637879935880676
29.2637879709277264
29.2637879392564919
29.2637878991924012
29.2637878547298591
29.2637877932787625
29.2637877069530958
29.2637876124767367
29.263787505722572
29.2637873609290189
29.2637871604239059
29.2637869120323231
29.2637865132485899
29.2637880557518884
29.2637880557518919
29.2637880557518884
29.2637880557518884
29.2637880557518919
29.2637880557518919
29.2637880557518884
29.2637880557518919
29.2637880557518919
29.2637880557518884
29.2637880557518884
29.2637880557518884
29.2637880557518884
29.2637880557518884
29.2637880557518884
29.2637880557518884
29.2637880557518884
29.2637880557518884
29.2637880557518919
29.2637880557518884
29.2637880557518919
29.2637880557518884
29.2637880557518884
29.2637880557518884
29.2637880557518884
29.2637880557518884
29.2637880557518812
29.2637880557518812
29.2637880557518812
29.2637880557518812
29.2637880557518812
29.2637880557518812
29.2637880557518812
29.2637880557518741
29.2637880557518741
29.2637880557518635
29.2637880557518457
29.2637880557518173
29.2637880557517605
29.2637880557516787
29.2637880557515366
29.2637880557512986
29.2637880557509078
29.2637880557502648
29.2637880557492203
29.2637880557475505
29.2637880557448931
29.2637880557407222
29.2637880557342029
29.2637880557241239
29.2637880557086874
29.2637880556852501
29.2637880556499823
29.2637880555973879
29.2637880555196652
29.2637880554058043
29.2637880552404717
29.2637880550025642
29.2637880546637632
29.2637880541857278
29.2637880535155723
29.2637880525803205
29.2637880513034894
29.2637880495340283
29.2637880470619329
29.2637880440562554
29.2637880401700698
29.2637880348895543
29.2637880275226543
29.2637880194269968
29.2637880095697227
29.2637879961448526
29.263787977288473
29.2637879528701284
29.2637879128149585
29.2637880557518919
29.2637880557518919
29.2637880557518884
29.2637880557518884
29.2637880557518919
29.2637880557518919
29.2637880557518919
29.2637880557518919
29.2637880557518919
29.2637880557518884
29.2637880557518812
29.2637880557518812
29.2637880557518812
29.2637880557518812
29.2637880557518812
29.2637880557518812
29.2637880557518812
29.2637880557518812
29.2637880557518812
29.2637880557518812
29.2637880557518812
29.2637880557518812
29.2637880557518812
29.2637880557518812
29.2637880557518812
29.2637880557518812
29.2637880557518812
29.2637880557518812
29.2637880557518812
29.2637880557518812
29.2637880557518741
29.2637880557518741
29.2637880557518812
29.2637880557518741
29.2637880557518812
29.2637880557518812
29.2637880557518812
29.2637880557518812
29.2637880557518741
29.2637880557518706
29.2637880557518635
29.2637880557518528
29.263788055751828
29.2637880557517853
29.2637880557517249
29.2637880557516183
29.2637880557514656
29.2637880557512098
29.2637880557508119
29.2637880557501937
29.2637880557492309
29.2637880557477708
29.2637880557455361
29.2637880557421788
29.2637880557371801
29.2637880557297869
29.263788055718944
29.2637880557031664
29.2637880556804326
29.2637880556479324
29.2637880556018395
29.2637880555370096
29.2637880554467955
29.2637880553217684
29.2637880551485949
29.2637880549207985
29.2637880546140998
29.26378805419996
29.2637880536282005
29.2637880529851309
29.2637880521218747
29.2637880509429742
29.2637880493428781
29.2637880470460843
29.2637880432113384
29.2637880557518812
29.2637880557518812
29.2637880557518812
29.2637880557518812
29.2637880557518812
29.2637880557518812
29.2637880557518812
29.2637880557518812
29.2637880557518812
29.2637880557518741
29.2637880557518812
29.2637880557518812
29.2637880557518812
29.2637880557518812
29.2637880557518812
29.2637880557518812
29.2637880557518812
29.2637880557518812
29.2637880557518812
29.2637880557518812
29.2637880557518812
29.2637880557518812
29.2637880557518812
29.2637880557518812
29.2637880557518812
29.2637880557518812
29.2637880557518812
29.2637880557518812
29.2637880557518812
29.2637880557518812
29.2637880557518812
29.2637880557518812
29.2637880557518812
29.2637880557518812
29.2637880557518812
29.2637880557518812
29.2637880557518741
29.2637880557518741
29.2637880557518741
29.2637880557518741
29.2637880557518741
29.2637880557518706
29.2637880557518564
29.2637880557518351
29.2637880557518031
29.2637880557517498
29.2637880557516716
29.2637880557515473
29.263788055751359
29.2637880557510606
29.26378805575062
29.2637880557499628
29.263788055748968
29.2637880557475079
29.2637880557453691
29.2637880557422712
29.2637880557378267
29.2637880557315277
29.2637880557226673
29.2637880557103465
29.2637880556933574
29.2637880556701155
29.2637880556385568
29.26378805559591
29.2637880555384875
29.2637880554616316
29.2637880553602621
29.263788055223916
29.2637880550561214
29.263788054836958
29.2637880545416813
29.2637880541414717
29.2637880537161585
29.2637880530757499
29.263788051993334
29.2637880557518812
29.2637880557518884
29.2637880557518884
29.2637880557518884
29.2637880557518812
29.2637880557518812
29.2637880557518812
29.2637880557518812
29.2637880557518812
29.2637880557518812
29.2637880557518812
29.2637880557518812
29.2637880557518812
29.2637880557518812
29.2637880557518812
29.2637880557518812
29.2637880557518812
29.2637880557518812
29.2637880557518812
29.2637880557518812
29.2637880557518812
29.2637880557518741
29.2637880557518812
29.2637880557518812
29.2637880557518812
29.2637880557518812
29.2637880557518812
29.2637880557518812
29.2637880557518812
29.2637880557518812
29.2637880557518812
29.2637880557518812
29.2637880557518812
29.2637880557518812
29.2637880557518812
29.2637880557518741
29.2637880557518706
29.2637880557518528
29.263788055751828
29.2637880557517818
29.2637880557517143
29.263788055751597
29.2637880557514052
29.2637880557511032
29.2637880557506165
29.263788055749842
29.2637880557486376
29.2637880557467724
29.2637880557439196
29.2637880557396102
29.2637880557331442
29.263788055723559
29.2637880557094654
29.2637880556889414
29.2637880556593544
29.2637880556172369
29.2637880555579919
29.2637880554756151
29.2637880553619993
29.2637880552092149
29.2637880550033636
29.2637880547276268
29.263788054368959
29.2637880538905826
29.2637880532482484
29.2637880524201641
29.2637880514110229
29.2637880500615424
29.2637880483837343
29.2637880465166837
29.263788044071589
29.2637880409139974
29.2637880371701868
29.2637880319504369
29.2637880235942305
29.2637880557518812
29.2637880557518812
29.2637880557518884
29.2637880557518919
29.2637880557518919
29.2637880557518919
29.2637880557518884
29.2637880557518884
29.2637880557518884
29.2637880557518884
29.2637880557518812
29.2637880557518812
29.2637880557518812
29.2637880557518812
29.2637880557518812
29.2637880557518741
29.2637880557518741
29.2637880557518741
29.2637880557518812
29.2637880557518812
29.2637880557518812
29.2637880557518812
29.2637880557518741
29.2637880557518812
29.2637880557518812
29.2637880557518812
29.2637880557518741
29.2637880557518741
29.2637880557518741
29.2637880557518741
29.2637880557518635
29.2637880557518635
29.2637880557518386
29.2637880557518102
29.2637880557517498
29.2637880557516539
29.2637880557514904
29.2637880557512204
29.2637880557507657
29.2637880557500161
29.2637880557487904
29.2637880557467831
29.2637880557435395
29.2637880557383134
29.2637880557300001
29.2637880557169296
29.2637880556966401
29.2637880556655574
29.2637880556185195
29.2637880555481154
29.2637880554438219
29.2637880552907319
29.2637880550679874
29.2637880547469997
29.2637880542895985
29.2637880536470512
29.2637880527585708
29.2637880515465234
29.2637880498954388
29.2637880477681236
29.2637880449201191
29.2637880412723703
29.2637880365753489
29.2637880302964568
29.2637880218636326
29.2637880115560982
29.263787999949173
29.2637879844549254
29.2637879659582438
29.2637879456632284
29.2637879205300848
29.2637878863171501
29.2637878486899012
29.2637877976280407
29.2637877179815717
29.2637880557518884
29.2637880557518884
29.2637880557518919
29.2637880557518884
29.2637880557518884
29.2637880557518812
29.2637880557518812
29.2637880557518812
29.2637880557518812
29.2637880557518884
29.2637880557518884
29.2637880557518919
29.2637880557518919
29.2637880557518884
29.2637880557518812
29.2637880557518812
29.2637880557518812
29.2637880557518812
29.2637880557518812
29.2637880557518812
29.2637880557518741
29.2637880557518741
29.2637880557518706
29.2637880557518635
29.2637880557518706
29.2637880557518564
29.2637880557518528
29.2637880557518351
29.2637880557518031
29.2637880557517391
29.2637880557516432
29.2637880557514585
29.2637880557511458
29.2637880557505845
29.2637880557496111
29.2637880557479519
29.2637880557451595
29.263788055740509
29.2637880557328174
29.2637880557201839
29.2637880556995285
29.2637880556659269
29.2637880556115384
29.2637880555242162
29.2637880553856
29.2637880551689236
29.2637880548356613
29.263788054330778
29.2637880535759045
29.2637880524597342
29.2637880508242532
29.2637880484451713
29.2637880450064287
29.2637880400744521
29.2637880330937108
29.2637880235275034
29.2637880106672448
29.2637879941351571
29.2637879719917535
29.2637879439499464
29.2637879083127288
29.2637878646630831
29.2637878086972876
29.263787733569373
29.2637876313306222
29.2637875234352123
29.2637874006846666
29.2637872369976009
29.2637870666015054
29.2637868619471355
29.2637865760029534
29.2637861206896908
29.2637857533297527
29.2637853813921787
29.2637849072114733
29.2637880557518812
29.2637880557518812
29.2637880557518812
29.2637880557518812
29.2637880557518812
29.2637880557518812
29.2637880557518812
29.2637880557518741
29.2637880557518741
29.2637880557518812
29.2637880557518812
29.2637880557518741
29.2637880557518741
29.2637880557518706
29.2637880557518564
29.2637880557518564
29.2637880557518457
29.2637880557518351
29.2637880557518173
29.2637880557517995
29.2637880557517818
29.2637880557517498
29.2637880557517143
29.2637880557516787
29.2637880557516183
29.2637880557515366
29.2637880557513874
29.2637880557511103
29.2637880557506094
29.2637880557496821
29.2637880557479839
29.2637880557448931
29.2637880557393792
29.263788055729723
29.2637880557131247
29.2637880556850796
29.2637880556383081
29.2637880555610828
29.2637880554342615
29.2637880552266765
29.2637880548874243
29.2637880543335243
29.2637880534314228
29.2637880519736058
29.2637880496574994
29.263788046093147
29.2637880407306668
29.2637880327756932
29.2637880210958023
29.2637880041049314
29.2637879795850537
29.2637879444198248
29.2637878942440999
29.2637878231458863
29.2637877234602719
29.2637875882264566
29.2637874147261279
29.2637872122928648
29.2637869408269999
29.2637866141033633
29.2637862331170346
29.2637857227856664
29.2637850026197697
29.2637838478297674
29.2637828995440081
29.2637820630964534
29.2637810982152367
29.2637798376599143
29.2637783123277444
29.2637766767720535
29.2637744412067065
29.2637722266670437
29.2637693070497029
29.2637660666377997
29.2637610275877584
29.2637880557518884
29.2637880557518812
29.2637880557518812
29.2637880557518812
29.2637880557518741
29.2637880557518706
29.2637880557518635
29.2637880557518564
29.2637880557518386
29.2637880557518173
29.2637880557517818
29.2637880557517391
29.2637880557516858
29.2637880557516148
29.2637880557515366
29.2637880557514407
29.2637880557513235
29.2637880557511849
29.2637880557510357
29.2637880557508474
29.2637880557506449
29.2637880557504069
29.2637880557501227
29.2637880557496928
29.2637880557490284
29.2637880557478596
29.2637880557456462
29.263788055741351
29.2637880557330554
29.2637880557173027
29.2637880556880212
29.2637880556347483
29.2637880555398269
29.2637880553741319
29.2637880550928671
29.2637880546269926
29.2637880538651096
29.2637880526225942
29.263788050597384
29.263788047295705
29.2637880419085157
29.2637880331101812
29.2637880187558324
29.2637879955136562
29.263787958602272
29.2637879024207948
29.2637878192366543
29.2637876978310558
29.2637875222419339
29.2637872702059632
29.2637869100061394
29.2637863933697311
29.2637856416868978
29.2637845132363736
29.2637826509770811
29.2637811168774
29.2637795343159191
29.2637776262535745
29.2637748403122977
29.2637716154441705
29.2637677063784167
29.2637626993177236
29.2637568302096653
29.263750797562281
29.2637427248798012
29.2637338668609921
29.2637247093074855
29.2637124104344544
29.2636993047047902
29.2636864471663642
29.2636698790722569
29.2636537358827518
29.2636334031340972
29.2636108791582501
29.2635768000016903
29.2637880557518812
29.2637880557518706
29.2637880557518457
29.2637880557518031
29.2637880557517427
29.2637880557516539
29.2637880557515189
29.2637880557513235
29.2637880557510783
29.2637880557507515
29.2637880557503642
29.263788055749842
29.2637880557492771
29.2637880557485239
29.2637880557477033
29.2637880557467831
29.2637880557456533
29.2637880557445023
29.2637880557431274
29.2637880557416175
29.2637880557400507
29.263788055738079
29.263788055735283
29.2637880557308279
29.2637880557228485
29.2637880557072414
29.2637880556731389
29.2637880556025216
29.2637880554636745
29.2637880551984004
29.2637880547067759
29.2637880538207362
29.2637880522586968
29.2637880495606026
29.2637880450442047
29.263788037683728
29.2637880258008813
29.2637880065352718
29.2637879751430212
29.2637879237143679
29.2637878387493693
29.2637876964328854
29.2637874540735687
29.263787036090843
29.263786292425646
29.2637854202254388
29.2637842844779428
29.2637826389911417
29.2637802045505495
29.2637767484990974
29.2637719685613575
29.2637654581791118
29.2637566169230894
29.263745597119442
29.2637322740116446
29.2637142618840578
29.2636949178119963
29.2636723444276896
29.2636432624827982
29.2636112166079805
29.2635793539974003
29.2635373655444582
29.2634894079687271
29.2634445751490233
29.2633867564898189
29.263318033039738
29.2632517954946714
29.2631695209581757
29.2630840929948768
29.2630078336822628
29.2629072742476239
29.2628003319998662
29.2626799232874326
29.2625496576907764
29.2623584660574849
29.2637880557517676
29.2637880557515082
29.2637880557510677
29.2637880557503358
29.2637880557493446
29.2637880557479164
29.2637880557459518
29.263788055743472
29.2637880557405445
29.2637880557368639
29.2637880557324905
29.2637880557277441
29.2637880557222871
29.263788055716013
29.2637880557095968
29.2637880557019123
29.2637880556942171
29.2637880556856302
29.2637880556761409
29.2637880556666978
29.2637880556553256
29.2637880556391323
29.2637880556129026
29.2637880555644436
29.263788055463511
29.2637880552212728
29.2637880546483373
29.2637880534242463
29.2637880510057968
29.2637880463772717
29.2637880378544715
29.2637880226222791
29.2637879951825468
29.2637879439329573
29.2637878653194647
29.263787755003154
29.2637875890186301
29.2637873055533007
29.2637868367498513
29.2637860720356358
29.2637848339670263
29.2637828402872593
29.2637796459152639
29.2637745591719423
29.2637665379192846
29.2637541374903414
29.2637359098226391
29.2637101974900133
29.263674741063376
29.263626697481893
29.2635650931637876
29.2634863094840512
29.2633799429919712
29.2632744809500061
29.2631400346382122
29.2629818991326687
29.2628298355342977
29.2626423055917684
29.2624237146681168
29.262229941767874
29.2619917923219184
29.2617093141679874
29.2614651082270925
29.2611714893306925
29.2607758110376892
29.2601927967324968
29.2599081758341697
29.2596379809009335
29.2592640464753408
29.2588914883819484
29.2584584984891691
29.2578159098773938
29.2569678719120283
29.2563954183789967
29.2558612156955924
29.263788055749167
29.2637880557440795
29.2637880557359793
29.2637880557240351
29.2637880557088295
29.2637880556891545
29.2637880556656711
29.2637880556391252
29.2637880556113466
29.2637880555788179
29.2637880555457635
29.2637880555102932
29.2637880554718208
29.26378805543251
29.2637880553915899
29.2637880553475647
29.2637880553056604
29.2637880552564162
29.2637880552095311
29.2637880551561587
29.2637880550793597
29.2637880549512452
29.2637880547076001
29.2637880541327178
29.2637880526498293
29.2637880489162434
29.2637880400156476
29.2637880211843786
29.2637879841740194
29.2637879143796056
29.2637877905265391
29.2637875841316593
29.2637872449858421
29.2637866893220107
29.263785778964035
29.2637842872605383
29.2637818448493725
29.2637778539728615
29.2637713524832179
29.2637607940552869
29.2637436833249787
29.2637159483511624
29.2636708058320245
29.263596489916015
29.2634707844092787
29.2632453114583804
29.2629935862209294
29.2627172417781587
29.2623366131870704
29.2618217050034808
29.2611651070427676
29.260373011713682
29.2595066762674598
29.2586669817818255
29.2577768065099342
29.2569274148727878
29.2559529346589571
29.2550462239458788
29.2541256356215307
29.2531491303575315
29.2521487378447063
29.2510432035583179
29.2500132631581202
29.2489589300692074
29.2476773556314456
29.2462893209954515
29.2450980385562822
29.2438133774285838
29.2420778736640052
29.2404113575739579
29.2389932212156225
29.2370057838115578
29.2341006744752754
29.230622344572911
29.2286792975486271
29.2637880556586474
29.2637880555304903
29.2637880553860583
29.2637880552377148
29.2637880550935279
29.263788054943948
29.2637880547963718
29.2637880546500782
29.2637880545019868
29.2637880543509041
29.2637880542076978
29.2637880540574287
29.2637880539015214
29.2637880537622408
29.2637880536147144
29.2637880534643919
29.2637880533178389
29.2637880531147125
29.2637880529070316
29.263788052683438
29.2637880522111473
29.2637880510072463
29.2637880476418495
29.2637880382724376
29.2637880133185959
29.2637879506912455
29.2637878037943793
29.2637874845730863
29.2637868303596278
29.2637855217980132
29.2637833287412228
29.2637807379133008
29.2637762849815708
29.2637688789660793
29.2637566289201843
29.2637364015014718
29.263703141430792
29.263648837332827
29.2635609640525942
29.263420185282353
29.2631970574868951
29.2628474388887092
29.2623062957011122
29.2614796499556711
29.2602344894235493
29.2583862706878364
29.2556851772836524
29.2518228873793298
29.2466970645056321
29.2425219423411171
29.2394218571053699
29.2371987939708546
29.2355940918339066
29.2343050810537548
29.2331088657880578
29.2319508890522499
29.2306981916248318
29.2292601874418096
29.2276670546570827
29.2259658687967701
29.2240281194960403
29.2218025627761264
29.2194386190349071
29.2167952732341725
29.214237190521537
29.2108502980500653
29.2072582268226064
29.2034835140075302
29.1989329879817383
29.1936420070006157
29.189038842388328
29.1852109961888679
29.1802968740619058
29.1743702638528433
29.1676125151296191
)
;

boundaryField
{
    reactingWall
    {
        type            calculated;
        value           nonuniform List<scalar> 
75
(
29.2637880556586474
29.2637880555304903
29.2637880553860583
29.2637880552377148
29.2637880550935279
29.263788054943948
29.2637880547963718
29.2637880546500782
29.2637880545019868
29.2637880543509041
29.2637880542076978
29.2637880540574287
29.2637880539015214
29.2637880537622408
29.2637880536147144
29.2637880534643919
29.2637880533178389
29.2637880531147125
29.2637880529070316
29.263788052683438
29.2637880522111473
29.2637880510072463
29.2637880476418495
29.2637880382724376
29.2637880133185959
29.2637879506912455
29.2637878037943793
29.2637874845730863
29.2637868303596278
29.2637855217980132
29.2637833287412228
29.2637807379133008
29.2637762849815708
29.2637688789660793
29.2637566289201843
29.2637364015014718
29.263703141430792
29.263648837332827
29.2635609640525942
29.263420185282353
29.2631970574868951
29.2628474388887092
29.2623062957011122
29.2614796499556711
29.2602344894235493
29.2583862706878364
29.2556851772836524
29.2518228873793298
29.2466970645056321
29.2425219423411171
29.2394218571053699
29.2371987939708546
29.2355940918339066
29.2343050810537548
29.2331088657880578
29.2319508890522499
29.2306981916248318
29.2292601874418096
29.2276670546570827
29.2259658687967701
29.2240281194960403
29.2218025627761264
29.2194386190349071
29.2167952732341725
29.214237190521537
29.2108502980500653
29.2072582268226064
29.2034835140075302
29.1989329879817383
29.1936420070006157
29.189038842388328
29.1852109961888679
29.1802968740619058
29.1743702638528433
29.1676125151296191
)
;
    }
    inertWall
    {
        type            calculated;
        value           nonuniform List<scalar> 
105
(
29.2637880557518812
29.2637880557518812
29.2637880557518812
29.2637880557518812
29.2637880557518812
29.2637880557518812
29.2637880557518812
29.2637880557518812
29.2637880557518812
29.2637880557518812
29.2637880557518884
29.2637880557518919
29.2637880557518884
29.2637880557518706
29.2637880557502896
29.2637880557518884
29.2637880557518884
29.2637880557518812
29.2637880557518884
29.2637880557518812
29.2637880557518812
29.2637880557518812
29.2637880557518812
29.2637880557518884
29.2637880557518919
29.2637880557518812
29.2637880557518919
29.2637880557518812
29.2637880557518884
29.2637880557518919
29.2637880557518884
29.2637880557518884
29.2637880557518919
29.2637880557518884
29.2637880557518884
29.2637880557518812
29.2637880557518812
29.2637880557518812
29.2637880557518741
29.2637880557518812
29.2637880557518812
29.2637880557518812
29.2637880557518812
29.2637880557518635
29.2637880557517747
29.2637880557513235
29.2637880557493197
29.2637880557410313
29.2637880557091634
29.2637880555948975
29.2637880552139293
29.2637880540329398
29.2637880506330923
29.2637880415584704
29.263788019160355
29.2637879682526254
29.2637878625397434
29.2637876522790492
29.2637872406815447
29.2637864490708921
29.2637849530377316
29.2637821735839871
29.2637770949832614
29.2637679660136456
29.263751819928121
29.2637237196200601
29.2636755972532896
29.2635945133248718
29.2634601133672305
29.2632410215773682
29.2628898972323057
29.262336914778647
29.261481527041024
29.2601825027523148
29.2582462413537812
29.2554128554024437
29.2513374786711005
29.245556631200472
29.2377011182362594
29.2267718699981387
29.2136725078369253
29.1976258043057015
29.1802218663064359
29.1600161098250297
29.1393879857467049
29.1167957279164504
29.0946196611051953
29.0712410592128698
29.0495472848585514
29.0275084859251749
29.0072701685545198
28.9876123836383783
28.9692916905184852
28.9515426844292207
28.9349699954382125
28.9189417926493881
28.9040027207168144
28.8889073684630873
28.8748116480627921
28.859614466162121
28.8457982136557796
28.8315939431498691
28.8178961610573126
28.8029584571535899
28.7829428565480114
)
;
    }
    inlet
    {
        type            calculated;
        value           uniform 29.2637880557518812;
    }
    outlet
    {
        type            calculated;
        value           nonuniform List<scalar> 
20
(
28.7829428565480114
29.0795587578211538
29.2231660229948957
29.2566148205337981
29.2627538024434628
29.2636554506285655
29.263773104170852
29.2637865132485899
29.2637879128149585
29.2637880432113384
29.263788051993334
29.2637880235942305
29.2637877179815717
29.2637849072114733
29.2637610275877584
29.2635768000016903
29.2623584660574849
29.2558612156955924
29.2286792975486271
29.1676125151358399
)
;
    }
    defaultFaces
    {
        type            empty;
    }
}


// ************************************************************************* //
