/*--------------------------------*- C++ -*----------------------------------*\
  =========                 |
  \\      /  F ield         | OpenFOAM: The Open Source CFD Toolbox
   \\    /   O peration     | Website:  https://openfoam.org
    \\  /    A nd           | Version:  8
     \\/     M anipulation  |
\*---------------------------------------------------------------------------*/
FoamFile
{
    version     2.0;
    format      ascii;
    class       volScalarField;
    location    "0.5";
    object      gas::mu;
}
// * * * * * * * * * * * * * * * * * * * * * * * * * * * * * * * * * * * * * //

dimensions      [1 -1 -1 0 0 0 0];

internalField   nonuniform List<scalar> 
1800
(
3.89398395867285039e-05
3.89398395867284971e-05
3.89398395867285107e-05
3.89398395867285039e-05
3.89398395867285039e-05
3.89398395867285107e-05
3.89398395867285107e-05
3.89398395867285107e-05
3.89398395867284971e-05
3.89398395867284971e-05
3.89398395867285107e-05
3.89398395867284971e-05
3.89398395867285107e-05
3.89398395867284971e-05
3.89398395867284971e-05
3.89398395867285039e-05
3.89398395867285039e-05
3.89398395867285107e-05
3.89398395867285107e-05
3.89398395867285039e-05
3.89398395867285107e-05
3.89398395867285039e-05
3.89398395867285039e-05
3.89398395867285107e-05
3.89398395867285039e-05
3.89398395867285107e-05
3.89398395867285039e-05
3.89398395867285107e-05
3.89398395867285107e-05
3.89398395867285039e-05
3.89398395867285107e-05
3.89398395867285107e-05
3.89398395867285039e-05
3.89398395867285039e-05
3.89398395867285107e-05
3.89398395867285107e-05
3.89398395867285107e-05
3.89398395867285107e-05
3.89398395867285039e-05
3.89398395867285107e-05
3.89398395867285107e-05
3.89398395867285107e-05
3.89398395867285039e-05
3.89398395867285039e-05
3.89398395867285039e-05
3.89398395867285039e-05
3.89398395867285107e-05
3.89398395867285107e-05
3.89398395867285107e-05
3.89398395867285107e-05
3.89398395867285107e-05
3.89398395867285107e-05
3.89398395867285039e-05
3.89398395867285107e-05
3.89398395867285107e-05
3.89398395867285039e-05
3.89398395867284971e-05
3.89398395867284971e-05
3.89398395867285039e-05
3.89398395867285039e-05
3.89398395867285107e-05
3.89398395867285039e-05
3.89398395867285039e-05
3.89398395867285039e-05
3.89398395867285107e-05
3.89398395867285107e-05
3.89398395867285039e-05
3.89398395867285107e-05
3.89398395867284971e-05
3.89398395867285039e-05
3.89398395867285039e-05
3.89398395867284971e-05
3.89398395867284971e-05
3.89398395867285039e-05
3.89398395867285107e-05
3.89398395867285107e-05
3.89398395867285039e-05
3.89398395867285107e-05
3.89398395867285039e-05
3.89398395867285107e-05
3.89398395867285107e-05
3.89398395867285107e-05
3.89398395867284971e-05
3.89398395867284971e-05
3.89398395867284971e-05
3.89398395867284971e-05
3.89398395867285107e-05
3.89398395867285107e-05
3.89398395867285039e-05
3.89398395867285107e-05
3.89398395867285039e-05
3.89398395867285107e-05
3.89398395867285039e-05
3.89398395867285039e-05
3.89398395867285107e-05
3.89398395867284971e-05
3.89398395867285039e-05
3.89398395867285039e-05
3.89398395867285039e-05
3.89398395867285107e-05
3.89398395867285107e-05
3.89398395867285107e-05
3.89398395867285039e-05
3.89398395867285107e-05
3.89398395867285107e-05
3.89398395867285039e-05
3.89398395867285039e-05
3.89398395867285107e-05
3.89398395867285039e-05
3.89398395867285107e-05
3.89398395867285107e-05
3.89398395867284971e-05
3.89398395867284971e-05
3.89398395867284971e-05
3.89398395867284971e-05
3.89398395867284904e-05
3.89398395867284904e-05
3.89398395867284971e-05
3.89398395867284971e-05
3.89398395867284971e-05
3.89398395867285039e-05
3.89398395867285039e-05
3.89398395867285107e-05
3.89398395867285107e-05
3.89398395867285175e-05
3.89398395867285107e-05
3.89398395867285107e-05
3.89398395867285107e-05
3.89398395867285107e-05
3.89398395867285039e-05
3.89398395867285107e-05
3.89398395867285039e-05
3.89398395867284971e-05
3.89398395867284971e-05
3.89398395867284904e-05
3.89398395867285107e-05
3.89398395867285107e-05
3.89398395867285039e-05
3.89398395867285107e-05
3.89398395867285039e-05
3.89398395867285107e-05
3.89398395867285039e-05
3.89398395867285107e-05
3.89398395867285039e-05
3.89398395867285039e-05
3.89398395867284971e-05
3.89398395867284971e-05
3.89398395867284971e-05
3.89398395867284904e-05
3.89398395867284971e-05
3.89398395867285107e-05
3.89398395867285107e-05
3.89398395867285107e-05
3.89398395867285039e-05
3.89398395867285107e-05
3.89398395867285107e-05
3.89398395867285039e-05
3.89398395867284971e-05
3.89398395867285107e-05
3.89398395867285107e-05
3.89398395867285107e-05
3.89398395867285107e-05
3.89398395867285039e-05
3.89398395867285039e-05
3.89398395867285039e-05
3.89398395867285107e-05
3.89398395867285107e-05
3.89398395867285039e-05
3.89398395867285107e-05
3.89398395867285039e-05
3.89398395867285107e-05
3.89398395867285107e-05
3.89398395867285039e-05
3.89398395867284971e-05
3.89398395867284971e-05
3.89398395867285039e-05
3.89398395867284971e-05
3.89398395867285039e-05
3.89398395867284971e-05
3.89398395867285039e-05
3.89398395867285107e-05
3.89398395867285107e-05
3.89398395867285107e-05
3.89398395867285107e-05
3.89398395867285039e-05
3.89398395867285107e-05
3.89398395867285039e-05
3.89398395867285039e-05
3.89398395867285039e-05
3.89398395867285039e-05
3.89398395867285039e-05
3.89398395867285039e-05
3.89398395867285039e-05
3.89398395867285107e-05
3.89398395867285107e-05
3.89398395867285107e-05
3.89398395867285107e-05
3.89398395867285107e-05
3.89398395867285039e-05
3.89398395867285039e-05
3.89398395867285107e-05
3.89398395867285107e-05
3.89398395867285107e-05
3.89398395867285107e-05
3.89398395867285107e-05
3.89398395867285107e-05
3.89398395867285039e-05
3.89398395867285107e-05
3.89398395867285039e-05
3.89398395867285039e-05
3.89398395867285039e-05
3.89398395867285039e-05
3.89398395867285107e-05
3.89398395867285039e-05
3.89398395867285039e-05
3.89398395867285039e-05
3.89398395867285107e-05
3.89398395867285039e-05
3.89398395867285039e-05
3.89398395867285107e-05
3.89398395867285107e-05
3.89398395867285039e-05
3.89398395867285107e-05
3.89398395867285039e-05
3.89398395867285039e-05
3.89398395867285039e-05
3.89398395867285039e-05
3.89398395867285039e-05
3.89398395867285039e-05
3.89398395867285107e-05
3.89398395867285107e-05
3.89398395867285039e-05
3.89398395867285039e-05
3.89398395867285107e-05
3.89398395867285107e-05
3.89398395867285039e-05
3.89398395867285107e-05
3.89398395867285039e-05
3.89398395867285039e-05
3.89398395867285107e-05
3.89398395867285039e-05
3.89398395867285107e-05
3.89398395867285039e-05
3.89398395867285039e-05
3.89398395867285107e-05
3.89398395867285107e-05
3.89398395867285107e-05
3.89398395867285107e-05
3.89398395867285107e-05
3.89398395867284971e-05
3.89398395867285039e-05
3.89398395867285039e-05
3.89398395867284971e-05
3.89398395867284971e-05
3.89398395867285107e-05
3.89398395867285039e-05
3.89398395867285039e-05
3.89398395867284971e-05
3.89398395867284971e-05
3.89398395867285039e-05
3.89398395867284971e-05
3.89398395867285039e-05
3.89398395867285039e-05
3.89398395867284971e-05
3.89398395867284904e-05
3.89398395867284971e-05
3.89398395867284904e-05
3.89398395867284971e-05
3.89398395867285039e-05
3.89398395867285039e-05
3.89398395867285107e-05
3.89398395867285039e-05
3.89398395867285039e-05
3.89398395867285107e-05
3.89398395867285107e-05
3.89398395867285039e-05
3.89398395867285039e-05
3.89398395867285107e-05
3.89398395867285107e-05
3.89398395867285107e-05
3.89398395867285039e-05
3.89398395867285039e-05
3.89398395867285039e-05
3.89398395867284971e-05
3.89398395867286801e-05
3.89398395867285039e-05
3.89398395867285107e-05
3.89398395867285107e-05
3.89398395867285039e-05
3.89398395867285039e-05
3.89398395867285107e-05
3.89398395867285039e-05
3.89398395867285039e-05
3.89398395867285107e-05
3.89398395867285107e-05
3.89398395867284971e-05
3.89398395867284971e-05
3.89398395867284971e-05
3.89398395867285446e-05
3.89398395867317497e-05
3.89398395867284971e-05
3.89398395867284904e-05
3.89398395867284971e-05
3.89398395867284971e-05
3.89398395867284971e-05
3.89398395867285107e-05
3.89398395867285039e-05
3.89398395867285039e-05
3.89398395867285107e-05
3.89398395867285107e-05
3.89398395867285107e-05
3.89398395867285107e-05
3.89398395867285039e-05
3.89398395867285513e-05
3.89398395867287343e-05
3.89398395867296559e-05
3.89398395867337487e-05
3.89398395867506284e-05
3.89398395868156263e-05
3.89398395870485536e-05
3.89398395878252693e-05
3.89398395902330112e-05
3.89398395971644513e-05
3.89398396156653517e-05
3.89398396613295619e-05
3.89398397651177964e-05
3.89398399806401257e-05
3.89398404093095141e-05
3.89398412484547754e-05
3.89398428623526945e-05
3.89398459123938711e-05
3.89398515790131039e-05
3.89398619330291019e-05
3.89398805447635428e-05
3.89399134627234792e-05
3.89399707525829201e-05
3.89400688630622081e-05
3.8940234175737683e-05
3.8940508191428646e-05
3.89409548858076282e-05
3.89416707957040295e-05
3.89427983291945341e-05
3.89445425976517239e-05
3.89471918104824396e-05
3.89511412690438062e-05
3.89569220752425735e-05
3.89652398755014714e-05
3.89770446518624447e-05
3.89930975302666904e-05
3.90154537711393009e-05
3.90422830567932515e-05
3.90751995019495007e-05
3.9110963165515426e-05
3.91525669775782839e-05
3.91951323236039377e-05
3.92418574365441082e-05
3.92878307923691904e-05
3.93364144774860011e-05
3.93816049880005073e-05
3.9427621156064356e-05
3.94699732307706835e-05
3.95111980245665677e-05
3.95496967067837535e-05
3.95870659739115812e-05
3.96220226581862076e-05
3.96558898716774225e-05
3.96875081515037529e-05
3.97195086464717609e-05
3.9749436832910551e-05
3.97817544060950523e-05
3.98111811657741028e-05
3.9841479931291269e-05
3.98707421831429084e-05
3.99027024524358306e-05
3.99456079160264558e-05
3.89398395867285039e-05
3.89398395867284971e-05
3.89398395867284971e-05
3.89398395867284971e-05
3.89398395867284971e-05
3.89398395867284971e-05
3.89398395867284971e-05
3.89398395867284971e-05
3.89398395867284971e-05
3.89398395867284904e-05
3.89398395867284971e-05
3.89398395867284971e-05
3.89398395867284971e-05
3.89398395867284971e-05
3.89398395867285107e-05
3.89398395867285649e-05
3.8939839586728775e-05
3.89398395867296965e-05
3.89398395867332066e-05
3.89398395867458444e-05
3.89398395867883586e-05
3.89398395869218375e-05
3.89398395873127601e-05
3.89398395883798251e-05
3.89398395910901612e-05
3.89398395974754818e-05
3.8939839611252432e-05
3.89398396387764288e-05
3.89398396928386184e-05
3.89398397970665375e-05
3.89398399944959991e-05
3.89398403623298413e-05
3.89398410369331724e-05
3.89398422554404215e-05
3.89398444237889707e-05
3.89398482259284144e-05
3.89398547957893958e-05
3.8939865982676804e-05
3.89398847521962239e-05
3.89399157782975219e-05
3.89399662964918725e-05
3.89400473019783369e-05
3.89401751873116956e-05
3.89403739223057331e-05
3.89406778935125268e-05
3.89411356000810756e-05
3.89418148974240337e-05
3.89428132970233429e-05
3.89442447527021466e-05
3.89463438774582905e-05
3.89490759174253707e-05
3.89530672012985602e-05
3.89574501268004841e-05
3.89636634664514622e-05
3.89702390891514866e-05
3.89794896059039971e-05
3.89880818745612283e-05
3.89998799059895253e-05
3.90113580166547911e-05
3.90250640734569689e-05
3.90386457029482916e-05
3.90558935020812197e-05
3.9071644320660193e-05
3.90880624729511718e-05
3.91052183122879242e-05
3.9126025361333921e-05
3.91426584052639899e-05
3.91606582714331287e-05
3.91828803039453649e-05
3.92017450821770402e-05
3.92203583684190945e-05
3.92438221265788948e-05
3.92666770327388721e-05
3.9291094270784579e-05
3.93191154207423683e-05
3.89398395867285107e-05
3.89398395867285039e-05
3.89398395867285107e-05
3.89398395867285107e-05
3.89398395867285107e-05
3.89398395867285107e-05
3.89398395867285107e-05
3.89398395867285107e-05
3.89398395867285107e-05
3.89398395867285039e-05
3.89398395867284971e-05
3.89398395867285107e-05
3.89398395867285107e-05
3.89398395867285039e-05
3.89398395867285107e-05
3.89398395867285039e-05
3.89398395867285175e-05
3.8939839586728592e-05
3.89398395867288292e-05
3.89398395867297033e-05
3.89398395867326307e-05
3.8939839586741887e-05
3.89398395867692428e-05
3.8939839586844832e-05
3.89398395870398529e-05
3.89398395875083773e-05
3.89398395885458707e-05
3.89398395906298021e-05
3.89398395947299092e-05
3.89398396026427283e-05
3.89398396176370614e-05
3.89398396455761654e-05
3.89398396968250671e-05
3.89398397894406118e-05
3.89398399544189808e-05
3.89398402441831041e-05
3.89398407460732798e-05
3.89398416034050093e-05
3.89398430477236459e-05
3.89398454472416149e-05
3.89398493780866036e-05
3.89398557268835055e-05
3.8939865835315914e-05
3.89398816998749904e-05
3.89399062440898633e-05
3.89399436898333975e-05
3.89400000782998983e-05
3.89400840412537093e-05
3.89402079222179526e-05
3.89403897523860285e-05
3.89406396524103474e-05
3.8940999667441677e-05
3.89414566518808992e-05
3.89421281713910294e-05
3.8942864191423982e-05
3.89439275413963875e-05
3.89450400602663299e-05
3.89465919365771432e-05
3.89482008029637145e-05
3.89501839932928083e-05
3.89526703367572895e-05
3.89553081162972219e-05
3.8958080338280884e-05
3.89618702961517767e-05
3.89653717279993177e-05
3.89690613304353515e-05
3.897405904627952e-05
3.89783778670301786e-05
3.89834692690418068e-05
3.89893443380588418e-05
3.899455197326002e-05
3.90014380493772635e-05
3.90085013779472399e-05
3.901505542911947e-05
3.90228353402623075e-05
3.89398395867285039e-05
3.89398395867285107e-05
3.89398395867285107e-05
3.89398395867285107e-05
3.89398395867285107e-05
3.89398395867285107e-05
3.89398395867285107e-05
3.89398395867285039e-05
3.89398395867285107e-05
3.89398395867285107e-05
3.89398395867285107e-05
3.89398395867285107e-05
3.89398395867285175e-05
3.89398395867285175e-05
3.89398395867285175e-05
3.89398395867285107e-05
3.89398395867285175e-05
3.89398395867285175e-05
3.89398395867285378e-05
3.8939839586728592e-05
3.89398395867287614e-05
3.89398395867293306e-05
3.8939839586731045e-05
3.89398395867357884e-05
3.89398395867482296e-05
3.89398395867787296e-05
3.89398395868479288e-05
3.89398395869885837e-05
3.89398395872657193e-05
3.89398395878009696e-05
3.89398395888153695e-05
3.89398395907051203e-05
3.8939839594170637e-05
3.89398396004333208e-05
3.89398396115941183e-05
3.89398396312177439e-05
3.8939839665269783e-05
3.89398397235955299e-05
3.89398398222159147e-05
3.89398399868310963e-05
3.89398402580741531e-05
3.89398406992492985e-05
3.89398414075282269e-05
3.89398425298759658e-05
3.89398442853641902e-05
3.89398469960696364e-05
3.89398511295338439e-05
3.89398573565126628e-05
3.89398666252646614e-05
3.89398802543656559e-05
3.89398999965672767e-05
3.89399285352076877e-05
3.89399687514045901e-05
3.89400282394319346e-05
3.89400979524177391e-05
3.89401975105661669e-05
3.89403154711497152e-05
3.89404824792723175e-05
3.8940672026221492e-05
3.89408948540503869e-05
3.89411951100128819e-05
3.89415837767585066e-05
3.89419395429379555e-05
3.89424183925629058e-05
3.8943073494900693e-05
3.89436165958993011e-05
3.89443373881934993e-05
3.89451542765003957e-05
3.89460530123673463e-05
3.89471128334008309e-05
3.89481372386902341e-05
3.89493957843436829e-05
3.89507746565753211e-05
3.89524289465590067e-05
3.89544695591826064e-05
3.89398395867284971e-05
3.89398395867284971e-05
3.89398395867285039e-05
3.89398395867285107e-05
3.89398395867285039e-05
3.89398395867285107e-05
3.89398395867285107e-05
3.89398395867285107e-05
3.89398395867285107e-05
3.89398395867285039e-05
3.89398395867285107e-05
3.89398395867285107e-05
3.89398395867285107e-05
3.89398395867285039e-05
3.89398395867285039e-05
3.89398395867285039e-05
3.89398395867285107e-05
3.89398395867285039e-05
3.89398395867285039e-05
3.89398395867285107e-05
3.89398395867285175e-05
3.89398395867285649e-05
3.89398395867286598e-05
3.89398395867289647e-05
3.8939839586729744e-05
3.89398395867317159e-05
3.8939839586736256e-05
3.89398395867456614e-05
3.89398395867642487e-05
3.89398395868002307e-05
3.89398395868684947e-05
3.89398395869958207e-05
3.89398395872294595e-05
3.89398395876519663e-05
3.89398395884055546e-05
3.89398395897321098e-05
3.89398395920377877e-05
3.89398395959958101e-05
3.89398396027076246e-05
3.89398396139517295e-05
3.89398396325620123e-05
3.89398396629939884e-05
3.8939839712159074e-05
3.89398397906354975e-05
3.89398399144009024e-05
3.89398401072807738e-05
3.89398404043712375e-05
3.89398408567715549e-05
3.89398415380106438e-05
3.89398425525213577e-05
3.89398440461799345e-05
3.89398462273468231e-05
3.89398493888415504e-05
3.89398539356816683e-05
3.89398599892607948e-05
3.89398682178347856e-05
3.89398794248550895e-05
3.89398951202294381e-05
3.89399144977099068e-05
3.89399366372919175e-05
3.89399675617783659e-05
3.89400115386586833e-05
3.89400528773302778e-05
3.89401085964309097e-05
3.89401866736998573e-05
3.89402645131560311e-05
3.89403506337785527e-05
3.89404674331507626e-05
3.8940605081512452e-05
3.89407502643854253e-05
3.89409067069371349e-05
3.89411176697552792e-05
3.89413327332042283e-05
3.8941589478089861e-05
3.89419482874449999e-05
3.89398395867285107e-05
3.89398395867285107e-05
3.89398395867285107e-05
3.89398395867285039e-05
3.89398395867285107e-05
3.89398395867285039e-05
3.89398395867285107e-05
3.89398395867285039e-05
3.89398395867285107e-05
3.89398395867285039e-05
3.89398395867285107e-05
3.89398395867285175e-05
3.89398395867285107e-05
3.89398395867285107e-05
3.89398395867285107e-05
3.89398395867285107e-05
3.89398395867285107e-05
3.89398395867285175e-05
3.89398395867285175e-05
3.89398395867285175e-05
3.89398395867285107e-05
3.89398395867285175e-05
3.89398395867285242e-05
3.89398395867285378e-05
3.8939839586728592e-05
3.89398395867287072e-05
3.89398395867289918e-05
3.89398395867295949e-05
3.89398395867307875e-05
3.89398395867331118e-05
3.89398395867375299e-05
3.89398395867457902e-05
3.89398395867609758e-05
3.89398395867884942e-05
3.89398395868376289e-05
3.89398395869242566e-05
3.89398395870751369e-05
3.89398395873347762e-05
3.8939839587776365e-05
3.89398395885188063e-05
3.89398395897528655e-05
3.89398395917809673e-05
3.89398395950765354e-05
3.89398396003717449e-05
3.89398396087851944e-05
3.89398396220054475e-05
3.8939839642551614e-05
3.89398396741390311e-05
3.89398397221852945e-05
3.89398397945023248e-05
3.89398399022343244e-05
3.89398400611583865e-05
3.89398402932621785e-05
3.89398406283379567e-05
3.89398411035739165e-05
3.89398417685449447e-05
3.89398427021706055e-05
3.89398440212655446e-05
3.89398457240986435e-05
3.89398477774942237e-05
3.89398506875231987e-05
3.89398548994324286e-05
3.89398591577406596e-05
3.89398649470354641e-05
3.89398729871966523e-05
3.89398824657990306e-05
3.89398918787036295e-05
3.89399047812194636e-05
3.89399227230039624e-05
3.8939940002533888e-05
3.89399599307801902e-05
3.89399867895374671e-05
3.89400168461968583e-05
3.8940053829693317e-05
3.89401099375613635e-05
3.89398395867285107e-05
3.89398395867285039e-05
3.89398395867284971e-05
3.89398395867284971e-05
3.89398395867285039e-05
3.89398395867285107e-05
3.89398395867285107e-05
3.89398395867284971e-05
3.89398395867285039e-05
3.89398395867285039e-05
3.89398395867285039e-05
3.89398395867285107e-05
3.89398395867285107e-05
3.89398395867285107e-05
3.89398395867285107e-05
3.89398395867285039e-05
3.89398395867285107e-05
3.89398395867285107e-05
3.89398395867285039e-05
3.89398395867285107e-05
3.89398395867285039e-05
3.89398395867285039e-05
3.89398395867284971e-05
3.89398395867285039e-05
3.89398395867285107e-05
3.89398395867285107e-05
3.89398395867285378e-05
3.89398395867285717e-05
3.89398395867286462e-05
3.89398395867288021e-05
3.89398395867290663e-05
3.89398395867295881e-05
3.893983958673053e-05
3.89398395867322715e-05
3.8939839586735375e-05
3.89398395867408435e-05
3.89398395867504116e-05
3.89398395867669185e-05
3.89398395867950739e-05
3.89398395868425959e-05
3.8939839586921912e-05
3.89398395870528769e-05
3.89398395872668509e-05
3.8939839587612725e-05
3.89398395881659663e-05
3.89398395890417035e-05
3.89398395904136461e-05
3.89398395925410269e-05
3.89398395958066371e-05
3.89398396007696064e-05
3.89398396082384245e-05
3.89398396193705516e-05
3.89398396358031128e-05
3.89398396598096934e-05
3.8939839694467273e-05
3.89398397440795851e-05
3.89398398148169058e-05
3.89398399148481968e-05
3.89398400506617374e-05
3.89398402278994039e-05
3.89398404771389503e-05
3.89398408368202834e-05
3.89398412289912593e-05
3.89398417703940448e-05
3.89398425213429558e-05
3.89398434760517749e-05
3.89398444422950414e-05
3.89398457786732744e-05
3.8939847668195308e-05
3.89398496036939986e-05
3.89398518504194889e-05
3.8939854820956039e-05
3.89398586246568761e-05
3.8939863074643669e-05
3.89398700693165356e-05
3.89398395867284904e-05
3.89398395867284904e-05
3.89398395867284971e-05
3.89398395867284971e-05
3.89398395867284971e-05
3.89398395867284971e-05
3.89398395867284971e-05
3.89398395867284971e-05
3.89398395867284971e-05
3.89398395867284971e-05
3.89398395867284971e-05
3.89398395867285039e-05
3.89398395867284971e-05
3.89398395867284971e-05
3.89398395867285039e-05
3.89398395867285107e-05
3.89398395867285039e-05
3.89398395867285039e-05
3.89398395867285107e-05
3.89398395867284971e-05
3.89398395867284971e-05
3.89398395867284971e-05
3.89398395867284971e-05
3.89398395867284971e-05
3.89398395867284904e-05
3.89398395867284971e-05
3.89398395867285107e-05
3.89398395867285039e-05
3.89398395867285175e-05
3.89398395867285175e-05
3.89398395867285378e-05
3.89398395867285784e-05
3.89398395867286327e-05
3.89398395867287411e-05
3.89398395867289173e-05
3.89398395867292628e-05
3.89398395867298388e-05
3.89398395867308417e-05
3.89398395867325764e-05
3.89398395867355106e-05
3.89398395867404166e-05
3.89398395867485549e-05
3.89398395867619177e-05
3.89398395867836559e-05
3.8939839586818635e-05
3.89398395868743765e-05
3.89398395869623595e-05
3.89398395870998567e-05
3.89398395873127059e-05
3.89398395876390508e-05
3.89398395881347683e-05
3.8939839588880713e-05
3.89398395899927385e-05
3.89398395916346339e-05
3.89398395940349356e-05
3.89398395975107658e-05
3.89398396025008198e-05
3.89398396095984274e-05
3.8939839619560348e-05
3.89398396334148729e-05
3.89398396527698535e-05
3.89398396804250659e-05
3.89398397134651175e-05
3.89398397596639139e-05
3.89398398242337166e-05
3.8939839905914459e-05
3.89398399965625426e-05
3.89398401218460881e-05
3.89398402978427159e-05
3.89398404904565647e-05
3.89398407081018296e-05
3.89398410032999878e-05
3.89398414120802023e-05
3.89398419184890549e-05
3.89398427315102683e-05
3.89398395867284971e-05
3.89398395867284971e-05
3.89398395867284904e-05
3.89398395867284971e-05
3.89398395867284971e-05
3.89398395867284971e-05
3.89398395867284971e-05
3.89398395867284971e-05
3.89398395867284971e-05
3.89398395867284971e-05
3.89398395867284971e-05
3.89398395867284971e-05
3.89398395867285039e-05
3.89398395867284971e-05
3.89398395867285039e-05
3.89398395867285039e-05
3.89398395867285039e-05
3.89398395867285039e-05
3.89398395867284971e-05
3.89398395867284971e-05
3.89398395867284971e-05
3.89398395867285039e-05
3.89398395867285039e-05
3.89398395867285039e-05
3.89398395867285039e-05
3.89398395867285039e-05
3.89398395867285107e-05
3.89398395867285107e-05
3.89398395867285107e-05
3.89398395867285107e-05
3.89398395867285107e-05
3.89398395867285039e-05
3.89398395867285107e-05
3.89398395867285175e-05
3.89398395867285378e-05
3.89398395867285581e-05
3.89398395867285852e-05
3.89398395867286462e-05
3.89398395867287479e-05
3.89398395867289173e-05
3.89398395867292086e-05
3.89398395867296965e-05
3.89398395867305097e-05
3.89398395867318175e-05
3.89398395867339385e-05
3.89398395867373537e-05
3.89398395867427544e-05
3.89398395867512722e-05
3.89398395867645604e-05
3.89398395867850993e-05
3.8939839586816575e-05
3.89398395868643544e-05
3.8939839586936237e-05
3.89398395870434782e-05
3.89398395872019547e-05
3.89398395874340756e-05
3.89398395877711473e-05
3.89398395882561922e-05
3.89398395889469103e-05
3.89398395899215132e-05
3.89398395912877841e-05
3.89398395931945366e-05
3.89398395957976789e-05
3.89398395994051719e-05
3.8939839604445167e-05
3.89398396105729693e-05
3.89398396184959596e-05
3.89398396292616264e-05
3.89398396442809097e-05
3.8939839660785943e-05
3.89398396808824705e-05
3.89398397082524496e-05
3.89398397466959412e-05
3.89398397964788932e-05
3.89398398781414345e-05
3.89398395867284971e-05
3.89398395867284971e-05
3.89398395867284971e-05
3.89398395867285039e-05
3.89398395867284971e-05
3.89398395867284971e-05
3.89398395867284971e-05
3.89398395867284971e-05
3.89398395867284971e-05
3.89398395867284971e-05
3.89398395867285107e-05
3.89398395867285039e-05
3.89398395867285107e-05
3.89398395867285107e-05
3.89398395867285107e-05
3.89398395867285107e-05
3.89398395867285107e-05
3.89398395867285107e-05
3.89398395867285107e-05
3.89398395867285107e-05
3.89398395867285107e-05
3.89398395867285107e-05
3.89398395867285107e-05
3.89398395867285039e-05
3.89398395867285039e-05
3.89398395867285107e-05
3.89398395867285107e-05
3.89398395867285039e-05
3.89398395867285039e-05
3.89398395867285039e-05
3.89398395867285107e-05
3.89398395867285107e-05
3.89398395867285039e-05
3.89398395867285107e-05
3.89398395867285039e-05
3.89398395867285107e-05
3.89398395867285175e-05
3.89398395867285107e-05
3.89398395867285242e-05
3.89398395867285378e-05
3.89398395867285513e-05
3.89398395867285784e-05
3.89398395867286259e-05
3.89398395867287072e-05
3.89398395867288427e-05
3.89398395867290392e-05
3.89398395867293645e-05
3.89398395867298795e-05
3.89398395867306926e-05
3.89398395867319598e-05
3.89398395867339114e-05
3.89398395867369065e-05
3.89398395867414466e-05
3.89398395867482838e-05
3.89398395867584753e-05
3.89398395867735593e-05
3.89398395867956702e-05
3.89398395868278236e-05
3.893983958687418e-05
3.89398395869404451e-05
3.89398395870344183e-05
3.89398395871665893e-05
3.89398395873505107e-05
3.89398395876054066e-05
3.89398395879584635e-05
3.89398395884228747e-05
3.89398395890481612e-05
3.89398395898924904e-05
3.89398395910581636e-05
3.89398395923692283e-05
3.89398395941292002e-05
3.89398395965326731e-05
3.89398395997948748e-05
3.89398396044774627e-05
3.893983961229557e-05
3.89398395867285039e-05
3.89398395867285107e-05
3.89398395867285107e-05
3.89398395867285107e-05
3.89398395867285107e-05
3.89398395867285107e-05
3.89398395867285107e-05
3.89398395867285107e-05
3.89398395867285107e-05
3.89398395867285107e-05
3.89398395867285039e-05
3.89398395867285107e-05
3.89398395867285107e-05
3.89398395867285107e-05
3.89398395867285039e-05
3.89398395867285107e-05
3.89398395867285039e-05
3.89398395867285107e-05
3.89398395867285039e-05
3.89398395867285107e-05
3.89398395867285107e-05
3.89398395867285107e-05
3.89398395867285107e-05
3.89398395867285039e-05
3.89398395867285107e-05
3.89398395867285039e-05
3.89398395867285039e-05
3.89398395867285107e-05
3.89398395867285107e-05
3.89398395867285107e-05
3.89398395867285175e-05
3.89398395867285175e-05
3.89398395867285107e-05
3.89398395867285107e-05
3.89398395867285175e-05
3.89398395867285175e-05
3.89398395867285175e-05
3.89398395867285175e-05
3.89398395867285242e-05
3.89398395867285242e-05
3.89398395867285378e-05
3.89398395867285446e-05
3.89398395867285717e-05
3.89398395867286056e-05
3.89398395867286665e-05
3.8939839586728775e-05
3.89398395867289376e-05
3.89398395867291883e-05
3.89398395867295746e-05
3.89398395867301776e-05
3.89398395867310721e-05
3.89398395867324274e-05
3.89398395867344535e-05
3.8939839586737435e-05
3.89398395867417922e-05
3.89398395867481076e-05
3.89398395867571675e-05
3.89398395867700085e-05
3.89398395867880808e-05
3.89398395868132004e-05
3.89398395868478339e-05
3.89398395868952135e-05
3.89398395869595542e-05
3.89398395870465004e-05
3.89398395871635671e-05
3.89398395873202547e-05
3.89398395875269307e-05
3.89398395878048998e-05
3.8939839588147013e-05
3.89398395885938128e-05
3.8939839589195816e-05
3.89398395900117527e-05
3.89398395908788366e-05
3.89398395921844938e-05
3.89398395943912654e-05
3.89398395867285107e-05
3.89398395867285039e-05
3.89398395867284971e-05
3.89398395867285039e-05
3.89398395867285107e-05
3.89398395867285039e-05
3.89398395867285039e-05
3.89398395867285107e-05
3.89398395867285039e-05
3.89398395867285039e-05
3.89398395867285039e-05
3.89398395867285107e-05
3.89398395867285107e-05
3.89398395867285175e-05
3.89398395867285175e-05
3.89398395867285175e-05
3.89398395867285107e-05
3.89398395867285175e-05
3.89398395867285107e-05
3.89398395867285107e-05
3.89398395867285039e-05
3.89398395867285107e-05
3.89398395867285107e-05
3.89398395867285175e-05
3.89398395867285107e-05
3.89398395867285107e-05
3.89398395867285107e-05
3.89398395867285107e-05
3.89398395867285039e-05
3.89398395867285039e-05
3.89398395867285039e-05
3.89398395867285039e-05
3.89398395867285039e-05
3.89398395867285107e-05
3.89398395867285175e-05
3.89398395867285175e-05
3.89398395867285446e-05
3.89398395867285784e-05
3.89398395867286327e-05
3.89398395867287207e-05
3.8939839586728863e-05
3.89398395867290934e-05
3.89398395867294729e-05
3.89398395867300963e-05
3.89398395867310992e-05
3.89398395867326713e-05
3.89398395867351243e-05
3.89398395867389258e-05
3.89398395867447398e-05
3.89398395867535354e-05
3.89398395867667017e-05
3.89398395867862512e-05
3.89398395868149894e-05
3.89398395868568328e-05
3.89398395869171415e-05
3.89398395870030239e-05
3.89398395871237972e-05
3.89398395872917605e-05
3.89398395875233935e-05
3.89398395878348645e-05
3.89398395882545523e-05
3.89398395888167112e-05
3.89398395895479513e-05
3.89398395905232386e-05
3.89398395918328125e-05
3.89398395935210644e-05
3.89398395955784329e-05
3.89398395983296975e-05
3.89398396017503283e-05
3.89398396055567995e-05
3.89398396105417307e-05
3.89398396169792827e-05
3.89398396246119779e-05
3.89398396352537543e-05
3.89398396522899789e-05
3.89398395867285107e-05
3.89398395867285107e-05
3.89398395867285039e-05
3.89398395867284971e-05
3.89398395867284971e-05
3.89398395867284971e-05
3.89398395867285039e-05
3.89398395867285039e-05
3.89398395867285039e-05
3.89398395867285039e-05
3.89398395867285107e-05
3.89398395867285107e-05
3.89398395867285107e-05
3.89398395867285175e-05
3.89398395867285175e-05
3.89398395867285175e-05
3.89398395867285175e-05
3.89398395867285175e-05
3.89398395867285175e-05
3.89398395867285175e-05
3.89398395867285175e-05
3.89398395867285175e-05
3.89398395867285175e-05
3.89398395867285175e-05
3.89398395867285175e-05
3.89398395867285175e-05
3.89398395867285242e-05
3.89398395867285242e-05
3.89398395867285242e-05
3.89398395867285242e-05
3.89398395867285378e-05
3.89398395867285581e-05
3.89398395867285988e-05
3.89398395867286598e-05
3.8939839586728775e-05
3.89398395867289715e-05
3.89398395867293035e-05
3.89398395867298659e-05
3.89398395867307875e-05
3.89398395867323189e-05
3.89398395867348126e-05
3.89398395867389055e-05
3.89398395867455191e-05
3.89398395867561714e-05
3.8939839586773112e-05
3.89398395867997834e-05
3.89398395868411322e-05
3.89398395869045038e-05
3.89398395870004015e-05
3.89398395871439295e-05
3.89398395873565687e-05
3.89398395876686901e-05
3.89398395881227947e-05
3.89398395887772123e-05
3.89398395897097549e-05
3.89398395910197287e-05
3.89398395928311391e-05
3.89398395953021985e-05
3.89398395986683549e-05
3.89398396030054075e-05
3.8939839608811798e-05
3.89398396162486457e-05
3.89398396258247055e-05
3.8939839638625806e-05
3.89398396558182506e-05
3.89398396768327518e-05
3.89398397004963993e-05
3.8939839732085314e-05
3.8939839769795458e-05
3.89398398111719739e-05
3.89398398624122088e-05
3.89398399321638948e-05
3.89398400088765111e-05
3.89398401129789881e-05
3.89398402753583753e-05
3.89398395867285039e-05
3.89398395867285039e-05
3.89398395867284971e-05
3.89398395867285039e-05
3.89398395867285039e-05
3.89398395867285107e-05
3.89398395867285107e-05
3.89398395867285039e-05
3.89398395867285107e-05
3.89398395867285039e-05
3.89398395867284971e-05
3.89398395867284971e-05
3.89398395867284971e-05
3.89398395867284971e-05
3.89398395867285107e-05
3.89398395867285107e-05
3.89398395867285107e-05
3.89398395867285039e-05
3.89398395867285039e-05
3.89398395867285175e-05
3.89398395867285242e-05
3.89398395867285242e-05
3.89398395867285378e-05
3.89398395867285378e-05
3.89398395867285446e-05
3.89398395867285649e-05
3.89398395867285784e-05
3.89398395867286056e-05
3.89398395867286733e-05
3.89398395867287953e-05
3.89398395867289918e-05
3.89398395867293577e-05
3.89398395867300082e-05
3.89398395867311534e-05
3.89398395867331456e-05
3.89398395867365202e-05
3.89398395867422191e-05
3.89398395867516991e-05
3.89398395867673793e-05
3.89398395867931427e-05
3.89398395868352436e-05
3.89398395869037584e-05
3.89398395870146384e-05
3.8939839587192678e-05
3.89398395874752617e-05
3.89398395879170131e-05
3.89398395885964555e-05
3.89398395896257903e-05
3.89398395911647949e-05
3.89398395934403862e-05
3.89398395967747145e-05
3.89398396016250623e-05
3.89398396086358185e-05
3.89398396186908991e-05
3.89398396329229026e-05
3.89398396524260124e-05
3.89398396786448873e-05
3.89398397123497241e-05
3.89398397574946287e-05
3.89398398146649209e-05
3.89398398873203714e-05
3.89398399763111639e-05
3.89398400904115435e-05
3.89398402435787224e-05
3.89398404520181689e-05
3.89398406719901452e-05
3.89398409222480623e-05
3.89398412559654097e-05
3.8939841603360801e-05
3.89398420206003471e-05
3.89398426035696482e-05
3.89398435318406106e-05
3.89398442807965345e-05
3.89398450390851555e-05
3.89398460058222625e-05
3.89398395867285039e-05
3.89398395867285039e-05
3.89398395867285107e-05
3.89398395867285039e-05
3.89398395867285107e-05
3.89398395867285039e-05
3.89398395867285039e-05
3.89398395867285107e-05
3.89398395867285107e-05
3.89398395867285107e-05
3.89398395867285175e-05
3.89398395867285242e-05
3.89398395867285242e-05
3.8939839586728531e-05
3.89398395867285513e-05
3.89398395867285717e-05
3.89398395867285852e-05
3.89398395867286056e-05
3.89398395867286462e-05
3.89398395867286733e-05
3.89398395867287275e-05
3.89398395867287817e-05
3.89398395867288495e-05
3.89398395867289173e-05
3.89398395867290392e-05
3.89398395867292222e-05
3.89398395867295339e-05
3.89398395867300828e-05
3.89398395867310992e-05
3.89398395867329898e-05
3.89398395867364592e-05
3.89398395867427679e-05
3.8939839586754003e-05
3.89398395867736948e-05
3.89398395868075287e-05
3.89398395868647068e-05
3.89398395869600421e-05
3.89398395871175021e-05
3.89398395873760708e-05
3.89398395877992687e-05
3.89398395884909287e-05
3.89398395896201795e-05
3.89398395914593523e-05
3.89398395944314757e-05
3.89398395991534473e-05
3.89398396064202513e-05
3.89398396173530208e-05
3.89398396335712352e-05
3.89398396573836623e-05
3.89398396920238133e-05
3.89398397420137734e-05
3.89398398137069538e-05
3.89398399160027976e-05
3.8939840060954421e-05
3.89398402641886603e-05
3.89398405398968546e-05
3.89398408936210186e-05
3.89398413063322249e-05
3.89398418597838305e-05
3.89398425258923495e-05
3.89398433026290838e-05
3.89398443430683436e-05
3.89398458113083493e-05
3.89398481656395433e-05
3.89398500989598752e-05
3.89398518042699085e-05
3.89398537714246326e-05
3.89398563413862305e-05
3.89398594511630098e-05
3.89398627856589582e-05
3.89398673434280238e-05
3.89398718583319233e-05
3.89398778107181377e-05
3.89398844171281775e-05
3.89398946905274759e-05
3.89398395867285039e-05
3.89398395867285107e-05
3.89398395867285039e-05
3.89398395867285039e-05
3.89398395867285175e-05
3.89398395867285378e-05
3.89398395867285513e-05
3.89398395867285717e-05
3.89398395867285988e-05
3.8939839586728653e-05
3.89398395867287275e-05
3.89398395867288088e-05
3.89398395867289037e-05
3.89398395867290596e-05
3.89398395867292154e-05
3.89398395867293984e-05
3.89398395867296559e-05
3.89398395867299269e-05
3.89398395867302386e-05
3.89398395867306249e-05
3.89398395867310179e-05
3.89398395867315126e-05
3.89398395867321021e-05
3.89398395867329491e-05
3.89398395867343112e-05
3.89398395867367032e-05
3.89398395867411958e-05
3.89398395867499576e-05
3.89398395867668711e-05
3.89398395867989906e-05
3.89398395868586963e-05
3.89398395869672927e-05
3.89398395871608295e-05
3.89398395874986195e-05
3.8939839588072054e-05
3.8939839589021849e-05
3.89398395905751448e-05
3.89398395931083154e-05
3.89398395972372216e-05
3.89398396039685178e-05
3.89398396149516485e-05
3.89398396328892652e-05
3.89398396621542197e-05
3.89398397095392553e-05
3.89398397847923931e-05
3.89398398993325048e-05
3.89398400689243301e-05
3.89398403164402119e-05
3.89398406744228848e-05
3.89398411882617274e-05
3.89398419226198652e-05
3.89398429759134666e-05
3.89398445084085786e-05
3.89398468090399437e-05
3.89398506057263654e-05
3.89398537333770104e-05
3.89398569598298406e-05
3.89398608498994222e-05
3.89398665297495129e-05
3.8939873104465755e-05
3.89398810740963731e-05
3.89398912822753543e-05
3.89399032479661216e-05
3.89399155470816983e-05
3.89399320053499047e-05
3.89399500647470695e-05
3.89399687348420873e-05
3.89399938093761705e-05
3.89400205289385174e-05
3.8940046742531981e-05
3.89400805211559625e-05
3.89401134335515904e-05
3.89401548876119828e-05
3.89402008092125504e-05
3.89402702895782794e-05
3.89398395867285107e-05
3.89398395867285378e-05
3.89398395867285784e-05
3.89398395867286598e-05
3.89398395867287953e-05
3.89398395867289715e-05
3.89398395867292493e-05
3.89398395867296559e-05
3.89398395867301302e-05
3.89398395867308146e-05
3.89398395867315939e-05
3.89398395867326578e-05
3.89398395867338097e-05
3.89398395867353479e-05
3.89398395867370081e-05
3.89398395867388919e-05
3.89398395867411823e-05
3.89398395867435269e-05
3.89398395867463255e-05
3.89398395867493748e-05
3.89398395867525732e-05
3.89398395867565847e-05
3.89398395867622768e-05
3.89398395867713299e-05
3.89398395867876065e-05
3.89398395868194007e-05
3.89398395868889252e-05
3.89398395870328666e-05
3.89398395873159314e-05
3.89398395878567586e-05
3.89398395888590425e-05
3.89398395906654385e-05
3.89398395938500317e-05
3.89398395993507788e-05
3.89398396085585623e-05
3.89398396235647335e-05
3.89398396477909058e-05
3.89398396870686638e-05
3.89398397510696805e-05
3.89398398559199114e-05
3.89398400291424588e-05
3.89398403192904507e-05
3.8939840813400954e-05
3.89398416655640885e-05
3.89398431817130977e-05
3.89398449599133112e-05
3.89398472754214276e-05
3.89398506301623579e-05
3.89398555933861528e-05
3.89398626394246695e-05
3.89398723845457885e-05
3.89398856576268887e-05
3.89399036828055623e-05
3.89399261495383957e-05
3.89399533121900402e-05
3.89399900346996491e-05
3.89400294728097009e-05
3.89400754948455874e-05
3.89401347865288178e-05
3.89402001212229749e-05
3.89402650824990657e-05
3.89403506886073613e-05
3.89404484650334297e-05
3.89405398711195735e-05
3.89406577536427948e-05
3.89407978701344394e-05
3.89409329192097421e-05
3.89411006667757156e-05
3.89412748453255337e-05
3.89414303312935473e-05
3.89416353649618948e-05
3.89418534151231416e-05
3.8942098925704997e-05
3.89423645377519413e-05
3.89427543848181438e-05
3.89398395867287411e-05
3.89398395867292764e-05
3.89398395867301709e-05
3.89398395867316481e-05
3.89398395867336742e-05
3.89398395867365677e-05
3.89398395867405589e-05
3.89398395867455936e-05
3.89398395867515568e-05
3.8939839586759031e-05
3.89398395867679214e-05
3.89398395867775505e-05
3.893983958678865e-05
3.89398395868013962e-05
3.89398395868144337e-05
3.89398395868300665e-05
3.89398395868456926e-05
3.89398395868631483e-05
3.89398395868824335e-05
3.89398395869016307e-05
3.89398395869247445e-05
3.89398395869576704e-05
3.8939839587011047e-05
3.89398395871097772e-05
3.89398395873154977e-05
3.89398395878092705e-05
3.89398395889772747e-05
3.89398395914728168e-05
3.89398395964033684e-05
3.89398396058397017e-05
3.8939839623215512e-05
3.89398396542700912e-05
3.89398397102128294e-05
3.89398398146979417e-05
3.8939839974971273e-05
3.89398401998788154e-05
3.89398405382800246e-05
3.89398411161954799e-05
3.89398420719694191e-05
3.89398436310321735e-05
3.89398461551475033e-05
3.89398502197676308e-05
3.89398567323041804e-05
3.89398671029236369e-05
3.89398834562977158e-05
3.89399087377693544e-05
3.89399458996296066e-05
3.89399983210550292e-05
3.89400706086392932e-05
3.89401685589982105e-05
3.89402941574594616e-05
3.89404547822727097e-05
3.89406716452645005e-05
3.89408866666363088e-05
3.89411607860734393e-05
3.8941483209820266e-05
3.89417932585712012e-05
3.89421756279533706e-05
3.89426213395166427e-05
3.89430164551793514e-05
3.89435020685762986e-05
3.89440780889658951e-05
3.89445760796977916e-05
3.89451748514959265e-05
3.89459817804979307e-05
3.89471708156487875e-05
3.8947751315498061e-05
3.89483024089064156e-05
3.89490651167235326e-05
3.89498250471341506e-05
3.89507082815954408e-05
3.89520191402726145e-05
3.8953749244392763e-05
3.89549172089878175e-05
3.89560071947328714e-05
3.8939839586734013e-05
3.893983958674434e-05
3.8939839586760786e-05
3.89398395867850112e-05
3.8939839586815877e-05
3.89398395868558028e-05
3.89398395869034738e-05
3.89398395869573383e-05
3.89398395870137507e-05
3.89398395870797719e-05
3.89398395871468907e-05
3.89398395872189157e-05
3.89398395872970121e-05
3.89398395873768771e-05
3.89398395874599541e-05
3.8939839587549394e-05
3.89398395876345242e-05
3.89398395877345215e-05
3.89398395878298297e-05
3.89398395879382635e-05
3.89398395880944021e-05
3.89398395883552205e-05
3.89398395888516428e-05
3.89398395900233808e-05
3.89398395930463329e-05
3.89398396006579201e-05
3.89398396188037781e-05
3.89398396571958175e-05
3.89398397326505492e-05
3.89398398749438377e-05
3.89398401274493262e-05
3.89398405482371002e-05
3.89398412396711589e-05
3.89398423725318099e-05
3.89398442285260432e-05
3.89398472697401947e-05
3.89398522492130563e-05
3.89398603856270096e-05
3.89398736405699496e-05
3.89398951666345582e-05
3.89399300512997357e-05
3.89399865963766382e-05
3.89400786316902329e-05
3.89402301458677665e-05
3.8940486435073133e-05
3.89409461392934409e-05
3.89414593807321696e-05
3.89420228338234424e-05
3.89427989441496289e-05
3.89438489031204699e-05
3.89451878669814665e-05
3.8946803266354436e-05
3.89485702253508995e-05
3.89502830019024552e-05
3.89520989126557242e-05
3.89538317856980831e-05
3.89558200472341743e-05
3.89576702199240539e-05
3.89595488911520914e-05
3.89615418728555209e-05
3.8963583819475619e-05
3.89658406261190381e-05
3.89679433540882875e-05
3.89700961186067885e-05
3.89727131924721463e-05
3.89755480650375727e-05
3.89779814286436452e-05
3.89806058739120923e-05
3.89841519138823303e-05
3.89875576065385298e-05
3.89904561815857629e-05
3.89945190989192039e-05
3.90004595446630372e-05
3.90075745216982085e-05
3.90115501905874827e-05
3.89398395869176159e-05
3.89398395871775737e-05
3.89398395874705048e-05
3.89398395877714725e-05
3.89398395880640241e-05
3.8939839588367533e-05
3.89398395886670167e-05
3.89398395889639255e-05
3.8939839589264446e-05
3.89398395895712346e-05
3.89398395898619769e-05
3.89398395901670037e-05
3.89398395904837533e-05
3.89398395907666352e-05
3.89398395910661935e-05
3.89398395913717962e-05
3.89398395916695181e-05
3.89398395920824027e-05
3.89398395925048078e-05
3.89398395929599762e-05
3.8939839593922165e-05
3.89398395963759991e-05
3.89398396032366543e-05
3.8939839622338101e-05
3.89398396732124042e-05
3.89398398008937441e-05
3.89398401003797728e-05
3.89398407511926318e-05
3.89398420849715511e-05
3.89398447528044992e-05
3.8939849223904869e-05
3.89398545059635746e-05
3.89398635843957199e-05
3.89398786834484518e-05
3.89399036583192696e-05
3.8939944897187845e-05
3.89400127067074004e-05
3.89401234205962561e-05
3.89403025758676779e-05
3.89405895978425909e-05
3.89410445230244464e-05
3.89417573660870667e-05
3.89428607635116227e-05
3.8944546425467196e-05
3.89470857825693328e-05
3.89508556193784671e-05
3.89563663964592451e-05
3.896424897412461e-05
3.89747152611617442e-05
3.89832445159704757e-05
3.89895800330285409e-05
3.89941244909992147e-05
3.8997405537350235e-05
3.90000415090541075e-05
3.90024880384884709e-05
3.90048566555421111e-05
3.90074193475381271e-05
3.90103615462623169e-05
3.90136216637908397e-05
3.90171035013717893e-05
3.90210702775490911e-05
3.90256272264604334e-05
3.9030468702531062e-05
3.90358838386843367e-05
3.90411257442408604e-05
3.90480681866912748e-05
3.90554339170160519e-05
3.90631771745727241e-05
3.90725160013724029e-05
3.90833800742552495e-05
3.9092836782370179e-05
3.91007041861433853e-05
3.91108088895093458e-05
3.91230025159215036e-05
3.91369154864857591e-05
)
;

boundaryField
{
    reactingWall
    {
        type            calculated;
        value           nonuniform List<scalar> 
75
(
3.89398395869176159e-05
3.89398395871775737e-05
3.89398395874705048e-05
3.89398395877714725e-05
3.89398395880640241e-05
3.8939839588367533e-05
3.89398395886670167e-05
3.89398395889639255e-05
3.8939839589264446e-05
3.89398395895712346e-05
3.89398395898619769e-05
3.89398395901670037e-05
3.89398395904837533e-05
3.89398395907666352e-05
3.89398395910661935e-05
3.89398395913717962e-05
3.89398395916695181e-05
3.89398395920824027e-05
3.89398395925048078e-05
3.89398395929599762e-05
3.8939839593922165e-05
3.89398395963759991e-05
3.89398396032366543e-05
3.8939839622338101e-05
3.89398396732124042e-05
3.89398398008937441e-05
3.89398401003797728e-05
3.89398407511926318e-05
3.89398420849715511e-05
3.89398447528044992e-05
3.8939849223904869e-05
3.89398545059635746e-05
3.89398635843957199e-05
3.89398786834484518e-05
3.89399036583192696e-05
3.8939944897187845e-05
3.89400127067074004e-05
3.89401234205962561e-05
3.89403025758676779e-05
3.89405895978425909e-05
3.89410445230244464e-05
3.89417573660870667e-05
3.89428607635116227e-05
3.8944546425467196e-05
3.89470857825693328e-05
3.89508556193784671e-05
3.89563663964592451e-05
3.896424897412461e-05
3.89747152611617442e-05
3.89832445159704757e-05
3.89895800330285409e-05
3.89941244909992147e-05
3.8997405537350235e-05
3.90000415090541075e-05
3.90024880384884709e-05
3.90048566555421111e-05
3.90074193475381271e-05
3.90103615462623169e-05
3.90136216637908397e-05
3.90171035013717893e-05
3.90210702775490911e-05
3.90256272264604334e-05
3.9030468702531062e-05
3.90358838386843367e-05
3.90411257442408604e-05
3.90480681866912748e-05
3.90554339170160519e-05
3.90631771745727241e-05
3.90725160013724029e-05
3.90833800742552495e-05
3.9092836782370179e-05
3.91007041861433853e-05
3.91108088895093458e-05
3.91230025159215036e-05
3.91369154864857591e-05
)
;
    }
    inertWall
    {
        type            calculated;
        value           nonuniform List<scalar> 
105
(
3.89398395867285039e-05
3.89398395867285107e-05
3.89398395867285107e-05
3.89398395867285039e-05
3.89398395867285039e-05
3.89398395867285107e-05
3.89398395867285039e-05
3.89398395867285039e-05
3.89398395867285107e-05
3.89398395867285107e-05
3.89398395867284971e-05
3.89398395867284971e-05
3.89398395867284971e-05
3.89398395867285446e-05
3.89398395867317497e-05
3.89398395867285039e-05
3.89398395867284971e-05
3.89398395867285107e-05
3.89398395867285039e-05
3.89398395867285039e-05
3.89398395867285107e-05
3.89398395867285107e-05
3.89398395867285107e-05
3.89398395867284971e-05
3.89398395867284971e-05
3.89398395867285107e-05
3.89398395867284971e-05
3.89398395867285107e-05
3.89398395867284971e-05
3.89398395867284971e-05
3.89398395867284971e-05
3.89398395867284904e-05
3.89398395867284971e-05
3.89398395867284971e-05
3.89398395867284971e-05
3.89398395867285107e-05
3.89398395867285039e-05
3.89398395867285039e-05
3.89398395867285107e-05
3.89398395867285107e-05
3.89398395867285107e-05
3.89398395867285107e-05
3.89398395867285039e-05
3.89398395867285513e-05
3.89398395867287343e-05
3.89398395867296559e-05
3.89398395867337487e-05
3.89398395867506284e-05
3.89398395868156263e-05
3.89398395870485536e-05
3.89398395878252693e-05
3.89398395902330112e-05
3.89398395971644513e-05
3.89398396156653517e-05
3.89398396613295619e-05
3.89398397651177964e-05
3.89398399806401257e-05
3.89398404093095141e-05
3.89398412484547754e-05
3.89398428623526945e-05
3.89398459123938711e-05
3.89398515790131039e-05
3.89398619330291019e-05
3.89398805447635428e-05
3.89399134627234792e-05
3.89399707525829201e-05
3.89400688630622081e-05
3.8940234175737683e-05
3.8940508191428646e-05
3.89409548858076282e-05
3.89416707957040295e-05
3.89427983291945341e-05
3.89445425976517239e-05
3.89471918104824396e-05
3.89511412690438062e-05
3.89569220752425735e-05
3.89652398755014714e-05
3.89770446518624447e-05
3.89930975302666904e-05
3.90154537711393009e-05
3.90422830567932515e-05
3.90751995019495007e-05
3.9110963165515426e-05
3.91525669775782839e-05
3.91951323236039377e-05
3.92418574365441082e-05
3.92878307923691904e-05
3.93364144774860011e-05
3.93816049880005073e-05
3.9427621156064356e-05
3.94699732307706835e-05
3.95111980245665677e-05
3.95496967067837535e-05
3.95870659739115812e-05
3.96220226581862076e-05
3.96558898716774225e-05
3.96875081515037529e-05
3.97195086464717609e-05
3.9749436832910551e-05
3.97817544060950523e-05
3.98111811657741028e-05
3.9841479931291269e-05
3.98707421831429084e-05
3.99027024524358306e-05
3.99456079160264558e-05
)
;
    }
    inlet
    {
        type            calculated;
        value           uniform 3.89398395867285039e-05;
    }
    outlet
    {
        type            calculated;
        value           nonuniform List<scalar> 
20
(
3.99456079160264558e-05
3.93191154207423683e-05
3.90228353402623075e-05
3.89544695591826064e-05
3.89419482874449999e-05
3.89401099375613635e-05
3.89398700693165356e-05
3.89398427315102683e-05
3.89398398781414345e-05
3.893983961229557e-05
3.89398395943912654e-05
3.89398396522899789e-05
3.89398402753583753e-05
3.89398460058222625e-05
3.89398946905274759e-05
3.89402702895782794e-05
3.89427543848181438e-05
3.89560071947328714e-05
3.90115501905874827e-05
3.9136915486472952e-05
)
;
    }
    defaultFaces
    {
        type            empty;
    }
}


// ************************************************************************* //
