/*--------------------------------*- C++ -*----------------------------------*\
  =========                 |
  \\      /  F ield         | OpenFOAM: The Open Source CFD Toolbox
   \\    /   O peration     | Website:  https://openfoam.org
    \\  /    A nd           | Version:  8
     \\/     M anipulation  |
\*---------------------------------------------------------------------------*/
FoamFile
{
    version     2.0;
    format      ascii;
    class       volScalarField;
    location    "0.5";
    object      N2;
}
// * * * * * * * * * * * * * * * * * * * * * * * * * * * * * * * * * * * * * //

dimensions      [0 0 0 0 0 0 0];

internalField   nonuniform List<scalar> 
1800
(
0.919999999999999818
0.919999999999999818
0.919999999999999929
0.919999999999999818
0.919999999999999929
0.919999999999999929
0.919999999999999929
0.919999999999999929
0.919999999999999818
0.919999999999999818
0.919999999999999929
0.919999999999999707
0.919999999999999929
0.919999999999999707
0.919999999999999485
0.92000000000000004
0.92000000000000004
0.919999999999999929
0.919999999999999929
0.919999999999999818
0.919999999999999929
0.919999999999999929
0.919999999999999818
0.919999999999999929
0.919999999999999818
0.919999999999999929
0.919999999999999818
0.919999999999999929
0.919999999999999929
0.919999999999999818
0.919999999999999929
0.919999999999999929
0.92000000000000004
0.92000000000000004
0.919999999999999929
0.919999999999999929
0.919999999999999929
0.919999999999999929
0.919999999999999818
0.919999999999999929
0.919999999999999929
0.919999999999999929
0.92000000000000004
0.919999999999999929
0.919999999999999818
0.92000000000000004
0.919999999999999929
0.919999999999999929
0.919999999999999929
0.919999999999999929
0.919999999999999929
0.919999999999999929
0.919999999999999818
0.919999999999999818
0.919999999999999929
0.919999999999999818
0.919999999999999818
0.919999999999999707
0.919999999999999818
0.919999999999999818
0.919999999999999929
0.919999999999999929
0.92000000000000004
0.92000000000000004
0.919999999999999929
0.919999999999999929
0.919999999999999818
0.919999999999999929
0.919999999999999818
0.919999999999999818
0.919999999999999818
0.919999999999999707
0.919999999999999707
0.919999999999999818
0.919999999999999929
0.919999999999999929
0.919999999999999818
0.919999999999999929
0.919999999999999818
0.919999999999999929
0.919999999999999929
0.919999999999999929
0.919999999999999707
0.919999999999999707
0.919999999999999818
0.919999999999999707
0.919999999999999929
0.919999999999999929
0.919999999999999818
0.919999999999999929
0.92000000000000004
0.919999999999999929
0.92000000000000004
0.919999999999999818
0.919999999999999929
0.919999999999999818
0.919999999999999818
0.919999999999999818
0.919999999999999818
0.919999999999999929
0.919999999999999929
0.919999999999999929
0.919999999999999818
0.919999999999999929
0.919999999999999929
0.92000000000000004
0.92000000000000004
0.920000000000000151
0.92000000000000004
0.919999999999999929
0.919999999999999818
0.919999999999999707
0.919999999999999818
0.919999999999999707
0.919999999999999707
0.919999999999999596
0.919999999999999596
0.919999999999999707
0.919999999999999818
0.919999999999999707
0.92000000000000004
0.92000000000000004
0.920000000000000151
0.920000000000000151
0.920000000000000262
0.920000000000000151
0.920000000000000151
0.920000000000000151
0.920000000000000151
0.92000000000000004
0.919999999999999929
0.919999999999999929
0.919999999999999707
0.919999999999999707
0.919999999999999596
0.919999999999999929
0.919999999999999929
0.919999999999999818
0.919999999999999929
0.92000000000000004
0.919999999999999929
0.919999999999999818
0.919999999999999929
0.919999999999999818
0.919999999999999818
0.919999999999999818
0.919999999999999707
0.919999999999999707
0.919999999999999596
0.919999999999999485
0.919999999999999929
0.919999999999999929
0.919999999999999929
0.919999999999999818
0.919999999999999929
0.919999999999999929
0.919999999999999818
0.919999999999999818
0.919999999999999929
0.919999999999999929
0.920000000000000151
0.920000000000000151
0.92000000000000004
0.92000000000000004
0.92000000000000004
0.919999999999999929
0.919999999999999929
0.919999999999999818
0.919999999999999929
0.92000000000000004
0.919999999999999929
0.919999999999999929
0.919999999999999929
0.919999999999999707
0.919999999999999818
0.919999999999999818
0.919999999999999707
0.919999999999999818
0.919999999999999818
0.919999999999999818
0.919999999999999929
0.919999999999999929
0.92000000000000004
0.919999999999999929
0.92000000000000004
0.919999999999999929
0.919999999999999818
0.919999999999999929
0.919999999999999818
0.919999999999999818
0.919999999999999818
0.919999999999999818
0.919999999999999818
0.919999999999999818
0.92000000000000004
0.919999999999999929
0.919999999999999929
0.919999999999999929
0.92000000000000004
0.92000000000000004
0.919999999999999929
0.919999999999999818
0.919999999999999929
0.919999999999999929
0.919999999999999818
0.919999999999999929
0.919999999999999818
0.919999999999999929
0.919999999999999818
0.919999999999999818
0.92000000000000004
0.92000000000000004
0.919999999999999929
0.92000000000000004
0.92000000000000004
0.92000000000000004
0.920000000000000151
0.92000000000000004
0.92000000000000004
0.919999999999999929
0.92000000000000004
0.92000000000000004
0.919999999999999929
0.92000000000000004
0.92000000000000004
0.92000000000000004
0.919999999999999818
0.919999999999999818
0.919999999999999818
0.919999999999999929
0.920000000000000151
0.92000000000000004
0.92000000000000004
0.919999999999999929
0.919999999999999929
0.92000000000000004
0.919999999999999929
0.92000000000000004
0.92000000000000004
0.919999999999999929
0.920000000000000151
0.919999999999999929
0.92000000000000004
0.92000000000000004
0.92000000000000004
0.919999999999999929
0.919999999999999929
0.919999999999999929
0.919999999999999929
0.919999999999999707
0.919999999999999818
0.919999999999999818
0.919999999999999707
0.919999999999999818
0.919999999999999929
0.92000000000000004
0.919999999999999818
0.919999999999999818
0.919999999999999707
0.919999999999999818
0.919999999999999707
0.919999999999999818
0.919999999999999818
0.919999999999999596
0.919999999999999596
0.919999999999999485
0.919999999999999596
0.919999999999999707
0.919999999999999818
0.92000000000000004
0.919999999999999929
0.919999999999999818
0.919999999999999818
0.919999999999999929
0.919999999999999929
0.92000000000000004
0.92000000000000004
0.919999999999999818
0.919999999999999929
0.919999999999999929
0.919999999999999818
0.919999999999999818
0.919999999999999818
0.919999999999999707
0.920000000000005147
0.92000000000000004
0.919999999999999929
0.919999999999999929
0.92000000000000004
0.92000000000000004
0.920000000000000151
0.92000000000000004
0.92000000000000004
0.919999999999999929
0.919999999999999929
0.919999999999999818
0.919999999999999707
0.919999999999999707
0.920000000000001039
0.920000000000097629
0.919999999999999707
0.919999999999999596
0.919999999999999707
0.919999999999999707
0.919999999999999707
0.919999999999999929
0.92000000000000004
0.92000000000000004
0.92000000000000004
0.919999999999999929
0.919999999999999929
0.919999999999999929
0.92000000000000004
0.92000000000000115
0.920000000000006812
0.920000000000034124
0.920000000000155693
0.920000000000657625
0.920000000002590967
0.920000000009522978
0.920000000032645593
0.920000000104350013
0.920000000310853827
0.920000000862264078
0.920000002223859914
0.920000005320058656
0.920000011752494018
0.920000024547674711
0.920000049597644809
0.920000097780496628
0.920000188849134259
0.92000035806239544
0.920000667281997697
0.920001223178082084
0.920002206485394769
0.920003918016932487
0.92000684941390154
0.920011789321050322
0.920019978544701855
0.920033330155597295
0.920054731375400059
0.920088442052458322
0.920140598694661471
0.920219825257164281
0.920337951533087173
0.920510871841272893
0.920759702834426208
0.921112875861987535
0.921593165033759099
0.922262062887207024
0.923064912429585771
0.924050654904833069
0.92512065314434333
0.926365315519614541
0.927637743741184906
0.929034192674618731
0.930406796701244265
0.931856981258840311
0.933204787583224671
0.934576337400195412
0.935837880528098132
0.937064960337525621
0.938210100968238536
0.939320832685970886
0.940359270560827687
0.941364747770595089
0.942302729504276848
0.94325141816770941
0.944138091764401444
0.945094906135244273
0.945966024990995802
0.946862202424711752
0.947727828340312217
0.948672053944575433
0.949936109396756545
0.919999999999999818
0.919999999999999818
0.919999999999999707
0.919999999999999707
0.919999999999999707
0.919999999999999707
0.919999999999999707
0.919999999999999596
0.919999999999999485
0.919999999999999596
0.919999999999999707
0.919999999999999707
0.919999999999999707
0.919999999999999707
0.919999999999999929
0.920000000000001483
0.920000000000008034
0.920000000000035234
0.920000000000139706
0.920000000000515739
0.920000000001781282
0.920000000005755658
0.92000000001740001
0.920000000049196798
0.92000000012999239
0.920000000320423617
0.920000000731561296
0.920000001553042401
0.920000003166787428
0.920000006278336668
0.920000012172911052
0.920000023156350877
0.920000043301974824
0.920000079693980344
0.920000144460887737
0.920000258040177377
0.920000454319887195
0.920000788574853456
0.920001349458220097
0.920002276712936773
0.92000378670255345
0.920006208272234893
0.920010031780156057
0.920015974386600988
0.92002506515271032
0.920038756039613381
0.920059080474961433
0.920088967724803752
0.920131797447601429
0.920194639602059383
0.920276450909551902
0.920395977874498894
0.920527327836418996
0.920713542754119763
0.920910613041164727
0.921187915311228234
0.921445427006021278
0.921798781836042136
0.92214322030991358
0.922554218435392648
0.922960723014828677
0.923477346070846417
0.923950242662903154
0.924442249081899314
0.924954547563998308
0.925578091820917326
0.926077546097830329
0.926614394751096859
0.927278864728131036
0.927844774307796327
0.928399920074229668
0.92909991719624907
0.929784272871221007
0.930512967467054253
0.93134941446845898
0.919999999999999929
0.92000000000000004
0.919999999999999929
0.919999999999999929
0.919999999999999929
0.919999999999999929
0.919999999999999929
0.919999999999999929
0.919999999999999929
0.919999999999999818
0.919999999999999818
0.919999999999999929
0.919999999999999929
0.919999999999999818
0.919999999999999929
0.92000000000000004
0.920000000000000484
0.920000000000002371
0.920000000000009588
0.920000000000035345
0.920000000000122498
0.920000000000398055
0.920000000001212848
0.920000000003465157
0.92000000000927773
0.920000000023248332
0.920000000054202793
0.920000000116399819
0.920000000238782034
0.920000000474993529
0.920000000922651995
0.920000001756870578
0.920000003287245516
0.920000006053179553
0.920000010980711602
0.920000019636210142
0.920000034629671171
0.920000060244341777
0.920000103401288571
0.920000175108168894
0.920000292590726243
0.920000482362379302
0.920000784551122774
0.920001258880114858
0.920001992821347425
0.920003112720095717
0.920004799397073358
0.920007311164174224
0.920011016836523643
0.920016453573337722
0.92002394236812246
0.920034736007076859
0.920048413528920306
0.920068521945452855
0.920090584939015188
0.920122451635627669
0.920155787389346225
0.920202252119321495
0.920250637097242863
0.920309987875516877
0.920384519759887221
0.920463989725360254
0.920546851223375207
0.920660260762232174
0.920765903573277811
0.920876353503268685
0.921025984189171032
0.921156022547050979
0.92130834541220874
0.921484899323357087
0.921641031961902724
0.921847121736037889
0.922059563900287316
0.922256745189717231
0.922489769657564684
0.919999999999999818
0.919999999999999929
0.919999999999999929
0.919999999999999929
0.919999999999999929
0.920000000000000151
0.920000000000000151
0.92000000000000004
0.920000000000000151
0.920000000000000151
0.920000000000000151
0.920000000000000151
0.920000000000000262
0.920000000000000262
0.920000000000000262
0.920000000000000151
0.920000000000000262
0.920000000000000262
0.920000000000000706
0.920000000000002371
0.920000000000007701
0.920000000000024687
0.920000000000075313
0.920000000000216644
0.920000000000587459
0.920000000001496621
0.920000000003560858
0.920000000007758723
0.920000000016030106
0.920000000032007437
0.920000000062290879
0.920000000118712746
0.920000000222192638
0.920000000409214258
0.920000000742540958
0.920000001328675987
0.920000002345871981
0.920000004088343815
0.920000007034914247
0.920000011953787111
0.920000020059682178
0.920000033245322868
0.92000005441643562
0.920000087968353641
0.920000140453903992
0.920000221508473048
0.92000034512149742
0.920000531365781971
0.920000808619048982
0.920001216370412656
0.920001807334417054
0.920002663152287958
0.920003864425560924
0.920005643498298498
0.920007735776656732
0.920010722143099313
0.920014249449280785
0.920019238187625765
0.920024958949412275
0.920031611662780691
0.920040577310499041
0.920052308400672536
0.920062956043736557
0.920077266186023146
0.920096937039225016
0.920113272074829847
0.920134868121262994
0.92015937155848071
0.920186306621190719
0.920218164434913444
0.920248906904173158
0.920286601164271523
0.920328015817361345
0.920377731023080181
0.920438960150603225
0.919999999999999818
0.919999999999999818
0.919999999999999818
0.919999999999999929
0.919999999999999929
0.919999999999999929
0.919999999999999929
0.919999999999999929
0.919999999999999929
0.92000000000000004
0.919999999999999929
0.919999999999999929
0.92000000000000004
0.92000000000000004
0.92000000000000004
0.920000000000000151
0.92000000000000004
0.920000000000000151
0.92000000000000004
0.920000000000000151
0.920000000000000484
0.920000000000001483
0.920000000000004592
0.920000000000013474
0.920000000000036899
0.920000000000095297
0.920000000000230855
0.920000000000511631
0.920000000001066298
0.920000000002140106
0.920000000004178253
0.920000000007979213
0.920000000014955299
0.920000000027571985
0.920000000050077205
0.920000000089697179
0.92000000015856731
0.920000000276804064
0.920000000477323221
0.920000000813280372
0.920000001369383646
0.920000002278829498
0.920000003748259632
0.920000006093987688
0.920000009793845552
0.920000015560461071
0.920000024443715647
0.920000037972413365
0.920000058346689631
0.920000088692009776
0.920000133376375651
0.920000198631697685
0.920000293160782912
0.920000428871702747
0.920000610546021558
0.920000857516282355
0.920001192314525373
0.920001660984472669
0.920002246432219395
0.920002907378256296
0.920003831529185967
0.920005150118941906
0.920006391344969643
0.920008061219362627
0.920010393823382122
0.920012749186184697
0.920015317854371517
0.920018807351032808
0.920022945570411754
0.920027318324790455
0.920031999997134253
0.92003830896055605
0.920044782244207382
0.920052500578971699
0.920063259687878054
0.919999999999999929
0.919999999999999929
0.919999999999999929
0.919999999999999818
0.919999999999999929
0.919999999999999818
0.919999999999999929
0.92000000000000004
0.919999999999999929
0.92000000000000004
0.92000000000000004
0.920000000000000262
0.920000000000000151
0.920000000000000151
0.920000000000000151
0.920000000000000151
0.920000000000000151
0.920000000000000151
0.920000000000000262
0.920000000000000262
0.920000000000000151
0.920000000000000262
0.920000000000000373
0.920000000000000928
0.920000000000002482
0.920000000000005924
0.920000000000014362
0.920000000000032347
0.920000000000067986
0.920000000000137375
0.920000000000269269
0.92000000000051585
0.920000000000969376
0.920000000001790719
0.920000000003257989
0.920000000005845253
0.920000000010351648
0.920000000018107222
0.920000000031299003
0.920000000053480038
0.920000000090352543
0.920000000150955399
0.920000000249441952
0.920000000407702467
0.920000000659184303
0.920000001054383065
0.920000001668641709
0.920000002613091561
0.920000004049802311
0.920000006212497667
0.920000009434630561
0.920000014188272708
0.920000021130818135
0.9200000311543447
0.920000045375208186
0.920000065280641044
0.920000093204402791
0.920000132560874317
0.920000184016974587
0.920000245322068144
0.92000033227883482
0.920000458383452679
0.92000058622134151
0.920000759571294457
0.920000999310118028
0.920001286377127414
0.920001567687538824
0.920001953010640805
0.920002489398785817
0.920003011745745169
0.920003607885021002
0.920004410524542071
0.920005314085371451
0.920006425770462988
0.920008107669329167
0.919999999999999929
0.919999999999999818
0.919999999999999707
0.919999999999999707
0.919999999999999818
0.919999999999999929
0.919999999999999929
0.919999999999999818
0.919999999999999818
0.919999999999999818
0.919999999999999818
0.919999999999999929
0.919999999999999929
0.919999999999999929
0.919999999999999929
0.92000000000000004
0.919999999999999929
0.919999999999999929
0.919999999999999818
0.919999999999999929
0.919999999999999818
0.919999999999999818
0.919999999999999707
0.919999999999999818
0.919999999999999929
0.920000000000000151
0.920000000000000595
0.920000000000001816
0.920000000000004148
0.920000000000008478
0.920000000000016693
0.920000000000032125
0.920000000000060547
0.920000000000112172
0.920000000000204876
0.920000000000368412
0.920000000000654072
0.920000000001147011
0.920000000001988116
0.920000000003407759
0.920000000005777419
0.920000000009690733
0.920000000016084396
0.920000000026420683
0.920000000042955568
0.920000000069131296
0.920000000110142158
0.920000000173741617
0.920000000271378182
0.920000000419778252
0.920000000643127702
0.920000000976056165
0.920000001467541573
0.92000000218562128
0.920000003222505525
0.920000004706873931
0.920000006821903971
0.92000000980661456
0.920000013899595293
0.920000019192371621
0.920000026648207014
0.920000037421321304
0.920000049178196999
0.920000065368672182
0.920000087736762562
0.920000116647023303
0.920000145559495941
0.920000185470489118
0.920000241845146394
0.920000300335089394
0.92000036757319037
0.920000456262820565
0.920000570391837025
0.920000704132715619
0.920000914161932748
0.919999999999999596
0.919999999999999596
0.919999999999999707
0.919999999999999707
0.919999999999999707
0.919999999999999707
0.919999999999999707
0.919999999999999707
0.919999999999999707
0.919999999999999707
0.919999999999999818
0.919999999999999818
0.919999999999999707
0.919999999999999707
0.919999999999999818
0.919999999999999929
0.919999999999999818
0.919999999999999818
0.919999999999999929
0.919999999999999818
0.919999999999999707
0.919999999999999707
0.919999999999999707
0.919999999999999596
0.919999999999999596
0.919999999999999707
0.919999999999999929
0.92000000000000004
0.920000000000000151
0.920000000000000484
0.920000000000000928
0.920000000000001816
0.920000000000003593
0.920000000000006701
0.920000000000012363
0.920000000000022355
0.920000000000039675
0.920000000000069873
0.920000000000121498
0.920000000000208984
0.920000000000355644
0.920000000000598783
0.92000000000099813
0.9200000000016475
0.920000000002692886
0.920000000004358887
0.920000000006988561
0.920000000011098606
0.920000000017461517
0.920000000027218712
0.920000000042040411
0.920000000064346124
0.9200000000976013
0.920000000146706909
0.9200000002185037
0.920000000322482303
0.920000000471766333
0.920000000684098151
0.920000000982247212
0.920000001396852229
0.920000001976327808
0.920000002805155814
0.920000003793990162
0.920000005174663071
0.920000007098464079
0.920000009570992705
0.920000012281345314
0.920000016022337608
0.92000002127185887
0.920000027105781992
0.9200000336036952
0.920000042425968112
0.920000054654203425
0.920000069869995052
0.920000094275399749
0.919999999999999707
0.919999999999999707
0.919999999999999596
0.919999999999999707
0.919999999999999707
0.919999999999999707
0.919999999999999818
0.919999999999999707
0.919999999999999707
0.919999999999999596
0.919999999999999596
0.919999999999999707
0.919999999999999818
0.919999999999999818
0.919999999999999818
0.919999999999999818
0.919999999999999818
0.919999999999999818
0.919999999999999707
0.919999999999999818
0.919999999999999707
0.919999999999999818
0.919999999999999818
0.919999999999999818
0.919999999999999818
0.919999999999999818
0.919999999999999929
0.919999999999999929
0.919999999999999929
0.919999999999999929
0.919999999999999929
0.919999999999999929
0.920000000000000151
0.920000000000000373
0.920000000000000595
0.920000000000001261
0.92000000000000226
0.920000000000004148
0.920000000000007256
0.920000000000012363
0.920000000000021023
0.920000000000035456
0.920000000000059548
0.92000000000009885
0.920000000000162355
0.920000000000264273
0.92000000000042581
0.920000000000680163
0.920000000001077289
0.920000000001691465
0.920000000002632157
0.920000000004060792
0.920000000006210739
0.920000000009417285
0.920000000014156716
0.920000000021099384
0.920000000031181653
0.920000000045690935
0.920000000066356738
0.920000000095516302
0.920000000136402374
0.920000000193533563
0.920000000271339879
0.920000000379258664
0.920000000529689776
0.920000000714611854
0.920000000951187613
0.920000001273287848
0.920000001721914762
0.920000002220899393
0.920000002820219431
0.920000003638707931
0.920000004789452208
0.920000006283078764
0.920000008732091312
0.919999999999999485
0.919999999999999485
0.919999999999999707
0.919999999999999818
0.919999999999999707
0.919999999999999707
0.919999999999999707
0.919999999999999707
0.919999999999999707
0.919999999999999818
0.919999999999999929
0.92000000000000004
0.919999999999999929
0.919999999999999929
0.919999999999999929
0.919999999999999929
0.919999999999999929
0.919999999999999929
0.919999999999999929
0.919999999999999929
0.919999999999999929
0.919999999999999929
0.919999999999999929
0.92000000000000004
0.92000000000000004
0.920000000000000151
0.920000000000000151
0.92000000000000004
0.92000000000000004
0.92000000000000004
0.92000000000000004
0.920000000000000151
0.92000000000000004
0.920000000000000151
0.92000000000000004
0.920000000000000151
0.920000000000000262
0.920000000000000151
0.920000000000000373
0.920000000000000706
0.92000000000000115
0.920000000000002038
0.920000000000003482
0.920000000000005813
0.920000000000009699
0.920000000000015805
0.920000000000025575
0.920000000000041007
0.920000000000065321
0.920000000000103069
0.920000000000161466
0.920000000000251061
0.920000000000386842
0.920000000000591234
0.920000000000896101
0.920000000001346852
0.920000000002008211
0.920000000002969998
0.920000000004356555
0.920000000006338969
0.920000000009150387
0.920000000013105446
0.92000000001860982
0.920000000026239162
0.920000000036802601
0.920000000050717137
0.920000000069429502
0.920000000094705617
0.920000000129633122
0.920000000168929799
0.920000000221563474
0.920000000293139664
0.920000000391459682
0.920000000531580597
0.920000000765942905
0.92000000000000004
0.920000000000000151
0.920000000000000151
0.920000000000000151
0.920000000000000151
0.920000000000000151
0.920000000000000151
0.920000000000000151
0.920000000000000151
0.92000000000000004
0.92000000000000004
0.92000000000000004
0.920000000000000151
0.920000000000000151
0.92000000000000004
0.920000000000000151
0.92000000000000004
0.919999999999999929
0.92000000000000004
0.920000000000000151
0.920000000000000151
0.920000000000000151
0.920000000000000151
0.92000000000000004
0.920000000000000151
0.92000000000000004
0.92000000000000004
0.920000000000000151
0.920000000000000151
0.920000000000000151
0.920000000000000151
0.920000000000000151
0.920000000000000151
0.920000000000000151
0.920000000000000262
0.920000000000000262
0.920000000000000373
0.920000000000000373
0.920000000000000373
0.920000000000000373
0.920000000000000595
0.920000000000001039
0.920000000000001816
0.920000000000003038
0.920000000000004814
0.920000000000007923
0.920000000000012808
0.920000000000020357
0.920000000000032014
0.920000000000049889
0.920000000000076645
0.920000000000117168
0.920000000000177565
0.920000000000266716
0.920000000000397167
0.920000000000586127
0.920000000000857132
0.920000000001241602
0.920000000001782059
0.920000000002533902
0.920000000003570739
0.920000000004989049
0.920000000006914731
0.920000000009517649
0.920000000013022179
0.920000000017713759
0.920000000023901587
0.920000000032221932
0.920000000042481725
0.92000000005583582
0.920000000073807556
0.920000000098389781
0.920000000124425621
0.920000000163504916
0.920000000229521553
0.919999999999999929
0.919999999999999818
0.919999999999999818
0.919999999999999818
0.919999999999999929
0.92000000000000004
0.919999999999999929
0.919999999999999929
0.92000000000000004
0.92000000000000004
0.92000000000000004
0.920000000000000151
0.920000000000000151
0.920000000000000262
0.920000000000000262
0.920000000000000262
0.920000000000000151
0.920000000000000262
0.920000000000000262
0.920000000000000151
0.92000000000000004
0.920000000000000151
0.920000000000000151
0.920000000000000151
0.920000000000000151
0.920000000000000151
0.920000000000000151
0.920000000000000151
0.92000000000000004
0.92000000000000004
0.92000000000000004
0.92000000000000004
0.92000000000000004
0.920000000000000151
0.920000000000000262
0.920000000000000484
0.920000000000000928
0.920000000000001927
0.920000000000003482
0.920000000000006146
0.920000000000010587
0.920000000000017581
0.920000000000028906
0.920000000000047558
0.9200000000000772
0.920000000000124274
0.920000000000197771
0.920000000000311458
0.920000000000485207
0.920000000000748219
0.920000000001142126
0.920000000001726659
0.920000000002586193
0.920000000003838192
0.920000000005642526
0.920000000008212249
0.920000000011827246
0.920000000016854558
0.920000000023786346
0.920000000033113885
0.920000000045678279
0.920000000062512369
0.920000000084410852
0.920000000113609495
0.920000000152793929
0.920000000203455737
0.920000000265034368
0.920000000347327762
0.920000000450079014
0.920000000564159315
0.920000000713203314
0.920000000906305959
0.92000000113517777
0.920000001454251093
0.920000001964953018
0.919999999999999929
0.919999999999999818
0.919999999999999818
0.919999999999999707
0.919999999999999707
0.919999999999999707
0.919999999999999818
0.919999999999999929
0.919999999999999818
0.919999999999999818
0.919999999999999929
0.919999999999999929
0.920000000000000151
0.920000000000000262
0.920000000000000262
0.920000000000000262
0.920000000000000373
0.920000000000000373
0.920000000000000262
0.920000000000000262
0.920000000000000262
0.920000000000000262
0.920000000000000373
0.920000000000000151
0.920000000000000262
0.920000000000000262
0.920000000000000373
0.920000000000000373
0.920000000000000373
0.920000000000000595
0.920000000000000817
0.920000000000001372
0.920000000000002593
0.920000000000004481
0.920000000000007812
0.920000000000013696
0.920000000000023688
0.920000000000040341
0.920000000000067986
0.920000000000113616
0.920000000000188445
0.920000000000310458
0.9200000000005083
0.920000000000826601
0.920000000001333196
0.920000000002129892
0.920000000003366569
0.920000000005261276
0.920000000008129204
0.92000000001242177
0.920000000018782127
0.920000000028118881
0.920000000041703903
0.920000000061283685
0.920000000089188474
0.920000000128396445
0.920000000182627065
0.920000000256615436
0.920000000357368397
0.920000000487326997
0.920000000661156947
0.920000000884005464
0.920000001170676818
0.9200000015538774
0.920000002068416145
0.92000000269980875
0.920000003408295575
0.920000004353398015
0.920000005486128147
0.920000006727730635
0.920000008261865232
0.920000010349580344
0.920000012651374433
0.920000015775283786
0.920000020646496885
0.919999999999999818
0.919999999999999818
0.919999999999999707
0.919999999999999818
0.919999999999999818
0.919999999999999929
0.919999999999999929
0.92000000000000004
0.919999999999999929
0.919999999999999818
0.919999999999999818
0.919999999999999707
0.919999999999999707
0.919999999999999818
0.919999999999999929
0.919999999999999929
0.919999999999999929
0.92000000000000004
0.920000000000000151
0.920000000000000262
0.920000000000000373
0.920000000000000595
0.920000000000000706
0.920000000000000928
0.920000000000001039
0.920000000000001483
0.920000000000002038
0.920000000000003038
0.920000000000004925
0.920000000000008367
0.920000000000014473
0.920000000000025353
0.920000000000044782
0.920000000000078977
0.920000000000138263
0.920000000000239293
0.920000000000409379
0.920000000000692819
0.920000000001161333
0.920000000001931051
0.920000000003189267
0.920000000005236629
0.920000000008550201
0.920000000013871166
0.920000000022318298
0.920000000035525178
0.920000000055841372
0.920000000086624525
0.920000000132656148
0.920000000200726586
0.920000000300474019
0.920000000445575949
0.920000000655305739
0.920000000956134212
0.92000000138205229
0.920000001966039926
0.920000002751761303
0.92000000376105584
0.920000005112348807
0.920000006825746341
0.920000009003340891
0.920000011670790818
0.920000015086623435
0.920000019671553426
0.920000025908641716
0.920000032534967649
0.920000040013606468
0.920000050020925442
0.920000060463350589
0.920000072954274772
0.920000090403006565
0.920000118187426885
0.920000140712738501
0.920000163586823794
0.92000019253951526
0.92000000000000004
0.920000000000000151
0.919999999999999929
0.92000000000000004
0.920000000000000151
0.92000000000000004
0.92000000000000004
0.920000000000000151
0.920000000000000151
0.920000000000000151
0.920000000000000262
0.920000000000000484
0.920000000000000595
0.920000000000000817
0.920000000000001261
0.920000000000001816
0.92000000000000226
0.920000000000003038
0.920000000000003926
0.920000000000005036
0.92000000000000659
0.920000000000008145
0.920000000000010143
0.920000000000012474
0.920000000000015916
0.920000000000021245
0.920000000000030571
0.920000000000047002
0.920000000000077534
0.920000000000133933
0.920000000000237739
0.92000000000042581
0.920000000000761542
0.920000000001349516
0.920000000002360374
0.920000000004069007
0.920000000006917729
0.920000000011622632
0.920000000019348674
0.920000000031994891
0.920000000052662914
0.920000000086407588
0.920000000141362961
0.920000000230178472
0.920000000371354654
0.920000000588684808
0.920000000915676353
0.92000000140080096
0.920000002113188109
0.920000003149616274
0.920000004645368352
0.920000006790423486
0.92000000985091912
0.920000014188100734
0.920000020271154573
0.92000002852507623
0.920000039143577086
0.920000051503060967
0.920000068066704313
0.920000088078015255
0.920000111333050596
0.920000142473822669
0.920000186417783028
0.920000256885829759
0.920000315064994356
0.92000036652526096
0.920000425398081245
0.920000502278437216
0.920000595915791419
0.920000695679473846
0.920000832132991886
0.920000967630537292
0.920001146199878495
0.920001344587514147
0.920001653067654801
0.919999999999999818
0.919999999999999929
0.92000000000000004
0.92000000000000004
0.920000000000000373
0.920000000000000817
0.920000000000001261
0.920000000000001816
0.920000000000002816
0.92000000000000437
0.920000000000006479
0.920000000000008811
0.92000000000001203
0.920000000000016471
0.920000000000021245
0.920000000000027018
0.920000000000034457
0.920000000000042562
0.920000000000051998
0.920000000000063656
0.920000000000075757
0.920000000000090301
0.920000000000108176
0.920000000000133822
0.920000000000174456
0.920000000000245732
0.920000000000380402
0.92000000000064186
0.920000000001146789
0.920000000002106022
0.92000000000388904
0.920000000007132557
0.920000000012913488
0.920000000023004638
0.920000000040137378
0.92000000006851923
0.920000000114935879
0.920000000190635658
0.920000000314022404
0.920000000515180383
0.92000000084339828
0.920000001379413734
0.920000002253816618
0.920000003669762645
0.920000005919927144
0.920000009346381598
0.920000014419934287
0.920000021825226222
0.920000032537046319
0.920000047913283936
0.920000069883776139
0.920000101375682666
0.920000147165989102
0.920000215951613409
0.920000329691322283
0.920000424171866671
0.920000520941921085
0.920000637279846267
0.920000807098473095
0.92000100470743118
0.920001243341031616
0.920001548934411773
0.920001908839966243
0.920002277256807388
0.920002769660735908
0.92000331380343936
0.920003872784649457
0.920004622336704769
0.920005427762139782
0.92000621333661059
0.920007226939575151
0.920008214668779689
0.920009455631953799
0.920010836213180028
0.920012925072553722
0.920000000000000151
0.920000000000000817
0.92000000000000226
0.920000000000004592
0.920000000000008367
0.920000000000013918
0.920000000000022466
0.920000000000034457
0.920000000000049112
0.920000000000069207
0.920000000000092966
0.920000000000124718
0.920000000000159579
0.920000000000205653
0.920000000000256057
0.920000000000312568
0.920000000000381624
0.920000000000452456
0.920000000000536278
0.920000000000628759
0.920000000000724794
0.920000000000845475
0.920000000001016338
0.920000000001287788
0.920000000001774509
0.920000000002724638
0.920000000004799312
0.920000000009096652
0.920000000017547559
0.920000000033696419
0.920000000063629031
0.920000000117583983
0.920000000212716884
0.920000000377060534
0.920000000652197558
0.920000001100672926
0.920000001824689773
0.920000002998513922
0.920000004911174396
0.92000000804450166
0.92000001322006153
0.920000021882528385
0.920000036613011329
0.920000062028415
0.920000107468128658
0.92000016085065317
0.920000230099351834
0.920000330440819414
0.92000047897250159
0.920000689896317336
0.920000981665612949
0.920001379060711
0.920001918625055093
0.920002592950561748
0.920003406472853724
0.920004505813234119
0.920005691909000278
0.920007068945903117
0.920008845432307321
0.920010811775109572
0.920012759544701963
0.920015319709237556
0.920018261511976965
0.920021005712330142
0.920024528619634907
0.920028746703775657
0.920032796277839626
0.920037817272145508
0.920043070113246486
0.920047736001308736
0.920053867678102266
0.92006043488068634
0.920067772915026949
0.920075764942064556
0.920087507608700839
0.920000000000007034
0.920000000000023133
0.92000000000005
0.920000000000094631
0.920000000000155693
0.920000000000242957
0.920000000000363416
0.920000000000515072
0.920000000000694818
0.920000000000919971
0.920000000001187868
0.920000000001478746
0.920000000001813145
0.920000000002197504
0.920000000002590301
0.920000000003061258
0.920000000003532992
0.920000000004058793
0.920000000004640439
0.920000000005218421
0.920000000005913754
0.920000000006903074
0.920000000008503016
0.920000000011457209
0.920000000017596409
0.920000000032324516
0.920000000067164758
0.920000000141657059
0.920000000288857644
0.92000000057063358
0.920000001089600561
0.920000002017271612
0.920000003688595691
0.920000006810320792
0.92000001159992828
0.920000018334487635
0.920000028442021778
0.920000045710940517
0.92000007427543351
0.920000120873201599
0.920000196317274588
0.920000317807950663
0.920000512470155574
0.92000082247359094
0.920001311409862854
0.920002067554933189
0.920003179687027051
0.920004749104715858
0.92000691380451971
0.920009847128301694
0.920013612894819088
0.920018419370029816
0.920024921862801714
0.920031382576579904
0.920039584200758931
0.920049274578580767
0.920058587885167034
0.920070024294363908
0.920083431307421429
0.920095312398125031
0.920109827117245982
0.920127152278170879
0.920142136108487829
0.92015999768096246
0.920184100113572989
0.920219919417783472
0.92023758830595892
0.920254066208122334
0.920276880743782444
0.920299822440785453
0.920326111078698994
0.920364999711536513
0.920417407471727289
0.920452796414379826
0.920485466012932352
0.920000000000166462
0.920000000000478102
0.920000000000974372
0.920000000001705787
0.920000000002637597
0.920000000003842411
0.92000000000528015
0.920000000006907293
0.92000000000860882
0.920000000010601005
0.920000000012627273
0.920000000014799202
0.920000000017156205
0.920000000019565167
0.920000000022070497
0.920000000024769338
0.920000000027334952
0.920000000030350762
0.920000000033225018
0.920000000036487853
0.920000000041177768
0.920000000048988964
0.920000000063829093
0.92000000009877414
0.920000000188899048
0.920000000415852615
0.920000000957089115
0.920000002103108505
0.920000004355907897
0.920000008605253106
0.920000016148081246
0.920000028720553864
0.920000049382491358
0.920000083238116995
0.920000138706539183
0.920000229597973895
0.92000037841948723
0.920000621597703683
0.920001017765828877
0.920001661149361549
0.920002703766257479
0.92000439358085806
0.92000714358274116
0.920011670594853448
0.920019330099156374
0.920033074866213663
0.920048490657739637
0.920065393776916873
0.920088619651083017
0.920120069799876372
0.920160169954175156
0.920208620058913684
0.9202616829365039
0.920313132695337766
0.92036768191742524
0.92041968151351472
0.92047935797021041
0.920534996895707947
0.920591393846443728
0.920651211262369595
0.920712467562087911
0.920780253279988803
0.920843494197519208
0.920908004279667125
0.920986360594673092
0.921071618172767836
0.921144860648797081
0.92122337513150232
0.921329485281959792
0.921432334311753309
0.921519075434462542
0.921640278448453421
0.921816514709769108
0.922033016303099973
0.922152216228214749
0.920000000005711804
0.920000000013561858
0.920000000022410114
0.920000000031493514
0.920000000040330668
0.920000000049490008
0.920000000058530776
0.920000000067497381
0.920000000076563018
0.920000000085823166
0.920000000094598036
0.920000000103798898
0.920000000113343375
0.92000000012188532
0.920000000130918316
0.920000000140123619
0.92000000014909511
0.920000000161490528
0.920000000174301058
0.920000000187905731
0.920000000216639746
0.920000000289803999
0.920000000494256898
0.920000001063514206
0.92000000258002157
0.920000006387339586
0.920000015321127074
0.920000034744316686
0.920000074566810544
0.920000154225400602
0.920000287869218503
0.920000445772227726
0.920000717154147996
0.920001168470926278
0.920001914918141872
0.920003147423367862
0.920005174099952638
0.92000848331654117
0.92001383869184683
0.920022419238782807
0.920036020521670328
0.920057334988433007
0.920090330422969727
0.920140742507305376
0.920216693232036254
0.920329457135509621
0.920494290252281466
0.920729925351218892
0.921044266270364842
0.921300987639854241
0.921491821777535969
0.921628738140550685
0.921727548579535205
0.921806820648993774
0.921880310176169004
0.921951399023274054
0.922028239522881488
0.922116437224040131
0.922214192431565771
0.922318575575053923
0.922437441122794577
0.922574027914774275
0.922719145917814676
0.922881509963413338
0.923038541834238613
0.923246412132249894
0.923467154036996862
0.923699032615951765
0.923978520291808936
0.924304057154148095
0.924587875520973657
0.924823549351283303
0.925125663552954225
0.925490347960322479
0.925908464774709228
)
;

boundaryField
{
    reactingWall
    {
        type            catalyticWall;
        gradient        uniform 0;
    }
    inertWall
    {
        type            zeroGradient;
    }
    inlet
    {
        type            fixedValue;
        value           uniform 0.92000000000000004;
    }
    outlet
    {
        type            zeroGradient;
    }
    defaultFaces
    {
        type            empty;
    }
}


// ************************************************************************* //
