/*--------------------------------*- C++ -*----------------------------------*\
  =========                 |
  \\      /  F ield         | OpenFOAM: The Open Source CFD Toolbox
   \\    /   O peration     | Website:  https://openfoam.org
    \\  /    A nd           | Version:  8
     \\/     M anipulation  |
\*---------------------------------------------------------------------------*/
FoamFile
{
    version     2.0;
    format      ascii;
    class       surfaceScalarField;
    location    "0.5";
    object      phi;
}
// * * * * * * * * * * * * * * * * * * * * * * * * * * * * * * * * * * * * * //

dimensions      [1 0 -1 0 0 0 0];

internalField   nonuniform List<scalar> 
3490
(
2.06166502820289142e-07
7.1270816325045149e-09
1.98545351780956765e-07
7.62115090357295141e-09
1.91655464887851115e-07
6.88988676758855589e-09
1.84554687261000792e-07
7.10077749731138465e-09
1.77270454392461603e-07
7.28423273764103722e-09
1.70117985346174862e-07
7.15246891076980625e-09
1.63240921347656921e-07
6.87706385145329494e-09
1.56629459516734001e-07
6.61146168461314644e-09
1.50268819048434071e-07
6.36064031582525072e-09
1.44173768172988702e-07
6.09505072075115554e-09
1.38360472427190844e-07
5.81329559381313861e-09
1.32835565206863812e-07
5.52490706762917182e-09
1.27600959936576204e-07
5.23460511343832998e-09
1.22660674873230933e-07
4.94028490179816465e-09
4.63637761134191647e-09
1.18024297094862824e-07
2.14976779838368884e-07
5.44382421200994039e-09
2.15680350031566015e-07
6.91758059259670601e-09
2.15654214623293048e-07
6.91602204610704495e-09
2.15408227393882783e-07
7.34676460288362915e-09
2.14772697602434052e-07
7.91976240444809374e-09
2.13772950977893445e-07
8.15221540745792987e-09
2.12519897435322495e-07
8.13011726144755515e-09
2.11074480417255493e-07
8.05687855200253059e-09
2.09459104059334026e-07
7.97601652612706384e-09
2.07702827780358032e-07
7.85132685352410317e-09
2.05844189177282723e-07
7.67193405144751194e-09
2.03914850912323645e-07
7.45424518159443118e-09
2.01938254083860483e-07
7.21120178770437196e-09
1.99937220610641989e-07
6.9413182171366408e-09
6.63017934665177032e-09
1.97943418715151739e-07
2.15180803798450446e-07
3.55654063842688462e-09
2.16856136571497851e-07
5.24224766971686262e-09
2.18027905981011482e-07
5.74425249886568336e-09
2.19117053279145766e-07
6.25761716430153927e-09
2.20128612898044257e-07
6.9082026518424528e-09
2.20946538242221398e-07
7.3342899303287495e-09
2.21597611120096026e-07
7.4790442301895723e-09
2.22135994246515178e-07
7.51849526769952082e-09
2.2256882438002735e-07
7.54318622523729198e-09
2.22888071505860169e-07
7.53207956891925405e-09
2.23099811863964747e-07
7.46019354146358371e-09
2.23217123382696952e-07
7.3369335093240511e-09
2.23249227615433035e-07
7.17909739426868779e-09
2.23200515237693276e-07
6.99003043222677699e-09
6.76303737862382185e-09
2.23067657036518921e-07
2.14359311696345902e-07
2.49072324701801478e-09
2.1550326594732938e-07
4.09829328610379888e-09
2.16532726007720397e-07
4.71479229022477938e-09
2.17623507353572492e-07
5.16683567632107297e-09
2.18816795848491132e-07
5.71491402954777005e-09
2.20013550247566432e-07
6.1375354085889431e-09
2.21160401971420505e-07
6.33219237032296423e-09
2.22268728091840906e-07
6.41016897264141162e-09
2.23343816246487023e-07
6.4680978960288897e-09
2.24373234936527506e-07
6.50266072412888471e-09
2.25347865539304052e-07
6.48556279890907673e-09
2.26266714818466488e-07
6.41808408136829633e-09
2.27128679852565153e-07
6.31713219906890437e-09
2.27928043543004207e-07
6.19066658307906625e-09
6.03795774243156934e-09
2.28653123020729595e-07
2.13989345134528346e-07
1.79486997052084451e-09
2.15055540464097732e-07
3.03209778600514217e-09
2.16088336508587589e-07
3.68199607704210451e-09
2.17130828627920716e-07
4.12434338676088713e-09
2.18260468535948451e-07
4.58527398492126491e-09
2.19422124521276057e-07
4.97587931074270357e-09
2.20560276284232076e-07
5.19404044548016325e-09
2.2168090200305538e-07
5.28954304434951234e-09
2.22799383978792808e-07
5.34961570290302412e-09
2.23910618826128296e-07
5.39142570702871014e-09
2.25002563758202454e-07
5.39361773362512095e-09
2.26069195497623337e-07
5.35145219042458333e-09
2.2710741795368059e-07
5.27890956921239199e-09
2.28110893437517166e-07
5.18719093525126964e-09
5.08093223957774684e-09
2.29067918773613525e-07
2.13845206254352162e-07
1.24314323584506172e-09
2.14600324106160055e-07
2.27697977796458146e-09
2.15416183057704573e-07
2.86613693625021968e-09
2.1630136512988607e-07
3.23916111324237263e-09
2.1729044890642734e-07
3.59619008392231604e-09
2.18359067528838385e-07
3.9072606234088269e-09
2.19458854454350094e-07
4.09425337664782509e-09
2.20568483876820474e-07
4.17991334865594454e-09
2.21688075446834603e-07
4.23002385656660206e-09
2.22812511884378522e-07
4.26698910812441752e-09
2.23930183382705046e-07
4.27594615310554613e-09
2.25032551707501408e-07
4.24908372592939317e-09
2.26115144616153209e-07
4.19631646181746779e-09
2.27173149542091772e-07
4.12918585398595818e-09
4.05303073512861922e-09
2.28201050895876483e-07
2.13638835366483186e-07
8.97785741237602512e-10
2.14311846204435443e-07
1.60396875860330104e-09
2.15123383238856912e-07
2.05459967363836622e-09
2.16009414887044565e-07
2.35312916634441419e-09
2.16982764886146225e-07
2.62283995815154771e-09
2.1802682573556685e-07
2.8631998312167873e-09
2.19096965685249865e-07
3.02411328244635807e-09
2.20170966788648398e-07
3.10591183300068345e-09
2.21250200679575682e-07
3.15078954616276197e-09
2.22335105718873444e-07
3.18208391113501431e-09
2.23417858732881265e-07
3.19319317314632918e-09
2.24489789317642275e-07
3.17715300007858429e-09
2.25545893087418124e-07
3.1402124034508025e-09
2.26582678719929229e-07
3.09240009062054798e-09
3.03956114658955724e-09
2.2759614815230235e-07
2.13652677296612416e-07
5.38580435238769809e-10
2.14224201316156253e-07
1.03244459547518187e-09
2.14920782908082184e-07
1.35801783497018159e-09
2.15705896583986263e-07
1.56801497094071225e-09
2.165828280377816e-07
1.74590839482402809e-09
2.17542838432675175e-07
1.90318982279933092e-09
2.18558006486092607e-07
2.00894515351878732e-09
2.19602450890969077e-07
2.06146673547158885e-09
2.20664426019986702e-07
2.08881371505904545e-09
2.21738248482136894e-07
2.1082613573127195e-09
2.22815501839919529e-07
2.11594017456106084e-09
2.23886302404740011e-07
2.10635229090109989e-09
2.24943972248195037e-07
2.08254201924778514e-09
2.25984725189591335e-07
2.05164715147673449e-09
2.01751912834913147e-09
2.27006767065442709e-07
2.13540134902795192e-07
2.9191727208537061e-10
2.14053883005345246e-07
5.18696402548378928e-10
2.14747606715452823e-07
6.64293913272964398e-10
2.15555814654852965e-07
7.59807015956977995e-10
2.16455638884326458e-07
8.46084007319753471e-10
2.17432969968573234e-07
9.25858592830155009e-10
2.18458028803051773e-07
9.83886348518102082e-10
2.19502199350915092e-07
1.01729632534515275e-09
2.20554576054358924e-07
1.03643713922818286e-09
2.21613267387503627e-07
1.04957007554251586e-09
2.226734161280974e-07
1.05579129961476848e-09
2.23726982431304958e-07
1.0527857577887911e-09
2.24767384584099634e-07
1.04213975402896578e-09
2.25791470948021533e-07
1.02756018306956416e-09
1.01141730494161728e-09
2.26797572554128795e-07
2.1358353003435709e-07
1.8568044131319107e-12
2.14101463181297957e-07
7.63365789920993064e-13
2.14765393222155037e-07
3.63605822526020136e-13
2.15524907964007853e-07
2.91803832528465464e-13
2.16371094551736929e-07
-1.02779474026729812e-13
2.17296970770482041e-07
-1.70060261124295834e-14
2.18280902251031273e-07
-4.48808741160961806e-14
2.19297707408116149e-07
4.90680095544387533e-13
2.20333699475972707e-07
4.44569791329692777e-13
2.21383401808252434e-07
-1.31966672684176448e-13
2.22439153466594872e-07
4.02967812977761425e-14
2.23491819089387657e-07
1.19739359079849686e-13
2.24533589719428448e-07
3.68563332920204027e-13
2.25560990806619292e-07
1.58510576745011139e-13
-1.87648798347663335e-13
2.26572595789131429e-07
2.13587671686682031e-07
-2.92345488800734779e-10
2.14106972036702444e-07
-5.1853753726290211e-10
2.14771295648074539e-07
-6.63960191460816026e-10
2.15531069618427898e-07
-7.59482238462780369e-10
2.16376708487690898e-07
-8.45741870442497347e-10
2.17302223715323623e-07
-9.25533264423206622e-10
2.18285825345941306e-07
-9.83647213788155702e-10
2.19303464832812989e-07
-1.01714887378143971e-09
2.2034014391078098e-07
-1.0362345286977902e-09
2.21389248860884078e-07
-1.04923764691065584e-09
2.22444775440737959e-07
-1.05548738252686198e-09
2.23497447207827408e-07
-1.05255208179005112e-09
2.24539769496875357e-07
-1.0419536248058355e-09
2.25567229163784575e-07
-1.02730100016462431e-09
-1.01114743523385121e-09
2.26578188490465534e-07
2.13540519883451521e-07
-5.39393773366883357e-10
2.14054613157509395e-07
-1.03263119234170417e-09
2.14748671825321094e-07
-1.35801911828840929e-09
2.15557206446916588e-07
-1.56801726006988283e-09
2.1645713290980544e-07
-1.74566867692267176e-09
2.17434656434219725e-07
-1.90305714890986298e-09
2.18459738847273969e-07
-2.00873014304629584e-09
2.19504052730149555e-07
-2.06146331519282698e-09
2.20556594582268438e-07
-2.08877694893258066e-09
2.21615326104238291e-07
-2.10796970367356123e-09
2.2267563115083424e-07
-2.11579275909464139e-09
2.23729225324359356e-07
-2.10614647585385091e-09
2.24769738669991358e-07
-2.08246729496422588e-09
2.25793920208003807e-07
-2.05148238363923475e-09
-2.01729026819788191e-09
2.26800062813797021e-07
2.13652194935177024e-07
-8.98116902147444664e-10
2.14223750731175985e-07
-1.60418729737797724e-09
2.14920357344263961e-07
-2.05462594004285796e-09
2.15705433258382021e-07
-2.3530930945670967e-09
2.16582513664341845e-07
-2.62274944351753949e-09
2.17542590175219697e-07
-2.86313452606941509e-09
2.18557883500591247e-07
-3.02402385486031771e-09
2.19602304839548009e-07
-3.10588439919332704e-09
2.2066427070084808e-07
-3.15074255179540731e-09
2.21738249481481665e-07
-3.18194884876945903e-09
2.22815534053145711e-07
-3.19307814478875483e-09
2.23886415272940347e-07
-3.17702799968362774e-09
2.24944068199076421e-07
-3.14012012100817045e-09
2.25984846687383958e-07
-3.09226131773320409e-09
-3.039355762660836e-09
2.27006911886115852e-07
2.13638637123347801e-07
-1.24327625905839628e-09
2.14311559740414669e-07
-2.27711019352555836e-09
2.15123096687634625e-07
-2.86616311296460576e-09
2.16009123119971187e-07
-3.23911967780811954e-09
2.16982502876403945e-07
-3.59612953432830553e-09
2.18026583261899643e-07
-3.90721542650502397e-09
2.19096758658633697e-07
-4.09419956629599992e-09
2.20170743958268054e-07
-4.17986973053595534e-09
2.21249967090358919e-07
-4.22996571091482137e-09
2.22334913959471556e-07
-4.26689601291288099e-09
2.23417682489475598e-07
-4.27584715813608956e-09
2.24489630617319414e-07
-4.24897643267443618e-09
2.25545718249799528e-07
-4.19620790783051445e-09
2.2658249768405903e-07
-4.12904106403481643e-09
-4.05282684886773303e-09
2.27595968482445732e-07
2.13845133426622702e-07
-1.79493032567614718e-09
2.14600189911425345e-07
-3.03216695700675636e-09
2.15416039640384183e-07
-3.68201309365414242e-09
2.16301230273810057e-07
-4.12431054851727376e-09
2.17290327408630615e-07
-4.58522698428251016e-09
2.18358952540567151e-07
-4.97584093729247335e-09
2.19458751483937163e-07
-5.19399879800115743e-09
2.20568377821461113e-07
-5.289496230220073e-09
2.21687967573808129e-07
-5.34955562057304117e-09
2.22812418736691743e-07
-5.39134744967422734e-09
2.23930099981381593e-07
-5.39352875851577777e-09
2.25032474423369485e-07
-5.35135117260422779e-09
2.2611506016096309e-07
-5.27879388344434331e-09
2.27173060207810585e-07
-5.18704139184382415e-09
-5.0807303122547885e-09
2.28200963387917576e-07
2.13989310690062718e-07
-2.49074927398714927e-09
2.15055470803091737e-07
-4.09832735202709939e-09
2.16088258321257606e-07
-4.71480088385638311e-09
2.17130759807008324e-07
-5.16681230501595187e-09
2.18260411181319822e-07
-5.71487866242436406e-09
2.19422073234693789e-07
-6.13750331268573428e-09
2.20560232180112271e-07
-6.33215802205595126e-09
2.21680861966292841e-07
-6.41012623890512624e-09
2.22799349074751826e-07
-6.46804294724760618e-09
2.23910594384407542e-07
-6.50259302826283803e-09
2.25002549194372725e-07
-6.485483873918931e-09
2.26069188879958234e-07
-6.41799114533904119e-09
2.27107414586901125e-07
-6.31701985485685727e-09
2.28110895222362997e-07
-6.1905223024203054e-09
-6.03776751068496035e-09
2.2906793214411428e-07
2.14359297408940293e-07
-3.55655254687930116e-09
2.15503233410984164e-07
-5.24226363804167857e-09
2.16532687347855812e-07
-5.74425510067670267e-09
2.17623475392632241e-07
-6.25760063125135479e-09
2.18816773262903241e-07
-6.90817682679422779e-09
2.20013533633045241e-07
-7.33426397991395648e-09
2.21160391312654597e-07
-7.47901597676834676e-09
2.22268724261626238e-07
-7.51845943496147755e-09
2.23343821207958768e-07
-7.54314013982999895e-09
2.24373251286832306e-07
-7.5320233742247577e-09
2.25347894229255767e-07
-7.46012710269246738e-09
2.26266756406476989e-07
-7.3368536029795189e-09
2.27128734778038947e-07
-7.1789984983899174e-09
2.27928115777935171e-07
-6.98990357443833312e-09
-6.76287219020248706e-09
2.28653220183213789e-07
2.15180796476491318e-07
-5.44382893743789329e-09
2.16856120004544363e-07
-6.91758745140906858e-09
2.18027886508758569e-07
-6.91602188813228761e-09
2.19117039457911515e-07
-7.34675386457538032e-09
2.20128607885732879e-07
-7.91974554222122651e-09
2.20946540776579445e-07
-8.15219715715159012e-09
2.2159762141648324e-07
-8.13009688996735312e-09
2.22136014453845067e-07
-8.0568527318029786e-09
2.22568857466466758e-07
-7.97598340966199838e-09
2.22888120348461006e-07
-7.85128652397565697e-09
2.23099879043658054e-07
-7.67188607491248311e-09
2.23217212172692767e-07
-7.45418700979449856e-09
2.23249342718577184e-07
-7.21112931843143019e-09
2.23200664308700112e-07
-6.94122543954796315e-09
-6.63005920084274847e-09
2.23067851048432244e-07
2.14976776464503036e-07
-7.12708316228392402e-09
2.15680341905003567e-07
-7.62115317669742556e-09
2.15654205684270308e-07
-6.88988594984893452e-09
2.15408223819785069e-07
-7.10077228239548352e-09
2.14772702688220243e-07
-7.28422469381405278e-09
2.13772965266769741e-07
-7.1524600153723265e-09
2.12519922122213654e-07
-6.8770540166089901e-09
2.11074518448507414e-07
-6.61144932180991112e-09
2.09459159318308037e-07
-6.36062454251949977e-09
2.07702904177755515e-07
-6.09503165158282448e-09
2.05844290902125499e-07
-5.81327307286399247e-09
2.03914983148103527e-07
-5.52487953007996833e-09
2.01938424529663328e-07
-5.23457097449694468e-09
1.99937440028242309e-07
-4.94024121072444448e-09
-4.63632078207984322e-09
1.97943701339021989e-07
2.06166501173513467e-07
1.98545347750869214e-07
1.91655461554843621e-07
1.84554689025791396e-07
1.77270464085145301e-07
1.70118003822642051e-07
1.63240949562779939e-07
1.56629500001082356e-07
1.50268875217627226e-07
1.44173843319703471e-07
1.38360569994176575e-07
1.32835690207915645e-07
1.27601118975353578e-07
1.22660877506327357e-07
1.18024556467268244e-07
1.14479034269705885e-07
3.54526269219015176e-09
1.11076603958682635e-07
3.40243017130997527e-09
1.07825227308036439e-07
3.25137650606734551e-09
1.04732735520522836e-07
3.09249163850225405e-09
1.01796054288474571e-07
2.93668107699920679e-09
9.90085349959406383e-08
2.78751913404095923e-09
9.63655171413672965e-08
2.64301769248137939e-09
9.38633952936373268e-08
2.50212168347264284e-09
9.14976784235607838e-08
2.36571670455771571e-09
8.92628847912245266e-08
2.2347934655865508e-09
8.71533607027926151e-08
2.10952391949066856e-09
8.51636780492401204e-08
1.98968248405400927e-09
8.32884318748118819e-08
1.87524600423509947e-09
8.15220623155543228e-08
1.76636938801630048e-09
7.98589471913472114e-08
1.66311495235616192e-09
7.82935651131703348e-08
1.56538190541993327e-09
7.68205504512606199e-08
1.47301448917828272e-09
7.54346678394898508e-08
1.38588243741254543e-09
7.41308035233483101e-08
1.30386414188003235e-09
7.29039963031288332e-08
1.22680704492816494e-09
7.17494720980615546e-08
1.15452402831106327e-09
7.06626580328690265e-08
1.08681388620380642e-09
6.96391823369093045e-08
1.02347551059888406e-09
6.86748748842797296e-08
9.64307254634454025e-10
6.77657719399525038e-08
9.09102714516061282e-10
6.69081200544471103e-08
8.5765158798320471e-10
6.60983754149317396e-08
8.09744209159468771e-10
6.53331997644568309e-08
7.65174961845646664e-10
6.46094552432685796e-08
7.23743334765130226e-10
6.39241989815065223e-08
6.85254131084643246e-10
6.32746768932888922e-08
6.49518202923438463e-10
6.26583162078229341e-08
6.16353594371727823e-10
6.20727168832555616e-08
5.85586474848528604e-10
6.15156422890801338e-08
5.57051574725129889e-10
6.09850092263866474e-08
5.30592387546299844e-10
6.04788770751412314e-08
5.06061335449193359e-10
5.99954357783663075e-08
4.83319904807840704e-10
5.95329922349539216e-08
4.62238741944301647e-10
5.90899546913468889e-08
4.42697596452193548e-10
5.86648145495699811e-08
4.24585159664730439e-10
5.82561249542951866e-08
4.07798853708314972e-10
5.78624757045184245e-08
3.92244494412287811e-10
5.74824645981375572e-08
3.77835664868556693e-10
5.71146660752175497e-08
3.64492668898397156e-10
5.67575985335951437e-08
3.52141162725680508e-10
5.64096916634745062e-08
3.40710380376223655e-10
5.60692568958193447e-08
3.301301993344104e-10
5.57345035623044164e-08
3.20307466431405787e-10
5.54037002049764027e-08
3.11155289321739191e-10
5.50751637881316501e-08
3.02386240336341592e-10
5.47486318202880946e-08
2.93982487107061415e-10
5.44255660334309555e-08
2.86325218021039081e-10
5.41043986725343733e-08
2.78888387219702258e-10
5.37863606204494352e-08
2.7166300172426186e-10
5.34712376985401726e-08
2.64478002120868223e-10
5.31605739070805637e-08
2.57622734861229667e-10
5.28538627828489069e-08
2.50673367728741115e-10
5.25533434614247128e-08
2.43844008498667223e-10
5.22593397580588037e-08
2.36845417158259089e-10
5.19726752339843587e-08
2.29727317973980007e-10
5.16939233708771328e-08
2.22595627617724705e-10
5.14230637588282038e-08
2.15570332083587295e-10
5.11602846106252848e-08
2.08363841097090588e-10
5.0905752072904152e-08
2.00801876148531515e-10
5.06598535779306869e-08
1.93064061623747808e-10
5.04232496680452547e-08
1.84697509219290772e-10
5.01966814183558827e-08
1.75024997696729282e-10
4.99820589152675615e-08
1.63197129655258625e-10
4.97813120565742779e-08
1.49183270563552344e-10
4.95881372495562824e-08
1.41140274429675822e-10
4.93739632857494705e-08
1.62762651773166934e-10
4.90666453001556089e-08
2.55772157526351371e-10
4.86697171214020667e-08
3.46837209048607148e-10
4.85706261046372012e-08
4.85965936328910699e-11
-1.93651954432389254e-10
1.96340839921659643e-07
5.14784135119223764e-09
1.94710885806309597e-07
5.03238414874673951e-09
1.93068433804530582e-07
4.89382836489178193e-09
1.91435788733280889e-07
4.72513655897049976e-09
1.89821048905392755e-07
4.55142075000902435e-09
1.88223653404702989e-07
4.384914474534924e-09
1.86644692198196719e-07
4.22197873544115919e-09
1.85088640940138083e-07
4.05817277767481912e-09
1.83559599795667293e-07
3.8947576831228892e-09
1.82059529690293592e-07
3.73486340343590924e-09
1.80589268453537594e-07
3.57978498770591127e-09
1.79149646648490118e-07
3.42930412049356904e-09
1.77741595894438725e-07
3.28329658673796273e-09
1.76365773861524255e-07
3.14219125059080783e-09
1.75022417744923543e-07
3.00647089584037643e-09
1.73711482026161818e-07
2.8763174506564264e-09
1.72432787018861876e-07
2.75170932342322666e-09
1.71186049748324016e-07
2.63261953366210655e-09
1.69970862388841204e-07
2.51905132668713155e-09
1.68786693569768557e-07
2.41097568763876198e-09
1.67632919039043772e-07
2.30829838417063824e-09
1.66508853622520878e-07
2.21087912769031959e-09
1.65413766238188497e-07
2.11856271887368512e-09
1.64346887191194126e-07
2.03118612359967866e-09
1.63307417382762832e-07
1.94857234281461408e-09
1.62294539779853871e-07
1.8705290045194012e-09
1.61307429386524848e-07
1.7968544096428001e-09
1.60345260130660379e-07
1.72734400827996087e-09
1.59407209864085398e-07
1.66179335829948456e-09
1.58492464710630603e-07
1.59999898194548234e-09
1.57600222914957809e-07
1.54175957987833378e-09
1.56729697813501177e-07
1.48687806719962245e-09
1.55880119782013956e-07
1.43516350017190252e-09
1.55050737371986062e-07
1.38643230561942176e-09
1.54240817841759329e-07
1.34050906183189973e-09
1.53449647111197616e-07
1.2972271826249482e-09
1.52676529083540792e-07
1.25642960786700094e-09
1.51920784308337766e-07
1.21796944460384934e-09
1.51181747967837573e-07
1.18171041280420722e-09
1.50458767121457311e-07
1.14752718478064622e-09
1.49751197202616371e-07
1.11530559781301055e-09
1.49058397680051567e-07
1.08494271954009781e-09
1.48379726818705937e-07
1.05634657196814226e-09
1.47714535438825724e-07
1.02943544268144665e-09
1.47062159969286474e-07
1.00413653312988999e-09
1.46421915966027254e-07
9.80383525795387271e-10
1.45793097034765377e-07
9.58111163971202625e-10
1.4517498072889907e-07
9.3723931528679604e-10
1.44566739807246757e-07
9.17656869803781001e-10
1.4396749129952508e-07
8.99194311839447584e-10
1.43376402421390185e-07
8.81787455033610879e-10
1.42792965093540633e-07
8.65288869173929824e-10
1.42216658795538544e-07
8.49716089877225503e-10
1.41646741458805174e-07
8.34756989941636465e-10
1.41082703325472623e-07
8.20338433791437881e-10
1.40524511340698882e-07
8.06048584460633084e-10
1.39971850776681424e-07
7.9202459144693648e-10
1.39423627896206772e-07
7.78156448496613541e-10
1.38881789936839233e-07
7.64386100877254282e-10
1.38345700180445319e-07
7.50447981615749288e-10
1.37813610857387879e-07
7.36346869269204707e-10
1.37286816951788924e-07
7.21872418227531069e-10
1.36769037588746132e-07
7.07264969038961307e-10
1.36257717968699258e-07
6.92579979387470807e-10
1.35748321557648381e-07
6.77492579289604696e-10
1.35245883674087393e-07
6.62761980454769244e-10
1.34750169916843778e-07
6.49991694171789288e-10
1.34245539544755997e-07
6.41022840889564052e-10
1.33725347447003827e-07
6.40883805127727705e-10
1.33182618353029276e-07
6.59641567945913539e-10
1.32604389968350031e-07
7.12202961075064343e-10
1.32047849243607708e-07
7.79324634306958948e-10
1.318604535212196e-07
5.05077871844084818e-10
1.31720335419915646e-07
1.57469522095353422e-10
8.45015480668000633e-11
2.2292537637153563e-07
5.29012188446483063e-09
2.2274623154238187e-07
5.21152883850477291e-09
2.22524966125241946e-07
5.11509363615197486e-09
2.22265099479504373e-07
4.98500305325794575e-09
2.21973472502498527e-07
4.84304756766534463e-09
2.21653369547038674e-07
4.705017267421793e-09
2.2130646495727312e-07
4.56888316055685557e-09
2.2093540952101628e-07
4.42922804779059005e-09
2.20543435710332214e-07
4.28673132659263427e-09
2.20133187539234217e-07
4.14511140675233407e-09
2.19706713241492205e-07
4.00625911613263697e-09
2.19265917012027672e-07
3.87010018002939643e-09
2.18812757976063336e-07
3.73645545235758379e-09
2.18349105523855417e-07
3.60584353062630997e-09
2.17876595853435748e-07
3.47898039534314442e-09
2.1739664905405335e-07
3.35626407693125932e-09
2.16910550402632146e-07
3.23780780139818435e-09
2.16419484577823969e-07
3.1236851832956857e-09
2.15924520375497172e-07
3.0140153550760547e-09
2.15426600423877381e-07
2.90889546435834454e-09
2.14926554697801518e-07
2.80834393329943587e-09
2.14425119032880705e-07
2.71231461738011098e-09
2.13922946988900185e-07
2.62073458571053818e-09
2.13420614883811798e-07
2.53351805130899631e-09
2.12918626842218699e-07
2.45056020775347524e-09
2.12417422283526317e-07
2.3717333857073872e-09
2.11917383806907611e-07
2.29689270876930682e-09
2.11418843521687653e-07
2.22588411391438087e-09
2.10922088075228797e-07
2.15854862218682257e-09
2.1042736326985697e-07
2.09472360036147657e-09
2.09934878538093655e-07
2.03424411584776379e-09
2.09444811044323709e-07
1.97694534969543877e-09
2.08957309201063644e-07
1.92266510433387967e-09
2.0847249562510175e-07
1.87124559044828074e-09
2.07990469731458563e-07
1.82253457375360107e-09
2.07511310007944187e-07
1.77638636994388662e-09
2.07035075965998283e-07
1.73266284882602802e-09
2.06561809824219798e-07
1.69123433952512084e-09
2.06091537951361021e-07
1.6519803035512818e-09
2.05624272178138807e-07
1.61478977676744643e-09
2.05160011063355794e-07
1.57956160701212086e-09
2.04698741198603404e-07
1.54620443595135273e-09
2.04240438681792974e-07
1.51463620545015149e-09
2.03785070995100326e-07
1.48478300040345056e-09
2.03332599512013589e-07
1.45657697003548635e-09
2.02882982934790264e-07
1.42995289003102078e-09
2.0243618083465514e-07
1.40484245197017861e-09
2.01992149590254788e-07
1.38116547980018793e-09
2.01550828445508533e-07
1.35882170318404358e-09
2.01112095242546993e-07
1.33768900483463892e-09
2.00675900291498631e-07
1.31767985824859264e-09
2.00242134182954627e-07
1.29867397653298369e-09
1.99810774830588189e-07
1.28052855628638807e-09
1.99381732011134975e-07
1.26304082954072057e-09
1.98955056223667244e-07
1.24608680574895923e-09
1.98530473950235587e-07
1.22943647754892248e-09
1.9810799710669434e-07
1.21302163370065286e-09
1.97687447527652711e-07
1.19673094961357839e-09
1.97269442087261685e-07
1.18050371139409525e-09
1.96853164764566093e-07
1.16412357251047733e-09
1.96439045830284255e-07
1.14736378814923899e-09
1.96028264802091329e-07
1.13008871047567664e-09
1.95619766405959227e-07
1.11199544205151715e-09
1.95214502064615708e-07
1.09277318070115038e-09
1.94815635280279326e-07
1.07257673610122127e-09
1.94422418029142433e-07
1.05100507353483768e-09
1.94038086695225586e-07
1.02797935866096917e-09
1.93669072404374464e-07
1.00459743056376779e-09
1.93320836162273806e-07
9.81963864581855589e-10
1.93011140223787175e-07
9.62550128692157462e-10
1.92769246864693891e-07
9.46577800720284242e-10
1.92612227917548845e-07
9.26961567142900417e-10
1.92210003641721647e-07
8.9904359376670371e-10
1.91576970754601766e-07
7.83559065148100901e-10
6.25442275610643717e-10
2.29196136495054626e-07
4.74710827696176597e-09
2.29721323972128282e-07
4.68634122498370842e-09
2.30217185689411086e-07
4.61923177568404086e-09
2.30676199019466459e-07
4.52598956837369586e-09
2.31100388192629774e-07
4.41885823042230502e-09
2.3149287980804744e-07
4.31252548413635297e-09
2.31854026627469958e-07
4.20773617232533487e-09
2.32183639120069697e-07
4.09961538766108674e-09
2.32482749267102649e-07
3.98762101151934351e-09
2.32753053212021241e-07
3.87480729267389515e-09
2.32996024487791092e-07
3.7632876698803507e-09
2.33212901370212052e-07
3.65322312747089777e-09
2.33404948999068097e-07
3.54440765097489174e-09
2.33573523172429876e-07
3.43726918537770065e-09
2.33719964347441619e-07
3.33253904772266864e-09
2.33845527308484972e-07
3.23070094254621916e-09
2.33951405663642918e-07
3.13192927150731975e-09
2.34038763541959165e-07
3.03632713016139186e-09
2.34108730823803091e-07
2.94404789819780147e-09
2.34162385366587439e-07
2.85524074583599139e-09
2.34200746934018571e-07
2.76998218927902898e-09
2.3422478110714593e-07
2.6882802677603658e-09
2.3423540293472813e-07
2.61011258148528604e-09
2.34233476303517008e-07
2.53544450579891109e-09
2.34219812496030351e-07
2.4642238383979399e-09
2.34195170941263399e-07
2.39637476263506922e-09
2.34160261637465397e-07
2.33180183501883465e-09
2.34115747545340867e-07
2.27039802796263146e-09
2.34062246477483895e-07
2.21204951291834957e-09
2.34000332969534787e-07
2.15663693034288692e-09
2.33930540479555516e-07
2.1040364273456859e-09
2.33853363758869433e-07
2.05412189139843514e-09
2.33769261159900684e-07
2.00676752175299363e-09
2.33678656813337825e-07
1.96184975232401535e-09
2.33581942733383421e-07
1.91924846321885065e-09
2.3347948088674478e-07
1.87884801561455087e-09
2.33371605219823635e-07
1.84053829730696153e-09
2.33258623640915282e-07
1.80421567061054692e-09
2.3314082000115643e-07
1.76978364533819783e-09
2.33018456122283303e-07
1.73715327305795937e-09
2.32891773946078537e-07
1.70624326713581928e-09
2.32760997867784584e-07
1.67697978335110614e-09
2.32626337296188826e-07
1.64929570819308971e-09
2.32487989467633229e-07
1.62312923525802448e-09
2.32346142459130338e-07
1.59842158015309495e-09
2.32200978139832621e-07
1.57511359786014048e-09
2.32052674110995411e-07
1.55314106482366677e-09
2.31901402477468299e-07
1.53242904713970225e-09
2.31747324593823302e-07
1.51288766582399801e-09
2.31590582841918686e-07
1.49441335554594951e-09
2.31431336753541981e-07
1.47690145611999397e-09
2.3126974039842065e-07
1.46023999778680415e-09
2.31105929051516768e-07
1.44428813478738403e-09
2.30939992952302545e-07
1.42890035106500538e-09
2.30772054149000673e-07
1.41393996716476881e-09
2.30602124083685521e-07
1.39926264328395021e-09
2.30430255661396946e-07
1.38473402992498257e-09
2.30256479880006045e-07
1.37026260205726455e-09
2.30081046423985269e-07
1.35576002708050492e-09
2.29903812677372775e-07
1.34104913206467537e-09
2.29724763979153452e-07
1.32594109676884808e-09
2.29544329249008452e-07
1.31019948867128271e-09
2.29362352074584526e-07
1.29350784900045702e-09
2.29178622298492818e-07
1.27577588750583663e-09
2.28993493983471988e-07
1.25697962118023422e-09
2.28806166426435519e-07
1.23762419523258529e-09
2.28614186193448347e-07
1.21905265866727276e-09
2.28414007347022485e-07
1.20373291084751444e-09
2.2820016120694703e-07
1.19455544688059919e-09
2.27970041260238259e-07
1.19143926967145774e-09
2.27733711243392168e-07
1.18154532332112039e-09
2.27536870975887979e-07
1.12207580129206544e-09
2.27478375412501714e-07
9.55758355865848441e-10
2.27491011796682366e-07
7.69147513754136409e-10
6.65651108137024604e-10
2.2981560201405279e-07
3.99942490699824219e-09
2.30552780570959614e-07
3.9491625339729571e-09
2.31277249668826205e-07
3.89476253368321544e-09
2.31978969649016691e-07
3.82426942935572413e-09
2.32655097938209713e-07
3.74272976717034868e-09
2.33307434350269695e-07
3.66018889579182949e-09
2.33936468219222359e-07
3.57870213065807371e-09
2.34541154338985271e-07
3.4949290985049072e-09
2.3512110311425742e-07
3.40767206662182167e-09
2.35676883851399136e-07
3.31902638634607369e-09
2.36209144901844357e-07
3.23102644917804496e-09
2.36718289706205096e-07
3.14407815083495321e-09
2.3720472215354506e-07
3.05797503229255527e-09
2.3766903695154295e-07
2.97295421471140787e-09
2.38111963291111228e-07
2.88961253467572797e-09
2.38534236708084358e-07
2.80842735027403126e-09
2.38936595239165448e-07
2.72957056605696027e-09
2.39319797742420308e-07
2.65312445233583336e-09
2.39684626756219089e-07
2.57921870918781199e-09
2.40031871207766088e-07
2.50799611750008659e-09
2.40362309484675245e-07
2.43954373595313564e-09
2.40676703502882786e-07
2.37388607365844948e-09
2.40975797942771313e-07
2.31101796502095257e-09
2.412603176773621e-07
2.25092459479810777e-09
2.41530963323018574e-07
2.19357801522688586e-09
2.41788407896765099e-07
2.13893001096588476e-09
2.42033295460558275e-07
2.08691409391025812e-09
2.42266240644565898e-07
2.03745266662779757e-09
2.42487828190621117e-07
1.99046178963134099e-09
2.42698612562149102e-07
1.94585238011717769e-09
2.42899118026473976e-07
1.90353078652551712e-09
2.43089839204960361e-07
1.86340053440114316e-09
2.43271241893744309e-07
1.82536465567175311e-09
2.43443764027975497e-07
1.78932744069535143e-09
2.43607816768730642e-07
1.7551955441159348e-09
2.4376378576811396e-07
1.72287883857840177e-09
2.4391203255808717e-07
1.69229132896747127e-09
2.44052896074445449e-07
1.66335197201476396e-09
2.44186694313974986e-07
1.63598522228732961e-09
2.4431372612436086e-07
1.61012127322494652e-09
2.44434273157746719e-07
1.58569603635395614e-09
2.44548601906363062e-07
1.56265082378356828e-09
2.44656965826087858e-07
1.54093155516395627e-09
2.44759607445290918e-07
1.52048734593066634e-09
2.44856760338302719e-07
1.50126835989373114e-09
2.44948650568840705e-07
1.48322295386528501e-09
2.45035496958338737e-07
1.46629412853287597e-09
2.45117509325456664e-07
1.45041593668978216e-09
2.45194884785641504e-07
1.43551117173090271e-09
2.45267804614277028e-07
1.4214920702783094e-09
2.4533643970206331e-07
1.40826430838242993e-09
2.45400950230048609e-07
1.39572654022473979e-09
2.45461471669270396e-07
1.38376234957587939e-09
2.45518115764795401e-07
1.37224918335166115e-09
2.45570982736033683e-07
1.36106512789217149e-09
2.45620142227766773e-07
1.35009390120956371e-09
2.45665638942413894e-07
1.33922280628721942e-09
2.45707514392067281e-07
1.32836390546960127e-09
2.45745839206770146e-07
1.31742036132889702e-09
2.45780608626533069e-07
1.30625122941891349e-09
2.45811849740154528e-07
1.29465596227036195e-09
2.45839671848597107e-07
1.28232595963093626e-09
2.45864274274887071e-07
1.26885031801943741e-09
2.45886274564960676e-07
1.25370603183611793e-09
2.45906964083129621e-07
1.23617944641340566e-09
2.45928993325941275e-07
1.21552910167853761e-09
2.45956857234489631e-07
1.19106454653784674e-09
2.45997756065910987e-07
1.16265254184871088e-09
2.46061119139805597e-07
1.1310147966401039e-09
2.46154607246014102e-07
1.09779855693865715e-09
2.46270510078564362e-07
1.06542886388142363e-09
2.46355028862855636e-07
1.03725231933078204e-09
2.46297147375968811e-07
1.01336474575930119e-09
2.46097859399258697e-07
9.68165309411371216e-10
9.00875747538746613e-10
2.29005007662477998e-07
3.19546801079614516e-09
2.29801588873775759e-07
3.15258119400340487e-09
2.30587424962832702e-07
3.1089263139976165e-09
2.31355882288398115e-07
3.05581193984220452e-09
2.32104187731542852e-07
2.99442412940757746e-09
2.32833433450953975e-07
2.9309429881366459e-09
2.33544286599078791e-07
2.86784880679449403e-09
2.34235829373840078e-07
2.80338615266139095e-09
2.34907199592320089e-07
2.73630167813676056e-09
2.35558340426008934e-07
2.66788538085930301e-09
2.36189576352802057e-07
2.59979035109885514e-09
2.36801129425973341e-07
2.53252490504214991e-09
2.3739317230692202e-07
2.46593197857126523e-09
2.37966019491758998e-07
2.40010685647980549e-09
2.38520132316202266e-07
2.33549953584713856e-09
2.39056040774671564e-07
2.2725187167543993e-09
2.39574277746515095e-07
2.21133341937627975e-09
2.40075395536096351e-07
2.15200648608343564e-09
2.40559977610521232e-07
2.09463645827686126e-09
2.41028627944161293e-07
2.03934560781709154e-09
2.41481955357644429e-07
1.98621614556212205e-09
2.41920565747292247e-07
1.93527550734722021e-09
2.42345061382138994e-07
1.88652215245422635e-09
2.4275603939240534e-07
1.83994640672274637e-09
2.43154087204441784e-07
1.79553002487297764e-09
2.43539777766645399e-07
1.75323927154230027e-09
2.43913666560102312e-07
1.71302512229022014e-09
2.44276289923323245e-07
1.67482912573451097e-09
2.44628163658085831e-07
1.63858787643000065e-09
2.4496978174411797e-07
1.60423411675802927e-09
2.4530161544137451e-07
1.57169691039915761e-09
2.45624112933315785e-07
1.54090286420539683e-09
2.45937699396781952e-07
1.51177801363040715e-09
2.46242777324637793e-07
1.48424933542712996e-09
2.46539727059896239e-07
1.45824563112476915e-09
2.46828907545495835e-07
1.43369817467186258e-09
2.47110657262890011e-07
1.41054143415788304e-09
2.47385295342196519e-07
1.38871371551944994e-09
2.47653122839349372e-07
1.36815754925519769e-09
2.47914424204629351e-07
1.34881973244142682e-09
2.48169468853761572e-07
1.33065120942652991e-09
2.48418512779805371e-07
1.31360671999493356e-09
2.48661800140038444e-07
1.29764401704276479e-09
2.48899564761400529e-07
1.28272254460322209e-09
2.49132031347282361e-07
1.26880159120240365e-09
2.49359416145862094e-07
1.25583796779440989e-09
2.4958192670534841e-07
1.24378337382504604e-09
2.49799760546502167e-07
1.23258188668061565e-09
2.50013103117912313e-07
1.22216837410449657e-09
2.50222126391361471e-07
1.21246853971159724e-09
2.50426989819134735e-07
1.20340058117130419e-09
2.5062784004332612e-07
1.19487595374380318e-09
2.50824803422637331e-07
1.18679851464808012e-09
2.51017983533241621e-07
1.17906848522798164e-09
2.51207458830167702e-07
1.17158907159186698e-09
2.51393280051120202e-07
1.16427168661029019e-09
2.51575464062267923e-07
1.15703742252573381e-09
2.51754004641179569e-07
1.14982114915784661e-09
2.51928865931656322e-07
1.14255768239343225e-09
2.52099956739642656e-07
1.13515779351537255e-09
2.52267137660143292e-07
1.12747097686681051e-09
2.52430230062252612e-07
1.11922828086850765e-09
2.52589077433673829e-07
1.10999718323558163e-09
2.52743638529917722e-07
1.09913734337585884e-09
2.52893973246595057e-07
1.08583169458356416e-09
2.53040110664822896e-07
1.06938503110516143e-09
2.53181320547393261e-07
1.04984304670464903e-09
2.53315252282145593e-07
1.02870203739794866e-09
2.53437648461132217e-07
1.00859237840188497e-09
2.53544554459311962e-07
9.90874917183898872e-10
2.5363960683716193e-07
9.70350396306400944e-10
2.53745249476126249e-07
9.31570263489007747e-10
2.53896874220969938e-07
8.6170158641796496e-10
2.54085561561187821e-07
7.79439003442460226e-10
7.02151028502427797e-10
2.28395830609965334e-07
2.3957854231047814e-09
2.29185081647847617e-07
2.36333003879811579e-09
2.29965136623061923e-07
2.32887124377349268e-09
2.30731796061706567e-07
2.28915232899477283e-09
2.31482120671356507e-07
2.2440992772511736e-09
2.32216045146088749e-07
2.19701830609591766e-09
2.32933982202499823e-07
2.14991157196023714e-09
2.33635304140553873e-07
2.10206404551586768e-09
2.34319053051184615e-07
2.05255259694397865e-09
2.34984967358322143e-07
2.00197090228521563e-09
2.35633270022318871e-07
1.95148751398501345e-09
2.36264166215595373e-07
1.90162853836748533e-09
2.3687777798384388e-07
1.85232003616857824e-09
2.37474307259726032e-07
1.80357740586147884e-09
2.38054096957772605e-07
1.75570966302426937e-09
2.38617572084675378e-07
1.70904341477981542e-09
2.39165176482037465e-07
1.66372884697288958e-09
2.39697375138415152e-07
1.61980765375492631e-09
2.40214660173595453e-07
1.57735124700592146e-09
2.40717554719980039e-07
1.53645088461571083e-09
2.41206599605243659e-07
1.49717108294095274e-09
2.41682339398585851e-07
1.45953553589262504e-09
2.42145319818150812e-07
1.42354155502376637e-09
2.42596085391851683e-07
1.38918065555045466e-09
2.43035174704335161e-07
1.35644053498036493e-09
2.43463115321408777e-07
1.32529847614729423e-09
2.43880420250117632e-07
1.29572001470756406e-09
2.44287585900794234e-07
1.26766329713825862e-09
2.44685090653478328e-07
1.24108294432068248e-09
2.45073393634097794e-07
1.21593095691124731e-09
2.45452933754397523e-07
1.19215661281931767e-09
2.45824129201658172e-07
1.16970723705646724e-09
2.46187377371121157e-07
1.14852966534835514e-09
2.46543055096256348e-07
1.12857143199273778e-09
2.46891519108833583e-07
1.10978143979863391e-09
2.47233106682777021e-07
1.09211042365810149e-09
2.47568136435262916e-07
1.07551150379333552e-09
2.47896909266229285e-07
1.05994070737941884e-09
2.48219709469159835e-07
1.04535716928690642e-09
2.48536806102250676e-07
1.03172292206609431e-09
2.48848454388924348e-07
1.01900274532937735e-09
2.49154897043017263e-07
1.00716388928479609e-09
2.49456365511085712e-07
9.96175371982986868e-10
2.49753081072266551e-07
9.8600680618188406e-10
2.50045255591608665e-07
9.76626896622180684e-10
2.50333091776169517e-07
9.68001607627040821e-10
2.50616782778387627e-07
9.60092197229706387e-10
2.50896511088250668e-07
9.52853401281739025e-10
2.51172446950858458e-07
9.46232336072871151e-10
2.51444746804862185e-07
9.40168510216611773e-10
2.51713552348881214e-07
9.34594859849028696e-10
2.51978989177593e-07
9.29438945067990734e-10
2.52241163464543809e-07
9.24624043948962895e-10
2.52500159672097151e-07
9.20072087412002305e-10
2.52756039367075465e-07
9.15709178008755307e-10
2.53008839993761432e-07
9.11470847331514743e-10
2.53258570879107206e-07
9.0730630234011329e-10
2.53505208976075114e-07
9.03182759232285059e-10
2.53748682864838363e-07
8.99083554433537077e-10
2.53988848460433151e-07
8.94991868789802901e-10
2.54225469872375004e-07
8.90849164361331349e-10
2.54458223932174717e-07
8.86473739951948306e-10
2.54686785001743244e-07
8.8143559102484339e-10
2.54911050776700832e-07
8.74870822977445437e-10
2.55131640298410186e-07
8.65240942636659246e-10
2.55350891697633087e-07
8.50133101903003441e-10
2.5557424683990342e-07
8.26487076010459233e-10
2.55810868849217959e-07
7.92078552672603262e-10
2.56070870769668844e-07
7.48587946935538158e-10
2.56357155085149367e-07
7.04588980219886268e-10
2.56653120973231645e-07
6.74381847071818756e-10
2.56911158831815902e-07
6.73527818525255934e-10
2.57059759973389219e-07
7.13095207177537029e-10
2.57081657480717295e-07
7.57536314183936153e-10
7.73162631044943743e-10
2.27810818082951342e-07
1.59173424982758822e-09
2.2860493385417314e-07
1.56921415336251016e-09
2.29387622243886297e-07
1.54618288806652527e-09
2.30156528261583014e-07
1.52024612714380979e-09
2.30909713881044985e-07
1.49091327710555597e-09
2.31646644075041867e-07
1.46008788359770807e-09
2.32367479901669454e-07
1.42907558488072518e-09
2.3307194022048554e-07
1.39760356430339716e-09
2.33759399447765876e-07
1.36509320074043902e-09
2.34429585753590409e-07
1.33178442250201659e-09
2.35082650187046834e-07
1.29842290608370397e-09
2.35718783711726265e-07
1.26549483844174413e-09
2.36338144671920533e-07
1.23295889988783608e-09
2.36940926288405587e-07
1.20079561304733267e-09
2.37527447004730798e-07
1.16918877032527562e-09
2.38098121322068669e-07
1.13836892185286701e-09
2.38653398815120532e-07
1.10845117765667582e-09
2.39193740669047106e-07
1.07946562312819662e-09
2.39719641725272649e-07
1.05145001348653233e-09
2.40231629566852138e-07
1.02446286535556363e-09
2.40730245668363842e-07
9.98554804661859972e-10
2.41216035156459534e-07
9.73745870151596026e-10
2.41689540068504916e-07
9.50036465427548182e-10
2.42151297227785028e-07
9.27423318342510577e-10
2.42601836644852064e-07
9.05900939827970829e-10
2.43041678486375354e-07
8.85456456629798498e-10
2.43471329834765686e-07
8.66068487906850979e-10
2.43891282492361817e-07
8.47710460821401043e-10
2.44302011635160175e-07
8.30353623330825572e-10
2.44703974685190233e-07
8.13967727844051809e-10
2.45097610257399975e-07
7.9852086089785467e-10
2.45483337418825903e-07
7.83979896296527093e-10
2.45861555396068141e-07
7.70311509094947473e-10
2.46232643657202389e-07
7.57482991835995132e-10
2.46596962249668827e-07
7.45462666982146132e-10
2.46954852327981423e-07
7.34220166624840994e-10
2.4730663682003656e-07
7.23726831708328644e-10
2.47652621080447433e-07
7.13956269033461285e-10
2.47993093741269431e-07
7.04884328448962634e-10
2.48328328072180889e-07
6.96488412652460607e-10
2.48658583187507312e-07
6.88747451111253086e-10
2.48984105081924932e-07
6.81641815689774493e-10
2.49305127608514722e-07
6.75152666831485691e-10
2.49621873264163212e-07
6.69260970594539893e-10
2.49934553688453094e-07
6.63946293980429177e-10
2.50243369754146138e-07
6.59185363632723601e-10
2.50548511281515717e-07
6.54950492497321247e-10
2.50850156346079858e-07
6.51208159328471763e-10
2.51148470386793762e-07
6.47918117268176648e-10
2.51443605409644332e-07
6.4503330999244035e-10
2.51735699492523684e-07
6.42500600281473421e-10
2.52024876197816665e-07
6.40262063268461496e-10
2.52311243228982781e-07
6.38256837481901135e-10
2.52594890752208685e-07
6.36424390165531325e-10
2.52875890099538645e-07
6.34709658024616192e-10
2.53154292004004314e-07
6.3306877243487641e-10
2.53430122849721833e-07
6.31475289392019647e-10
2.53703373700917972e-07
6.29931746987799936e-10
2.53973975748567177e-07
6.28481351299560094e-10
2.54241758684696228e-07
6.27208785721799678e-10
2.5450639507664819e-07
6.26212632739887902e-10
2.54767349656830233e-07
6.25519044950968055e-10
2.55023875366041891e-07
6.24909770177835741e-10
2.55275094783883397e-07
6.23651345379013647e-10
2.55520207573004141e-07
6.20128075183502796e-10
2.55758857977362193e-07
6.1148280312594749e-10
2.55991586171035792e-07
5.93759070704928093e-10
2.56220178852727984e-07
5.63486219181104221e-10
2.56447622520681634e-07
5.21144816126339752e-10
2.56676631830641167e-07
4.75580607092120955e-10
2.56913352630499905e-07
4.37661694030343699e-10
2.571702331469047e-07
4.16647599248616494e-10
2.57406416641287158e-07
4.76911603060574732e-10
2.57622847090602354e-07
5.41105462314421416e-10
5.44112356824692646e-10
2.27591757598395408e-07
7.97548950709978402e-10
2.28374248430707443e-07
7.86723113619619366e-10
2.29145484301086107e-07
7.749467536034196e-10
2.29903975564483807e-07
7.61754649041860685e-10
2.30647876829790204e-07
7.47011849718606244e-10
2.31376481617558796e-07
7.31482937480901378e-10
2.32089714444418127e-07
7.15842665337391941e-10
2.32787337915486666e-07
6.99979944900197825e-10
2.33468806296955532e-07
6.83624647994705742e-10
2.34133703601244002e-07
6.66886942040410942e-10
2.3478198757994228e-07
6.50138750279329903e-10
2.3541382412465939e-07
6.33658116571232304e-10
2.36029366157686968e-07
6.17416689640293649e-10
2.36628793346350963e-07
6.01368246825700937e-10
2.37212385317369468e-07
5.85596622486393626e-10
2.37780520332019772e-07
5.70233731282822066e-10
2.38333631985484354e-07
5.55339347305620007e-10
2.38872171357671528e-07
5.40926074084408155e-10
2.39396613394265496e-07
5.2700779982595866e-10
2.3990746720921762e-07
5.13608872522051953e-10
2.40405251292981071e-07
5.00770542308905982e-10
2.40890494575904239e-07
4.8850240849955341e-10
2.41363725864014421e-07
4.76804999061081027e-10
2.41825471166858103e-07
4.65677836741915048e-10
2.42276253961726909e-07
4.55117966751360052e-10
2.4271659146331756e-07
4.45118775777255849e-10
2.43146989612869564e-07
4.3567015933135625e-10
2.43567939681927159e-07
4.2676021274655457e-10
2.43979916531109674e-07
4.18376594762392666e-10
2.44383377384415729e-07
4.10506695298038213e-10
2.44778760676320869e-07
4.03137390320963729e-10
2.45166485202306592e-07
3.96255190392163239e-10
2.45546949830262405e-07
3.89846700679971607e-10
2.45920533646893298e-07
3.83898995400310757e-10
2.46287596379369254e-07
3.78399755266141589e-10
2.46648479028976617e-07
3.73337336575534422e-10
2.47003504692142789e-07
3.68700989097797046e-10
2.47352978803983455e-07
3.64481976507997122e-10
2.47697189732223185e-07
3.60673219459452182e-10
2.48036410594908498e-07
3.57267369373995313e-10
2.48370900238334771e-07
3.54257627195345248e-10
2.48700904146637702e-07
3.51637725733722889e-10
2.49026655323174293e-07
3.49401308337498487e-10
2.49348374877480417e-07
3.4754123427581598e-10
2.49666272312202488e-07
3.46048677351713722e-10
2.49980545541363887e-07
3.44911951815777873e-10
2.50291380651132944e-07
3.44115199094925306e-10
2.50598951489933055e-07
3.43637135960987283e-10
2.50903419203133183e-07
3.43450220048458345e-10
2.51204931858718739e-07
3.43520467875611066e-10
2.51503624181437699e-07
3.43808091778927332e-10
2.51799617217758359e-07
3.44268840475933868e-10
2.52093017810431557e-07
3.44856057657234317e-10
2.52383918118941173e-07
3.45523894557973957e-10
2.52672395419076067e-07
3.46232170601417434e-10
2.52958511866605134e-07
3.46952138477071256e-10
2.53242316710874936e-07
3.47670261529997432e-10
2.53523836827754585e-07
3.48411449341942188e-10
2.53803049819176845e-07
3.49268184269475602e-10
2.54079827785275951e-07
3.50430649275590891e-10
2.54353840925434745e-07
3.52199334625365526e-10
2.54624438923180248e-07
3.54920899561743455e-10
2.54890564136278081e-07
3.58784446135187389e-10
2.55150769082086111e-07
3.63446306312245685e-10
2.55403533776801133e-07
3.6736336690401339e-10
2.55648544092568527e-07
3.66472546525289039e-10
2.55890001303468877e-07
3.5230206729503485e-10
2.56141110605261917e-07
3.12377353340896719e-10
2.56422829630338369e-07
2.39426656599168279e-10
2.56738900808106372e-07
1.5951091671921166e-10
2.57074747124114546e-07
1.01816122874179827e-10
2.57457190979296138e-07
3.42041341080706339e-11
2.57662999287780362e-07
2.71103441729950484e-10
2.5773590332780026e-07
4.68201588961343061e-10
5.91243128978831578e-10
2.27370083456253834e-07
6.08155443062680464e-14
2.28156770138987448e-07
3.62425666919801629e-14
2.28931569167766257e-07
1.47826233131809345e-13
2.29693224008031152e-07
9.95596731168622422e-14
2.30439908606504126e-07
3.26672742579266529e-13
2.31171213246512638e-07
1.7814435195398511e-13
2.31887070531224501e-07
-1.45321206055798268e-14
2.32587004736231513e-07
4.55598061307521999e-14
2.33270564003617947e-07
6.51968424125283258e-14
2.33937349403848112e-07
1.01363596394580973e-13
2.34587284374265272e-07
2.03600898485687158e-13
2.35220741126407702e-07
2.01184995863273761e-13
2.35837927755488985e-07
2.29880868630598642e-13
2.36438937206889836e-07
3.58617885191348082e-13
2.37023981912542372e-07
5.51738790073762213e-13
2.37593448439956337e-07
7.67026139437331722e-13
2.38147793398048059e-07
9.94211996345397717e-13
2.38687481938914578e-07
1.23735502860984249e-12
2.3921299169065704e-07
1.49787019156230223e-12
2.39724823960569459e-07
1.77642395906663488e-12
2.40223519288535761e-07
2.07503507441858775e-12
2.40709623796323518e-07
2.39772302102732752e-12
2.41183680046791743e-07
2.74857043979535645e-12
2.41646226659647837e-07
3.13104527223618861e-12
2.42097795860420223e-07
3.54858761943990899e-12
2.42538909650157039e-07
4.00480818058665097e-12
2.42970076141297506e-07
4.50348857451777856e-12
2.43391787503501088e-07
5.04867111828330714e-12
2.43804519157742715e-07
5.6447607566284732e-12
2.44208729107603184e-07
6.29656608467578553e-12
2.44604857033650074e-07
7.00928445560648635e-12
2.4499332355084454e-07
7.78849241183784984e-12
2.4537452993443118e-07
8.64013780005259617e-12
2.45748858233774556e-07
9.57051618714500554e-12
2.46116671595172601e-07
1.05862135780940626e-11
2.46478314871955085e-07
1.16938794356709416e-11
2.46834116069557759e-07
1.28996098117042031e-11
2.47184385051546659e-07
1.42128123122635843e-11
2.47529413716702775e-07
1.56443725955069563e-11
2.47869479441883614e-07
1.72014631344092795e-11
2.48204844616431147e-07
1.88922695256919006e-11
2.4853575793424403e-07
2.07242244390134498e-11
2.48862455170716292e-07
2.27038879372401446e-11
2.49185159443376099e-07
2.48367753971773896e-11
2.49504081272106513e-07
2.71266620337432884e-11
2.49819418478762136e-07
2.95745590928236002e-11
2.50131355975600606e-07
3.21775134047614308e-11
2.50440065572177991e-07
3.49273509640408157e-11
2.50745705968475796e-07
3.78096314663811508e-11
2.51048423001331336e-07
4.08032422505601303e-11
2.51348350031427286e-07
4.38808654286119415e-11
2.51645608430079877e-07
4.70102440703568161e-11
2.5194030824401481e-07
5.01560441948499368e-11
2.52232549234694577e-07
5.32827017848145131e-11
2.52522421580927841e-07
5.63596198527875583e-11
2.52810004082629348e-07
5.93694301629865481e-11
2.53095384481190147e-07
6.22896553419293881e-11
2.53378653449602488e-07
6.51422711658197338e-11
2.53659893519352103e-07
6.80279037642554916e-11
2.5393913291761714e-07
7.11910409141155448e-11
2.54216226309249113e-07
7.51057342963875821e-11
2.5449067454773741e-07
8.04724644807916823e-11
2.5476144073266981e-07
8.80180719109665912e-11
2.55026740998040665e-07
9.8145892848008166e-11
2.55283623015675993e-07
1.10481230177414682e-10
2.55527233408666643e-07
1.22862105317367898e-10
2.55751089548061105e-07
1.28445966878726596e-10
2.55953604046768828e-07
1.09863120360518231e-10
2.56154913507024666e-07
3.81182067405197092e-11
2.56282783093220158e-07
3.16448255524766002e-11
2.56089939714687705e-07
2.94660424109784425e-10
2.55820822140798939e-07
3.03322243167924309e-10
2.56119252314791463e-07
-2.73269857448089417e-11
2.56774374297591606e-07
-1.86921651497406827e-10
-2.70473617728933125e-10
2.27375470049028802e-07
-7.97220637051264816e-10
2.28161892395685625e-07
-7.86386257971976164e-10
2.28936597835565843e-07
-7.74558054908892861e-10
2.29698021651465103e-07
-7.61324358045035134e-10
2.30444933844581202e-07
-7.46585298731515382e-10
2.31176146733077639e-07
-7.3103493591078052e-10
2.31891354034752182e-07
-7.15222275577696879e-10
2.32590600347830082e-07
-6.99200944524219873e-10
2.33273359039763385e-07
-6.8269366957727799e-10
2.3393928203504692e-07
-6.65821807115830667e-10
2.34588428990692197e-07
-6.48943528740319467e-10
2.35220868107719202e-07
-6.32238106340793512e-10
2.35836819962040356e-07
-6.15722149014536084e-10
2.36436612035268874e-07
-5.99433631021326526e-10
2.37020577255534557e-07
-5.83413658295457266e-10
2.37589102773665121e-07
-5.67758670034168434e-10
2.38142627558357356e-07
-5.52530750232584354e-10
2.38681607133115168e-07
-5.3774239694747481e-10
2.39206510136807708e-07
-5.23405311574443221e-10
2.39717829240393342e-07
-5.09542857458468235e-10
2.40216082009266744e-07
-4.96177912328503842e-10
2.40701810146689886e-07
-4.83330593589721357e-10
2.41175549550540069e-07
-4.70991012383601891e-10
2.41637833947366765e-07
-4.59153530309480186e-10
2.4208919233022977e-07
-4.47809974653987889e-10
2.42530143821591232e-07
-4.36946862258604718e-10
2.42961193439119442e-07
-4.26546307846520778e-10
2.43382830066992149e-07
-4.1658813706829018e-10
2.43795525842354168e-07
-4.07051194343728193e-10
2.4419973559118169e-07
-3.97913363999128335e-10
2.44595895962277912e-07
-3.89151266948713028e-10
2.44984424695322115e-07
-3.80740419400839871e-10
2.45365720335369796e-07
-3.72655683550939826e-10
2.45740162314303626e-07
-3.64871643796556681e-10
2.46108111118386726e-07
-3.57362771317890548e-10
2.46469908331151547e-07
-3.50103515429440694e-10
2.46825876099521358e-07
-3.43068341168798123e-10
2.47176319959238034e-07
-3.36231229703502988e-10
2.47521531191459811e-07
-3.29567043047310244e-10
2.478617855014648e-07
-3.23053030667833667e-10
2.48197344765819811e-07
-3.16667179237951593e-10
2.48528457148880364e-07
-3.10388344047699035e-10
2.48855357488354581e-07
-3.04196638535857713e-10
2.49178267760170697e-07
-2.9807368432251107e-10
2.49497397255615047e-07
-2.92003022454137381e-10
2.49812942468905386e-07
-2.85970846204249071e-10
2.50125086888531572e-07
-2.79967099894519295e-10
2.50434000909002253e-07
-2.73986865112143042e-10
2.50739841999311564e-07
-2.6803165829497707e-10
2.51042755087741223e-07
-2.62110048274620256e-10
2.51342872956687095e-07
-2.56237208823769762e-10
2.51640316702443818e-07
-2.50433711657090214e-10
2.51935196774473572e-07
-2.44724242010063649e-10
2.52227615374561047e-07
-2.39136115734808501e-10
2.52517671460904994e-07
-2.33696689147395494e-10
2.52805477073496152e-07
-2.28436411133156347e-10
2.53091166637756986e-07
-2.23400142312733405e-10
2.53374960205441056e-07
-2.18651535752954649e-10
2.53657302788595578e-07
-2.14314925317487274e-10
2.53939160134953928e-07
-2.1066655970641937e-10
2.54222513812105828e-07
-2.08248204321252757e-10
2.54510852313152939e-07
-2.07866311889790196e-10
2.54809207038168441e-07
-2.10336942799510154e-10
2.55123464073092634e-07
-2.16111470658336118e-10
2.55458885097701456e-07
-2.24940155809836438e-10
2.55816999660274137e-07
-2.3525286992345545e-10
2.5618784304667414e-07
-2.42397904372074153e-10
2.5653258389496107e-07
-2.34878448922320397e-10
2.56760588823567693e-07
-1.89888303086135441e-10
2.56867074741019862e-07
-7.48450587970810051e-11
2.57100030741141966e-07
6.17036696712276981e-11
2.57244349696710744e-07
1.59003004882748818e-10
2.5734935348909757e-07
-1.32330118320532901e-10
2.5746467176402174e-07
-3.0223910001263064e-10
-3.59520507124391916e-10
2.27594313624466322e-07
-1.59147153297684567e-09
2.28376777506460923e-07
-1.56885028627068357e-09
2.29148071016751189e-07
-1.54585165659111523e-09
2.29906525552469821e-07
-1.51977902663569217e-09
2.30650461555664911e-07
-1.49052148536259259e-09
2.31379043915936239e-07
-1.45961749565216499e-09
2.32092247079139037e-07
-1.42842570020180836e-09
2.3278983677863445e-07
-1.39679083845789826e-09
2.33471235122340666e-07
-1.36409219454303642e-09
2.34136005032457262e-07
-1.33059189517799491e-09
2.34784123988448502e-07
-1.29706266325823975e-09
2.35415753740941196e-07
-1.26386803632401872e-09
2.36031074636199361e-07
-1.23104322197847126e-09
2.3663024308528971e-07
-1.19860225881343517e-09
2.37213550041953335e-07
-1.16672079175467764e-09
2.37781396254741675e-07
-1.13560505943147307e-09
2.38334224808460351e-07
-1.10535948234588707e-09
2.38872491524357391e-07
-1.07600929105636241e-09
2.39396672661855859e-07
-1.04758662691866017e-09
2.39907274476696637e-07
-1.02014485129673553e-09
2.40404823910670619e-07
-9.93727525303532144e-10
2.40889846239500265e-07
-9.68353100784157529e-10
2.41362872584289601e-07
-9.44017536406391806e-10
2.41824430348846397e-07
-9.20711474373498236e-10
2.42275043209091818e-07
-8.98423015248132031e-10
2.42715228491409599e-07
-8.77132324917904151e-10
2.43145492325333453e-07
-8.56810321174746231e-10
2.43566326118216805e-07
-8.37422109558978709e-10
2.43978204803216504e-07
-8.18930060148364813e-10
2.44381585685750093e-07
-8.01294425893017153e-10
2.44776907314292848e-07
-7.84473076821342551e-10
2.45164588636473659e-07
-7.68421922722581949e-10
2.45545028667451416e-07
-7.53095895435508451e-10
2.45918606595765964e-07
-7.38449754599265645e-10
2.46285682104746183e-07
-7.24438462831739191e-10
2.46646595825888555e-07
-7.11017418622760385e-10
2.47001670007683222e-07
-6.98142706234361597e-10
2.47351209975086269e-07
-6.85771380861760842e-10
2.47695504922669731e-07
-6.73862175405249801e-10
2.4803482790260685e-07
-6.62376195868198688e-10
2.48369437055955436e-07
-6.51276518711229192e-10
2.48699576477464684e-07
-6.40527954061259864e-10
2.49025476798005464e-07
-6.30097147486962379e-10
2.49347355554112099e-07
-6.19952631613444266e-10
2.49665417166849751e-07
-6.1006482739978439e-10
2.49979852539679325e-07
-6.00406414644310116e-10
2.50290838647553481e-07
-5.90953405648966288e-10
2.50598538495966032e-07
-5.81686914601489086e-10
2.5090310160253554e-07
-5.72594970710185838e-10
2.51204664889714465e-07
-5.63673545282368185e-10
2.51503353624452047e-07
-5.54926158312856699e-10
2.51799282203668444e-07
-5.4636251056756437e-10
2.52092555349842957e-07
-5.37997614399010611e-10
2.5238327019759986e-07
-5.29851197965936875e-10
2.52671520144432412e-07
-5.21946876390567929e-10
2.52957398379411568e-07
-5.14314894707678036e-10
2.53240998783534411e-07
-5.07000804404637762e-10
2.53522425444007119e-07
-5.00078463746524291e-10
2.53801788199002381e-07
-4.9367795730889165e-10
2.54079150405158831e-07
-4.88029053496649847e-10
2.543543890152614e-07
-4.83487110191805401e-10
2.54626987043381613e-07
-4.80464638909975411e-10
2.54895850249832705e-07
-4.79200446812954679e-10
2.55159113813030638e-07
-4.79375321698306529e-10
2.55413692812475149e-07
-4.79519443447584674e-10
2.55654251974532216e-07
-4.75812337722303709e-10
2.5587134898961405e-07
-4.59495301552248174e-10
2.56049892781296148e-07
-4.13422790495492225e-10
2.56180063795564603e-07
-3.20060165163335022e-10
2.56360642791937001e-07
-2.55425568030833355e-10
2.56803503133653618e-07
-3.81158293266281713e-10
2.57374875368709667e-07
-4.12371100128096707e-10
2.57631958814719454e-07
-3.89415084648505894e-10
2.57695290062817021e-07
-3.65570531368654793e-10
-3.38692098028233695e-10
2.27811002231885574e-07
-2.39556207188675458e-09
2.28605185950176848e-07
-2.36303424267993545e-09
2.29387879382295113e-07
-2.32854547366007245e-09
2.30156864557319804e-07
-2.28876436834358994e-09
2.30910024033232096e-07
-2.24368092881247848e-09
2.31646922906260712e-07
-2.19651649214393599e-09
2.32367771050920811e-07
-2.14927403592862919e-09
2.3307224955636982e-07
-2.10126953077479309e-09
2.33759741119967086e-07
-2.05158393996174107e-09
2.34429967207908474e-07
-2.0008181638932031e-09
2.35083046160253918e-07
-1.95014179455516696e-09
2.35719224141309726e-07
-1.90004619689430065e-09
2.3633865365867812e-07
-1.85047291748556253e-09
2.3694151252691705e-07
-1.80146130553147391e-09
2.3752810639474411e-07
-1.75331483831279419e-09
2.38098846675886119e-07
-1.7063455201191106e-09
2.38654183754958206e-07
-1.66069674036151517e-09
2.39194581008052379e-07
-1.61640672379503731e-09
2.3972053578177839e-07
-1.57354157923055963e-09
2.40232577686997406e-07
-1.53218693533937768e-09
2.40731251732981864e-07
-1.49240175112990377e-09
2.41217104242921177e-07
-1.45420579132384089e-09
2.41690678287851825e-07
-1.41759176084467119e-09
2.42152511931063153e-07
-1.38254529679715967e-09
2.42603136297952795e-07
-1.34904756196254173e-09
2.43043072653225626e-07
-1.31706885989742378e-09
2.4347282933904213e-07
-1.2865671874192874e-09
2.43892899575349382e-07
-1.25749252589959402e-09
2.44303760037580805e-07
-1.22979070295981081e-09
2.44705869710702487e-07
-1.2034042802038496e-09
2.45099668840139798e-07
-1.17827238700310686e-09
2.45485578184699673e-07
-1.15433144818507633e-09
2.45863998702688531e-07
-1.13151659557883273e-09
2.46235311585200714e-07
-1.10976281994398917e-09
2.46599878531617285e-07
-1.08900559174354344e-09
2.46958042215005735e-07
-1.06918128569409372e-09
2.47310126980863348e-07
-1.05022765573224923e-09
2.47656439809557756e-07
-1.03208439408514512e-09
2.4799727116317163e-07
-1.01469371472864448e-09
2.48332895555167543e-07
-9.98000775421326002e-10
2.48663572446156915e-07
-9.81953597661181576e-10
2.4898954716063631e-07
-9.66502857537768946e-10
2.49311051511825165e-07
-9.51601690626647819e-10
2.4962830401909671e-07
-9.37205332185202515e-10
2.49941509609277623e-07
-9.232706145799488e-10
2.50250858864724444e-07
-9.0975586967984582e-10
2.50556527308889136e-07
-8.96622053074117675e-10
2.50858675445344905e-07
-8.83835258558291296e-10
2.51157449595728586e-07
-8.71369333203897754e-10
2.51452983379072615e-07
-8.59207546189370946e-10
2.51745398946777955e-07
-8.47341950615338824e-10
2.52034807668131418e-07
-8.35771464034515731e-10
2.52321311428739983e-07
-8.24501614826185731e-10
2.52605004307033633e-07
-8.13544324885361658e-10
2.52885973348974544e-07
-8.02916178068345083e-10
2.53164298046710636e-07
-7.92639862918641301e-10
2.53440047310872298e-07
-7.82750350761496908e-10
2.53713271618246033e-07
-7.73303068441591347e-10
2.53983976492069469e-07
-7.64383143603927318e-10
2.54252059019920198e-07
-7.56111908348600616e-10
2.54517196353154213e-07
-7.4862478509071024e-10
2.54778710550366475e-07
-7.41979187998382115e-10
2.55035471377664643e-07
-7.35961631836066473e-10
2.55285880746613104e-07
-7.29785062999409568e-10
2.55527999488647543e-07
-7.21638576891915671e-10
2.5576019416937882e-07
-7.08007449762571073e-10
2.55983821170040577e-07
-6.83122818429742843e-10
2.56211539981112559e-07
-6.41142268630947534e-10
2.56478878295071376e-07
-5.87399347656326586e-10
2.56781765786821872e-07
-5.58314172757641258e-10
2.56993440735055574e-07
-5.92834074918523604e-10
2.57194432675435162e-07
-6.13363391175537434e-10
2.57401822625310116e-07
-5.96805393442343726e-10
2.57600736240071319e-07
-5.64484570408345348e-10
-5.24768691438829695e-10
2.28395661150658538e-07
-3.19525495986104221e-09
2.29184937454801139e-07
-3.15231078036233117e-09
2.29965001807418446e-07
-3.10861008370348202e-09
2.30731679625089223e-07
-3.05544236594154457e-09
2.3148199481295873e-07
-2.99399622565214489e-09
2.32215905750962489e-07
-2.93042757154399291e-09
2.32933844889103356e-07
-2.86721334641814696e-09
2.33635182628813952e-07
-2.80260745035066266e-09
2.34318960889580215e-07
-2.73536238070740673e-09
2.34984914121635932e-07
-2.66677157527294434e-09
2.35633257902859918e-07
-2.5984857560099135e-09
2.36264213915927122e-07
-2.53100238948129711e-09
2.36877908531061596e-07
-2.4641677122523695e-09
2.37474533946512309e-07
-2.39808689978340046e-09
2.3805442624103321e-07
-2.33320731191817752e-09
2.38618009395541919e-07
-2.26992885435352754e-09
2.39165727744578173e-07
-2.20841526813681613e-09
2.39698047132905523e-07
-2.14872629120793361e-09
2.40215461328254928e-07
-2.09095595444314972e-09
2.40718495341877103e-07
-2.035221128168667e-09
2.412076923475964e-07
-1.98159893697598494e-09
2.41683598680445131e-07
-1.93011230371918682e-09
2.42146761557654343e-07
-1.88075481836205884e-09
2.42597727183652124e-07
-1.83351110328817047e-09
2.43037036015277648e-07
-1.78835657290851927e-09
2.43465217658947015e-07
-1.74525068478140077e-09
2.43882787398163595e-07
-1.70413710703318833e-09
2.44290244170440986e-07
-1.66494947945366446e-09
2.44688069135103223e-07
-1.627615849238453e-09
2.45076724420751066e-07
-1.59205974669289831e-09
2.45456652173656902e-07
-1.55820032144304784e-09
2.45828274055981e-07
-1.52595351217603985e-09
2.46191991159596233e-07
-1.49523388195197226e-09
2.46548184216866134e-07
-1.46595606019686071e-09
2.46897214014763122e-07
-1.43803557406436584e-09
2.47239422004255179e-07
-1.41138945922577166e-09
2.47575131114171323e-07
-1.38593695147439292e-09
2.47904646721701302e-07
-1.36160018750724692e-09
2.48228257601784851e-07
-1.33830478225109678e-09
2.48546236813362531e-07
-1.31598017524060212e-09
2.4885884269679482e-07
-1.29455967104846725e-09
2.49166319866481553e-07
-1.2739802187614504e-09
2.49468899950277952e-07
-1.25418196879567362e-09
2.49766801808231038e-07
-1.23510738686438726e-09
2.50060230922575995e-07
-1.21669992886591247e-09
2.50349377936991531e-07
-1.19890308643747225e-09
2.50634417212669641e-07
-1.18166153704430962e-09
2.50915506751773057e-07
-1.16492501075417317e-09
2.51192789371434132e-07
-1.14865217387635416e-09
2.51466395403780672e-07
-1.13281380540112824e-09
2.51736444788714908e-07
-1.11739157125465201e-09
2.52003047800479032e-07
-1.10237472179536029e-09
2.52266307194649673e-07
-1.08776126791677359e-09
2.52526319626427332e-07
-1.07355703021417771e-09
2.52783173370038453e-07
-1.05977021308440953e-09
2.53036944358959037e-07
-1.0464111636733386e-09
2.5328768969157545e-07
-1.03349601780568035e-09
2.53535434163103486e-07
-1.02104790066456317e-09
2.53780142926406895e-07
-1.00909230189193886e-09
2.5402167650782546e-07
-9.97645916863843127e-10
2.54259729868509122e-07
-9.86678609434789101e-10
2.54493781864464517e-07
-9.76031682705131681e-10
2.54723108030243515e-07
-9.65288351116870197e-10
2.54946935414744801e-07
-9.53613073900633256e-10
2.55164914919904146e-07
-9.39618817095158642e-10
2.55378371206782363e-07
-9.21464477071315903e-10
2.55593073758241241e-07
-8.9782631494790904e-10
2.55822382220122458e-07
-8.70451857656283349e-10
2.5608151411744227e-07
-8.46532528953252226e-10
2.56359658371845324e-07
-8.36460002824861212e-10
2.56606639811191281e-07
-8.39817255153997636e-10
2.56815833138747085e-07
-8.22558578791483421e-10
2.5698522164944875e-07
-7.66195510349550145e-10
2.57104800816206812e-07
-6.84064901317004219e-10
-5.84327975516460724e-10
2.29004928040235212e-07
-3.99921983370836736e-09
2.2980152457622487e-07
-3.94890753978374435e-09
2.30587372793669923e-07
-3.89445852028643056e-09
2.31355841272629018e-07
-3.82391103240020943e-09
2.32104150513154701e-07
-3.74230562395856299e-09
2.32833400671970851e-07
-3.65967789196319762e-09
2.33544268029565694e-07
-3.57808087782543265e-09
2.34235837938990151e-07
-3.49417753810547994e-09
2.34907248657893958e-07
-3.40677328100624076e-09
2.35558441758595384e-07
-3.31796485659577347e-09
2.36189740784189014e-07
-3.22978496264159648e-09
2.36801373763511615e-07
-3.14263554902937515e-09
2.37393516552522694e-07
-3.05631067990302206e-09
2.37966479991464392e-07
-2.971050519482344e-09
2.38520722493434828e-07
-2.88744999311546592e-09
2.39056774571979719e-07
-2.80598111308326615e-09
2.39575170560831083e-07
-2.72681143654859367e-09
2.40076464283638618e-07
-2.65002019337199529e-09
2.40561241286579866e-07
-2.57573313758136285e-09
2.41030108250966177e-07
-2.50408827195887674e-09
2.41483677069999822e-07
-2.43516793540795222e-09
2.41922556714112665e-07
-2.36899212823163703e-09
2.42347352600706104e-07
-2.30555088443330299e-09
2.42758665297859042e-07
-2.24482397995482235e-09
2.43157086057892722e-07
-2.18677751324714386e-09
2.4354319205832352e-07
-2.13135686464815579e-09
2.43917543446474571e-07
-2.07848867662671304e-09
2.44280681713420114e-07
-2.02808792726991505e-09
2.44633128328394467e-07
-1.98006264645705505e-09
2.44975383473425397e-07
-1.93431507267356247e-09
2.45307925173938647e-07
-1.89074220453522192e-09
2.45631208983970856e-07
-1.84923750400240702e-09
2.45945668061864544e-07
-1.8096931430312347e-09
2.46251713519546285e-07
-1.77200170059604898e-09
2.46549734940935796e-07
-1.73605717929457267e-09
2.46840101135102921e-07
-1.7017558380091539e-09
2.47123161077276811e-07
-1.66899707915773673e-09
2.47399244967170663e-07
-1.63768426417479382e-09
2.47668665351916006e-07
-1.60772535450843146e-09
2.47931718267326254e-07
-1.579033280718176e-09
2.48188684458485109e-07
-1.55152605400333444e-09
2.48439830617078469e-07
-1.52512657258591581e-09
2.48685410422217878e-07
-1.49976197103048391e-09
2.48925664982262909e-07
-1.47536215008774879e-09
2.49160822000625434e-07
-1.45185715515687298e-09
2.4939109342573785e-07
-1.42917472749152053e-09
2.49616673324342133e-07
-1.40724165975089367e-09
2.49837737953559744e-07
-1.385989877268096e-09
2.50054446341000615e-07
-1.36536081405032339e-09
2.50266943664580944e-07
-1.34531140439837762e-09
2.50475363720014869e-07
-1.32581192872739515e-09
2.50679829147913321e-07
-1.30684049143538658e-09
2.50880454791879972e-07
-1.2883873033119347e-09
2.51077349108305353e-07
-1.27045181004105431e-09
2.51270610168229361e-07
-1.25303182188501724e-09
2.51460322511937561e-07
-1.23612416765782365e-09
2.51646552770457138e-07
-1.21972699173561075e-09
2.51829335779326714e-07
-1.20383177738462472e-09
2.52008653055302651e-07
-1.18841066986369193e-09
2.52184408482546704e-07
-1.17340248641254025e-09
2.52356402553796695e-07
-1.1586741100388231e-09
2.52524333214745281e-07
-1.14396418129451456e-09
2.52687860656769959e-07
-1.12881819410993832e-09
2.52846779278430801e-07
-1.1125349770802631e-09
2.53001314695385467e-07
-1.09415730403220671e-09
2.53152420312496399e-07
-1.07257263208398155e-09
2.53301547024701835e-07
-1.04695639625022439e-09
2.53448969531741452e-07
-1.01787882238867026e-09
2.53592284989299499e-07
-9.89851986204836436e-10
2.53727232332698078e-07
-9.71412636166612431e-10
2.53854673893527774e-07
-9.67265527482122033e-10
2.53997985896673228e-07
-9.65877603089657353e-10
2.54171076083670859e-07
-9.39293684995466994e-10
2.54341881493100158e-07
-8.54878934105035204e-10
-7.26970677787116243e-10
2.29815630098781438e-07
-4.7469180067200531e-09
2.30552829145620688e-07
-4.68610680192533223e-09
2.31277320567966941e-07
-4.61895015137645884e-09
2.31979064100702221e-07
-4.52565475644271069e-09
2.32655217099329894e-07
-4.41845880048520356e-09
2.33307583900732384e-07
-4.31204486872243848e-09
2.33936659263474647e-07
-4.20715641840589387e-09
2.34541401289184467e-07
-4.09891974454201672e-09
2.35121422145964768e-07
-3.98679431888449468e-09
2.35677291695041987e-07
-3.8738345874688927e-09
2.36209659510540906e-07
-3.76215295909636374e-09
2.36718932536682069e-07
-3.65190875731905088e-09
2.37205517345352731e-07
-3.5428956701972534e-09
2.37670008661525174e-07
-3.43554201654995148e-09
2.3811313585840669e-07
-3.3305773701623689e-09
2.38535636466224049e-07
-3.22848190074588177e-09
2.38938251523371973e-07
-3.12942667416088254e-09
2.39321743064088284e-07
-3.03351191432981512e-09
2.39686897380821372e-07
-2.94088763347033468e-09
2.4003450792280063e-07
-2.85169899470831973e-09
2.40365358191568912e-07
-2.76601838466298436e-09
2.40680215638881371e-07
-2.68384975550304765e-09
2.40979830929039127e-07
-2.60516635552635778e-09
2.41264935516609192e-07
-2.52992874884897713e-09
2.41536237309383217e-07
-2.45807948648150647e-09
2.41794417371668824e-07
-2.38953710662318875e-09
2.42040128629855397e-07
-2.32420011641901272e-09
2.42273995477282629e-07
-2.26195495584645297e-09
2.42496613380252628e-07
-2.20268073079419661e-09
2.42708548573876529e-07
-2.14625044924996085e-09
2.42910338207105648e-07
-2.09253201977208229e-09
2.43102490982272907e-07
-2.04139046204613309e-09
2.43285488057867115e-07
-1.9926904018888237e-09
2.4345978405918621e-07
-1.9462978858973526e-09
2.4362580822511844e-07
-1.90208153008104561e-09
2.43783965710415069e-07
-1.85991350978132112e-09
2.43934639006412073e-07
-1.81967056238320991e-09
2.44078189389864855e-07
-1.78123483883821274e-09
2.44214958409171679e-07
-1.74449456737422591e-09
2.44345269394199212e-07
-1.70934446504598085e-09
2.44469429067542154e-07
-1.67568593356280927e-09
2.44587729273280638e-07
-1.64342699706679858e-09
2.44700448789963889e-07
-1.61248172214150672e-09
2.44807854703684192e-07
-1.58276832591036602e-09
2.44910201464548948e-07
-1.55420421648493885e-09
2.45007725893646654e-07
-1.52669950900804853e-09
2.45100644105451471e-07
-1.50016029732452547e-09
2.45189152247172243e-07
-1.47449855030140846e-09
2.45273426402954549e-07
-1.44963564580361228e-09
2.45353629173615277e-07
-1.42551505583923269e-09
2.45429911362508227e-07
-1.40209530043138286e-09
2.45502414369828127e-07
-1.37934518112743997e-09
2.45571274985863458e-07
-1.35725042052952448e-09
2.45636624981367241e-07
-1.3358053914026209e-09
2.45698585528159439e-07
-1.31499696048706526e-09
2.45757261452783383e-07
-1.29480331738599327e-09
2.45812736622907157e-07
-1.27520603396680303e-09
2.45865066356042901e-07
-1.25616710673936462e-09
2.45914273047792192e-07
-1.23762556085397927e-09
2.45960341246631198e-07
-1.21947894793466576e-09
2.46003211744439265e-07
-1.20155555176519574e-09
2.46042811908684271e-07
-1.18357876056500656e-09
2.46079136377383333e-07
-1.16515635302396223e-09
2.46112395723272041e-07
-1.14581169162453214e-09
2.46143341401367676e-07
-1.12512697593244088e-09
2.46173832370256224e-07
-1.10308364193793069e-09
2.46208052357322603e-07
-1.08120288540821103e-09
2.4625284417585364e-07
-1.0627091762156971e-09
2.46313712788321446e-07
-1.05075209196012473e-09
2.46387862133937189e-07
-1.04560047355713866e-09
2.46461910541718695e-07
-1.04135711642589423e-09
2.46517039020683187e-07
-1.02105376362824464e-09
2.46535989892454604e-07
-9.58306259707643207e-10
2.46515520286565448e-07
-8.34469590566498931e-10
-6.5701925368534558e-10
2.29196260201524279e-07
-5.28995824137566321e-09
2.2972148134856726e-07
-5.21132816087831496e-09
2.30217383260900113e-07
-5.11485226874941495e-09
2.30676443346855293e-07
-4.98471503643048235e-09
2.31100687512873369e-07
-4.84270315323772348e-09
2.31493246316109453e-07
-4.7046038558956058e-09
2.31854476979891454e-07
-4.56838726509870074e-09
2.32184193455032447e-07
-4.42863640194660849e-09
2.32483430917899617e-07
-4.2860319651492452e-09
2.32753887914446905e-07
-4.14429176610232557e-09
2.32997040939308814e-07
-4.00530616680600067e-09
2.33214132095038647e-07
-3.86900009417597248e-09
2.33406430158334906e-07
-3.73519391433809707e-09
2.33575293723357378e-07
-3.60440576219597975e-09
2.33722066325405635e-07
-3.47735015352964444e-09
2.33848006992571246e-07
-3.35442274892073168e-09
2.33954314474118201e-07
-3.23573433621427046e-09
2.3404215861116396e-07
-3.12135623137678963e-09
2.34112675820862341e-07
-3.01140502378007332e-09
2.3416695132145111e-07
-2.90597467560576079e-09
2.34206013149811402e-07
-2.80508039406086814e-09
2.34230836006702058e-07
-2.70867279153578668e-09
2.34242344942691281e-07
-2.61667547241724218e-09
2.34241414875352467e-07
-2.52899886270685192e-09
2.34228869264759418e-07
-2.44553405695954982e-09
2.34205480957488048e-07
-2.36614897986579754e-09
2.34171974695086962e-07
-2.2906940360600071e-09
2.34129029634654488e-07
-2.21901007667536726e-09
2.34077281344451479e-07
-2.15093262411344327e-09
2.34017323809709397e-07
-2.0862930959154421e-09
2.33949711753854437e-07
-2.02492014796490834e-09
2.33874963177591991e-07
-1.96664207032951325e-09
2.3379356182611272e-07
-1.91128923860519094e-09
2.33705959477393167e-07
-1.85869572734851639e-09
2.33612578173546986e-07
-1.80870042203518172e-09
2.33513812480512939e-07
-1.7611480217460473e-09
2.33410031634432922e-07
-1.71588993423108369e-09
2.3330158159544457e-07
-1.67278503733849923e-09
2.33188786996684904e-07
-1.63170024053707213e-09
2.3307195306592415e-07
-1.59251085980252781e-09
2.32951367522624689e-07
-1.55510080813496376e-09
2.32827302629300171e-07
-1.51936268995383753e-09
2.32700017725145563e-07
-1.4851977715793593e-09
2.32569762750570302e-07
-1.45251491282070092e-09
2.32436781263851403e-07
-1.42122457651322704e-09
2.32301299166953115e-07
-1.39121949272475101e-09
2.32163525026719136e-07
-1.3623892570393505e-09
2.32023647071171629e-07
-1.334625116013513e-09
2.31881822600695041e-07
-1.30781757075743468e-09
2.31738197324885952e-07
-1.28189865213704518e-09
2.3159289737070725e-07
-1.25680751155959031e-09
2.31446040242578225e-07
-1.23250469592564422e-09
2.31297737791594201e-07
-1.20897097615062655e-09
2.3114811092290431e-07
-1.18620425823336933e-09
2.30997256651187352e-07
-1.16417682992852782e-09
2.3084527291928955e-07
-1.14286641389985233e-09
2.30692263248011313e-07
-1.12224106453585751e-09
2.30538276997010551e-07
-1.10224382666325103e-09
2.30383373550387804e-07
-1.0828007184748743e-09
2.30227625650115183e-07
-1.06380196804899886e-09
2.30071052093492452e-07
-1.04506738707004991e-09
2.2991370180916449e-07
-1.02635046369782476e-09
2.29755779530892725e-07
-1.00734668389548357e-09
2.29597553509430796e-07
-9.87708463111807204e-10
2.29439382247366102e-07
-9.67135913647788758e-10
2.29281124552130274e-07
-9.44986015546959731e-10
2.2912064992877859e-07
-9.20917714831507255e-10
2.2895299292424807e-07
-8.95299766570505881e-10
2.28772736524030355e-07
-8.70690565581095986e-10
2.28580488708612037e-07
-8.53571819054460927e-10
2.28396728538239486e-07
-8.57902796233920257e-10
2.28278436745404552e-07
-9.03023690983789837e-10
2.28277781368114617e-07
-9.58039518418987842e-10
2.28314173278379239e-07
-8.71219586786600654e-10
-6.32691714875952483e-10
2.22925615514199583e-07
-5.14772292264799856e-09
2.22746526867172536e-07
-5.03223972405516856e-09
2.22525329612353567e-07
-4.89365521835797498e-09
2.22265544447415297e-07
-4.72493006902848365e-09
2.21974015146492523e-07
-4.55117404422410194e-09
2.21654030419024245e-07
-4.38461931577780295e-09
2.21307269383593992e-07
-4.22162641517392577e-09
2.20936387519972048e-07
-4.05775472333129777e-09
2.20544621078463913e-07
-3.89426570768420712e-09
2.20134618333422446e-07
-3.73428920531730236e-09
2.19708431962547647e-07
-3.57911998006465187e-09
2.19267971056303368e-07
-3.42853937080381123e-09
2.18815199814214919e-07
-3.28242285395904813e-09
2.18351992715458892e-07
-3.14119884535387117e-09
2.17879991550830009e-07
-3.00534917007902676e-09
2.17400622964606687e-07
-2.87505434379069889e-09
2.16915179705964846e-07
-2.75029125874516107e-09
2.16424854611952168e-07
-2.63103131669820214e-09
2.15930726003424172e-07
-2.51727659576013436e-09
2.15433746865779693e-07
-2.40899571864367465e-09
2.14934758804949658e-07
-2.30609251387301727e-09
2.14434510450206849e-07
-2.20842461730265296e-09
2.13933669407164032e-07
-2.11583460957437358e-09
2.13432827425272939e-07
-2.02815706261879249e-09
2.12932505592862364e-07
-1.94521240510585183e-09
2.12433161959101212e-07
-1.8668055273354633e-09
2.11935199522157304e-07
-1.79273178219445861e-09
2.11438972728022008e-07
-1.7227834670013502e-09
2.10944792645200481e-07
-1.65675272840530544e-09
2.10452931724584197e-07
-1.59443236938819618e-09
2.09963628456518214e-07
-1.53561708331868061e-09
2.09477091703541069e-07
-1.4801055388999399e-09
2.08993504449312755e-07
-1.42770223579806786e-09
2.08513026933116136e-07
-1.37821851649210181e-09
2.08035799467524689e-07
-1.33147334272051219e-09
2.07561944964614486e-07
-1.28729397919055616e-09
2.07091570948710982e-07
-1.24551656477902217e-09
2.06624771541013127e-07
-1.20598657055992694e-09
2.06161629033290242e-07
-1.16855914704098127e-09
2.05702215243380607e-07
-1.13309924478522172e-09
2.05246592764229985e-07
-1.0994817281275777e-09
2.04794816329108454e-07
-1.0675916200440844e-09
2.04346935016692954e-07
-1.03732496132756932e-09
2.0390299764671459e-07
-1.00859098047229423e-09
2.03463061395014354e-07
-9.81309261422406968e-10
2.03027146781005282e-07
-9.55336595895215971e-10
2.02595294016754182e-07
-9.30582123276818445e-10
2.0216753941049224e-07
-9.06933992748964243e-10
2.01743858991089532e-07
-8.84223739592616636e-10
2.01324246242192689e-07
-8.62403324247032548e-10
2.00908670257519308e-07
-8.41375962810750972e-10
2.00497092793484677e-07
-8.21136077348180791e-10
2.00089537640420808e-07
-8.01662814978355505e-10
1.99686013199144672e-07
-7.82936182719791081e-10
1.99286401173456863e-07
-7.64928595579635038e-10
1.98890796014390274e-07
-7.47623653916427928e-10
1.98499144567668646e-07
-7.30970158947818402e-10
1.9811129819326649e-07
-7.14938289404715075e-10
1.97727455338264636e-07
-6.99462619236377123e-10
1.97347605252607431e-07
-6.84443949684763106e-10
1.96971581621454296e-07
-6.69766841338790105e-10
1.96599795639452883e-07
-6.55243281226902135e-10
1.96232474181765626e-07
-6.40661877386097413e-10
1.95869535190164932e-07
-6.25804898971391045e-10
1.95511456994007242e-07
-6.10556791913666092e-10
1.95160862294662975e-07
-5.95528045285017268e-10
1.94821255018273326e-07
-5.81848758416375817e-10
1.94495750657565643e-07
-5.70593694504523167e-10
1.94185935559701576e-07
-5.6197428962234496e-10
1.93888721452263783e-07
-5.57152972400972667e-10
1.93592002182776883e-07
-5.62720468984144061e-10
1.93284508910509426e-07
-5.98488969007522263e-10
1.9299210723029185e-07
-6.67381557336101177e-10
1.92758434506903768e-07
-6.38465491142032994e-10
-3.77836702419570286e-10
1.96341185370253858e-07
-3.54520716762985376e-09
1.94711308575749504e-07
-3.40236313978290247e-09
1.93068949901724429e-07
-3.25129674862946133e-09
1.91436416476636631e-07
-3.09239684316019946e-09
1.89821810421283287e-07
-2.93656818225518891e-09
1.8822457552203657e-07
-2.78738460681901327e-09
1.86645806824541629e-07
-2.64285790575228043e-09
1.85089984997014576e-07
-2.50193308171268152e-09
1.8356121496164219e-07
-2.36549585729786927e-09
1.82061462547218317e-07
-2.2345369751809047e-09
1.80591570742687629e-07
-2.10922835846426257e-09
1.79152375548897889e-07
-1.98934435917931737e-09
1.77744814249691437e-07
-1.87486173716677175e-09
1.7636955045376846e-07
-1.76593523296417428e-09
1.75026827904226336e-07
-1.66262680192963958e-09
1.73716608498325577e-07
-1.56483511945896217e-09
1.72438720911559722e-07
-1.47240385227856928e-09
1.71192891548236852e-07
-1.38520213458698338e-09
1.69978722580760531e-07
-1.30310780879915153e-09
1.68795694191855398e-07
-1.22596751067209865e-09
1.67643194793681416e-07
-1.15359329675831988e-09
1.66520553156297357e-07
-1.08578316107691012e-09
1.65427053518904397e-07
-1.02233515296368816e-09
1.6436194299270443e-07
-9.6304671905222097e-10
1.63324440868952488e-07
-9.07710466488450575e-10
1.6231375023201045e-07
-8.56115080737505797e-10
1.6132906803601871e-07
-8.08049788241671076e-10
1.60369592153401136e-07
-7.63307810675228453e-10
1.59434526551607707e-07
-7.21687396454979775e-10
1.58523085791950196e-07
-6.82991959767319553e-10
1.57634498984694675e-07
-6.47030761266323626e-10
1.56768013185220839e-07
-6.13620442575096474e-10
1.55922895533266747e-07
-5.82585636375748541e-10
1.55098434579216921e-07
-5.53759177305539418e-10
1.54293941244537872e-07
-5.26982540324658896e-10
1.53508749225295614e-07
-5.02105990780822681e-10
1.52742214865646934e-07
-4.78988682204498196e-10
1.51993716478114794e-07
-4.57498641919707182e-10
1.51262653070765508e-07
-4.37512659134914386e-10
1.5054844234127391e-07
-4.18915906005368339e-10
1.49850517511458271e-07
-4.01601367688501672e-10
1.49168322215335237e-07
-3.85469013712652371e-10
1.48501301983079985e-07
-3.70424627810981845e-10
1.47848892074987504e-07
-3.56379360006696499e-10
1.47210514389027798e-07
-3.43256282858603574e-10
1.46585687444610442e-07
-3.31042168708107484e-10
1.45974177140395302e-07
-3.19627730768588806e-10
1.4537541631967086e-07
-3.0882473250033952e-10
1.44788781043527289e-07
-2.98531778583453016e-10
1.44213832537794052e-07
-2.88702013396307286e-10
1.43650154922265588e-07
-2.79352771321905556e-10
1.43097619538505613e-07
-2.70533727559066594e-10
1.4255618558580148e-07
-2.62267790103111417e-10
1.42025629116260998e-07
-2.54478119270201018e-10
1.41505662750514008e-07
-2.4711702567311678e-10
1.40995833319642551e-07
-2.40157526662517446e-10
1.40495889025226478e-07
-2.33577474496005217e-10
1.40005855004322297e-07
-2.2731922458093237e-10
1.3952517378738488e-07
-2.21343427140995316e-10
1.39053610400124822e-07
-2.15621510898389238e-10
1.38590926043984167e-07
-2.1008550775729576e-10
1.38137281733447313e-07
-2.04637693387251619e-10
1.37692950858940951e-07
-1.99166787699733492e-10
1.37257378490268246e-07
-1.93541269234404077e-10
1.36830368047058027e-07
-1.8758931777607399e-10
1.36411796064547953e-07
-1.80678825277714339e-10
1.35998378340156275e-07
-1.71724753643194163e-10
1.35584361735670711e-07
-1.60791216414686836e-10
1.35164598920860131e-07
-1.47500352880879812e-10
1.34729765557472257e-07
-1.25939157455134501e-10
1.34251475485278997e-07
-8.89652985739174292e-11
1.33705182015272286e-07
-5.90384447238390037e-11
1.33166125775071112e-07
-1.41355643521240925e-10
1.32868330522430654e-07
-3.45009675371796107e-10
-3.21196792448440249e-10
1.14479349094146373e-07
1.11076985752006658e-07
1.07825688804185278e-07
1.04733291766625736e-07
1.01796723394320488e-07
9.90093386001630692e-08
9.63664805093697859e-08
9.38645472440835005e-08
9.14990512042992951e-08
8.92645140470658452e-08
8.71552855073046188e-08
8.51659409667997305e-08
8.32910790479475009e-08
8.15251436346499704e-08
7.98625166526236886e-08
7.829768135238422e-08
7.68252773189667341e-08
7.54400750048740393e-08
7.41369670159069315e-08
7.29109993244539652e-08
7.17574058459606816e-08
7.06716225013121132e-08
6.96492871590323278e-08
6.86862402370158932e-08
6.77785295304565667e-08
6.69224141210476537e-08
6.61143638073890646e-08
6.53510550704897262e-08
6.46293659752552362e-08
6.39463707866775496e-08
6.32993346506402294e-08
6.26857063507987896e-08
6.21031085585389434e-08
6.15493299582749023e-08
6.10223157955139615e-08
6.05201579276981074e-08
6.00410842355248845e-08
5.95834471613743929e-08
5.91457110069682385e-08
5.87264377142034668e-08
5.83242706806047705e-08
5.79379161338470201e-08
5.75661216436222165e-08
5.72076506304964845e-08
5.68612465156134141e-08
5.65255381524251978e-08
5.61990505690160431e-08
5.58799070755233782e-08
5.55709043474001782e-08
5.52733208841301158e-08
5.49867406995829055e-08
5.47102911560041741e-08
5.44429524821159643e-08
5.4183772685377964e-08
5.39320615873006295e-08
5.36872496319772968e-08
5.3448752232014505e-08
5.32161588931924997e-08
5.29892439800570896e-08
5.27676919057349217e-08
5.25511300714188075e-08
5.23395260672836571e-08
5.21329169292778354e-08
5.19315906833922763e-08
5.17355279062540422e-08
5.15452339042678775e-08
5.13633348458372895e-08
5.1191357575343764e-08
5.10310903199449089e-08
5.08918831720582749e-08
5.0790658461857663e-08
5.07190043928130583e-08
5.05630714767197119e-08
5.0201685746378021e-08
)
;

boundaryField
{
    reactingWall
    {
        type            calculated;
        value           uniform 0;
    }
    inertWall
    {
        type            calculated;
        value           uniform 0;
    }
    inlet
    {
        type            calculated;
        value           nonuniform List<scalar> 
20
(
-2.13293584591032278e-07
-2.13293522531504139e-07
-2.13293520378646581e-07
-2.13293494429873054e-07
-2.13293492030382318e-07
-2.13293479658070743e-07
-2.13293478054621465e-07
-2.1329347212563785e-07
-2.13293471916015884e-07
-2.13293469737110818e-07
-2.13293469668639798e-07
-2.13293471889298268e-07
-2.13293472119429628e-07
-2.13293478049428677e-07
-2.13293479652232039e-07
-2.13293492023840577e-07
-2.13293494422641695e-07
-2.13293520370898267e-07
-2.13293522523431571e-07
-2.1329358458280907e-07
)
;
    }
    outlet
    {
        type            calculated;
        value           nonuniform List<scalar> 
20
(
4.8705769076610691e-08
1.31410406258341317e-07
1.91027711431705739e-07
2.27448769581329455e-07
2.45862292173696238e-07
2.54284233803413213e-07
2.57010640154664817e-07
2.57851896590968526e-07
2.57688772579749496e-07
2.57636090693154616e-07
2.5755371882256795e-07
2.57674461652565445e-07
2.57786812541019277e-07
2.5716435889746967e-07
2.54484514719202496e-07
2.46445510699369539e-07
2.28289566528103154e-07
1.92502414342485019e-07
1.32806584386486264e-07
4.98681022396281748e-08
)
;
    }
    defaultFaces
    {
        type            empty;
        value           nonuniform List<scalar> 0();
    }
}


// ************************************************************************* //
