#	patch	cellIndex	edges	volume	faceIndex	faceArea
0	1725	6.66667e-10	1	
1	1726	6.66667e-10	1	
2	1727	6.66667e-10	1	
3	1728	6.66667e-10	1	
4	1729	6.66667e-10	1	
5	1730	6.66667e-10	1	
6	1731	6.66667e-10	1	
7	1732	6.66667e-10	1	
8	1733	6.66667e-10	1	
9	1734	6.66667e-10	1	
10	1735	6.66667e-10	1	
11	1736	6.66667e-10	1	
12	1737	6.66667e-10	1	
13	1738	6.66667e-10	1	
14	1739	6.66667e-10	1	
15	1740	6.66667e-10	1	
16	1741	6.66667e-10	1	
17	1742	6.66667e-10	1	
18	1743	6.66667e-10	1	
19	1744	6.66667e-10	1	
20	1745	6.66667e-10	1	
21	1746	6.66667e-10	1	
22	1747	6.66667e-10	1	
23	1748	6.66667e-10	1	
24	1749	6.66667e-10	1	
25	1750	6.66667e-10	1	
26	1751	6.66667e-10	1	
27	1752	6.66667e-10	1	
28	1753	6.66667e-10	1	
29	1754	6.66667e-10	1	
30	1755	6.66667e-10	1	
31	1756	6.66667e-10	1	
32	1757	6.66667e-10	1	
33	1758	6.66667e-10	1	
34	1759	6.66667e-10	1	
35	1760	6.66667e-10	1	
36	1761	6.66667e-10	1	
37	1762	6.66667e-10	1	
38	1763	6.66667e-10	1	
39	1764	6.66667e-10	1	
40	1765	6.66667e-10	1	
41	1766	6.66667e-10	1	
42	1767	6.66667e-10	1	
43	1768	6.66667e-10	1	
44	1769	6.66667e-10	1	
45	1770	6.66667e-10	1	
46	1771	6.66667e-10	1	
47	1772	6.66667e-10	1	
48	1773	6.66667e-10	1	
49	1774	6.66667e-10	1	
50	1775	6.66667e-10	1	
51	1776	6.66667e-10	1	
52	1777	6.66667e-10	1	
53	1778	6.66667e-10	1	
54	1779	6.66667e-10	1	
55	1780	6.66667e-10	1	
56	1781	6.66667e-10	1	
57	1782	6.66667e-10	1	
58	1783	6.66667e-10	1	
59	1784	6.66667e-10	1	
60	1785	6.66667e-10	1	
61	1786	6.66667e-10	1	
62	1787	6.66667e-10	1	
63	1788	6.66667e-10	1	
64	1789	6.66667e-10	1	
65	1790	6.66667e-10	1	
66	1791	6.66667e-10	1	
67	1792	6.66667e-10	1	
68	1793	6.66667e-10	1	
69	1794	6.66667e-10	1	
70	1795	6.66667e-10	1	
71	1796	6.66667e-10	1	
72	1797	6.66667e-10	1	
73	1798	6.66667e-10	1	
74	1799	6.66667e-10	1	
