/*--------------------------------*- C++ -*----------------------------------*\
  =========                 |
  \\      /  F ield         | OpenFOAM: The Open Source CFD Toolbox
   \\    /   O peration     | Website:  https://openfoam.org
    \\  /    A nd           | Version:  8
     \\/     M anipulation  |
\*---------------------------------------------------------------------------*/
FoamFile
{
    version     2.0;
    format      ascii;
    class       volScalarField;
    location    "0.1";
    object      CH3COCH3;
}
// * * * * * * * * * * * * * * * * * * * * * * * * * * * * * * * * * * * * * //

dimensions      [0 0 0 0 0 0 0];

internalField   nonuniform List<scalar> 
1800
(
7.23012931614242989e-61
2.25864345779056974e-59
5.43133133112481322e-58
1.10477689212326584e-56
1.91605981019303893e-55
2.76959803166132644e-54
3.21871099636240136e-53
2.93280938965713133e-52
2.07023675064080927e-51
1.15290725420686598e-50
5.3256867325003998e-50
2.2753665016779564e-49
1.09364220508604083e-48
6.51312341003334056e-48
3.89567419985820696e-47
3.83083875222250356e-59
1.17332342120140608e-57
2.80911547235606519e-56
5.75175022273853493e-55
1.00599524379644754e-53
1.46591258147454444e-52
1.71594375503927382e-51
1.57290394616225719e-50
1.11038735070380072e-49
6.10753015896198801e-49
2.700940079899293e-48
1.00924015329405749e-47
3.47926174591286489e-47
1.27519258233210528e-46
5.29426829854091188e-46
2.1165615452653624e-57
6.68620618152299903e-56
1.65748046447027191e-54
3.52935749534961889e-53
6.40346619511577104e-52
9.62635874280862365e-51
1.15684300112981074e-49
1.08430163370602216e-48
7.77413094134936763e-48
4.30327461097442819e-47
1.89113539691105731e-46
6.87184326261746618e-46
2.20607894191692869e-45
7.05813555250285526e-45
2.50833324596959339e-44
1.11791527715794174e-55
3.67906770473086382e-54
9.52632104197563571e-53
2.1211637144863355e-51
4.01488386325273979e-50
6.26708700040797124e-49
7.78763753638918897e-48
7.5227346531944678e-47
5.52626673940481859e-46
3.10937391009355579e-45
1.37492660455270905e-44
4.95367358470049709e-44
1.53364111616032825e-43
4.5066871357650221e-43
1.42082276940930641e-42
5.60279855507067839e-54
1.92081455011206194e-52
5.19198843232205567e-51
1.20629814077676905e-49
2.37853682917582014e-48
3.857541248500928e-47
4.96857874190671826e-46
4.9648368782347134e-45
3.75560345059429063e-44
2.16131594823904677e-43
9.69056386939939494e-43
3.49929770303874626e-42
1.06325729397069861e-41
2.94065603841677715e-41
8.31585935125682285e-41
2.66500300366577778e-52
9.51535087996612414e-51
2.68207676651607192e-49
6.48244221584093759e-48
1.32732301153222113e-46
2.23285664926321474e-45
2.98077372721655658e-44
3.08413411029797132e-43
2.40739508357663294e-42
1.42161159534943834e-41
6.490969632278069e-41
2.36370308434167382e-40
7.12419521021209383e-40
1.88554733156108276e-39
4.79550781284251908e-39
1.19695985176873029e-50
4.44628277616521034e-49
1.3031891075191616e-47
3.26368872044697596e-46
6.91492792260120945e-45
1.20420834335103074e-43
1.66557494970058793e-42
1.78565938498710483e-41
1.4407626124941088e-40
8.75248454651963858e-40
4.08336202028701455e-39
1.50588861654911532e-38
4.53515751864407151e-38
1.16292862356792092e-37
2.6713694993617898e-37
5.02686527695999978e-49
1.94301426644894553e-47
5.91413024494853846e-46
1.53109300338842846e-44
3.34930446650742325e-43
6.03086022129288532e-42
8.64009191118375848e-41
9.60116017552688269e-40
8.01711968496344948e-39
5.01982799638602202e-38
2.39937610707045441e-37
8.98605018156040774e-37
2.71441548830998622e-36
6.78006724132055779e-36
1.44520495363110167e-35
1.94801025505915517e-47
7.85461520905124799e-46
2.48195287104571901e-44
6.63042905475356783e-43
1.49495063151984605e-41
2.7808535151017988e-40
4.12502804002593324e-39
4.75188958907182813e-38
4.11181845760383295e-37
2.65920116785754536e-36
1.30629865450958321e-35
4.98187357711463732e-35
1.50919331452446085e-34
3.66878394338964906e-34
7.62915137305655584e-34
6.82414444572037928e-46
2.88774549825245584e-44
9.49490738026064221e-43
2.6188728184938115e-41
6.08905845625912613e-40
1.17106766362564576e-38
1.79890772047894425e-37
2.148547043444918e-36
1.92965683399718135e-35
1.29235374645657329e-34
6.55159567833304734e-34
2.55488891439198799e-33
7.71776501967904332e-33
1.84978373006372949e-32
3.89544689197596544e-32
2.10233962138044949e-44
9.46308221303296244e-43
3.25435338425726467e-41
9.28125774769517915e-40
2.22808291503430322e-38
4.43604613786119711e-37
7.05237754030928583e-36
8.7260388667332163e-35
8.14780296477939095e-34
5.67295749948688139e-33
2.98471360551281487e-32
1.19775650744294768e-31
3.56214253634868965e-31
8.66948372432196394e-31
1.89468006435933013e-30
4.94675217428320621e-43
2.27789293574100115e-41
7.93395030090235749e-40
2.28293033732944949e-38
5.53719691171149865e-37
1.11905814673789071e-35
1.80849644828266415e-34
2.28755711496646115e-33
2.20179329422886864e-32
1.58505871040339845e-31
8.65913690247725883e-31
3.61975949165201874e-30
1.06558825047911799e-29
2.74720466372821552e-29
7.60036366602410436e-29
9.07931183941239034e-42
4.10851459895870348e-40
1.40113817043799819e-38
3.97109041542693937e-37
9.57310839869078791e-36
1.94065685959183798e-34
3.15450227582843822e-33
4.05377702891525927e-32
4.01155992502132621e-31
2.9877885943626144e-30
1.70687890250482519e-29
7.61020735044498143e-29
2.70060700235629836e-28
8.33090633695553461e-28
3.42763119318847668e-27
1.29518324149027883e-40
5.61529516655769809e-39
1.83293599288984107e-37
5.01361234763560661e-36
1.18741200823859693e-34
2.39172310068081083e-33
3.87095876441469388e-32
5.01769085944146183e-31
5.05706950527844246e-30
3.87332597343857093e-29
2.30707059876289946e-28
1.08754409392973469e-27
4.18691068057048236e-27
1.58330315342775233e-26
1.16375204069659648e-25
1.76016916086322746e-39
7.5471445156523909e-38
2.39921818880288714e-36
6.38480450266109773e-35
1.43403159731815751e-33
2.64536233238019116e-32
3.97073743073519623e-31
4.86671762581954878e-30
4.80576189077198137e-29
3.78125444544496422e-28
2.36469951647203371e-27
1.19297392627734662e-26
5.12937959220367547e-26
2.74748032143184601e-25
3.84661077847906738e-24
1.52279229505804938e-38
6.1213899262998619e-37
1.84375084812427388e-35
4.73079638201213621e-34
1.03530105976550545e-32
1.88071734808782424e-31
2.81683721349910611e-30
3.49673844928589097e-29
3.54739210985588257e-28
2.90342293805023477e-27
1.91843756060875192e-26
1.04388609295636564e-25
5.19988896085223731e-25
4.5944337819298296e-24
1.10753758894919907e-22
1.37964700386283533e-37
5.40340340958229141e-36
1.60444233230976833e-34
4.10947704958021819e-33
8.99428237986090529e-32
1.63672834361133929e-30
2.47134580496026769e-29
3.11986387510843789e-28
3.25975993604210965e-27
2.78914405288743544e-26
1.96011709174482285e-25
1.16359385222588802e-24
7.16575624582770608e-24
1.15000337414498658e-22
4.16656674686384605e-21
9.33736923038531321e-37
3.60205314245106545e-35
1.07630742753846637e-33
2.81809976050284736e-32
6.31148114722542937e-31
1.17748729347673229e-29
1.83019111565334846e-28
2.38384786594393962e-27
2.58296464932585796e-26
2.31153160108857924e-25
1.72255699249443001e-24
1.11843533473806554e-23
9.19777359448623594e-23
2.64362092472395751e-21
1.32103295120659227e-19
4.41031281403727706e-36
1.78590174827395089e-34
5.75431512789905984e-33
1.6235732952523012e-31
3.89350967281589787e-30
7.7818917952915776e-29
1.2920351230102319e-27
1.78312762469164957e-26
2.03359381701694822e-25
1.90927923310806625e-24
1.49750030837909969e-23
1.05686458669633604e-22
1.2174896353651896e-21
5.6366497594721021e-20
3.76834342791607194e-18
9.73425971415971594e-36
4.62277390189665291e-34
1.7613237139450126e-32
5.6171751085647217e-31
1.50523337919337187e-29
3.35606631141586633e-28
6.1576963879327014e-27
9.23922024380629169e-26
1.12790846664484874e-24
1.11925552032845816e-23
9.21183047686691762e-23
7.0053370938585688e-22
1.10654020444877542e-20
7.33739717207280626e-19
6.79640544807982121e-17
1.30131119795851763e-46
4.48786041921110248e-46
1.53476487340898584e-45
4.9496123287081568e-45
1.44807475121129407e-44
3.75363452610892294e-44
8.56088091730902495e-44
1.76167827575572828e-43
3.11448705760920414e-43
4.6211235559225639e-43
6.49477999278684122e-43
9.34992110386333978e-43
1.44403790116226057e-42
2.43034299200691147e-42
4.32632964243673765e-42
7.94189263907899477e-42
1.48850098616704528e-41
2.84619290321156497e-41
5.64134345889102379e-41
1.20606090265055701e-40
2.65540285312334906e-40
5.5458434363279287e-40
1.07259213786877769e-39
1.92112773072020484e-39
3.21726919986690039e-39
5.18955399964581692e-39
8.2035637919711985e-39
1.27666425579263679e-38
1.77387958970256307e-38
2.07757130065877135e-38
2.09042147857748449e-38
1.91996440371864378e-38
1.55846021289541754e-38
1.09615853966113776e-38
7.45432161989352867e-39
4.92502047796149191e-39
2.98634228698457386e-39
1.78291504700221752e-39
9.7296215764353393e-40
4.04218991794095305e-40
2.19299544473087809e-40
1.42954115808310667e-40
1.01992750137780594e-40
8.64776759080478549e-41
8.9809640840307267e-41
1.09755023079272717e-40
1.51989829681729477e-40
2.35021466267986435e-40
3.97874512318528521e-40
7.22456827937879713e-40
1.39061291532093025e-39
2.69307573023195893e-39
5.0689154935236422e-39
9.04155488394585629e-39
1.52083106154792759e-38
2.22270798050580345e-38
2.5971845996954763e-38
2.48928885123425998e-38
2.10655256618393317e-38
1.58662507207473154e-38
1.05293320852305454e-38
6.62507023451388935e-39
4.08588685677192581e-39
2.79251714848640898e-39
2.26180212778357857e-39
1.88180369629946828e-39
1.47325660812598092e-39
1.10784601556366861e-39
8.10734803499744128e-40
5.51917363040464887e-40
3.90371763916941523e-40
3.1140244583536502e-40
2.85791937345202614e-40
2.90569470842886398e-40
3.24438085028815681e-40
1.44971756993981172e-45
4.20547655332619001e-45
1.29068382874066117e-44
4.11865524134700513e-44
1.3161518567003661e-43
4.00250863871212084e-43
1.10518607075254673e-42
2.6263101798486805e-42
5.53443754591814075e-42
9.91628733049003458e-42
1.55227156571677136e-41
2.50033849913422581e-41
4.20177852015091361e-41
7.2678103042535657e-41
1.27847576997786251e-40
2.27668483901162053e-40
4.10979444980123223e-40
7.55717614909899697e-40
1.42352612771626848e-39
2.7789880731961567e-39
5.81938182050399254e-39
1.19642595879046597e-38
2.33721944129419034e-38
4.21933296550384336e-38
6.47143541321170839e-38
9.50967308433142248e-38
1.40086822486107853e-37
2.08341753107165927e-37
3.12420165344264754e-37
4.4443732633341194e-37
5.19527475758543597e-37
5.41819928293983092e-37
4.93151345983706727e-37
3.9511117796261236e-37
2.62347240428556982e-37
1.75189428853981089e-37
1.28426050077129847e-37
9.2807132298587457e-38
6.29023531267791052e-38
2.6599183273355207e-38
1.50112890511731421e-38
8.85235776785690093e-39
5.67279127810831687e-39
4.11919154092500846e-39
3.65556470486279148e-39
3.86922965819339164e-39
4.55951758425195255e-39
5.8764396261154133e-39
8.14816277942838948e-39
1.19509993735510896e-38
1.87525914940996513e-38
3.22906548184105265e-38
5.94167066651230839e-38
1.1024244999276003e-37
1.98500018880747415e-37
3.41857318132796355e-37
5.76529271865559099e-37
6.80201344526369721e-37
6.60844007335356902e-37
5.9238467365648968e-37
4.88305946995877185e-37
3.58763171602242313e-37
2.32023502427617904e-37
1.65983372562263749e-37
1.32640766158629362e-37
1.07420374005241197e-37
8.12862613531338433e-38
5.69695466153236676e-38
4.07321802126114814e-38
2.93468268320492506e-38
1.75971402208662874e-38
1.11211002974677037e-38
9.19940559565939304e-39
8.25421547354406838e-39
8.26638527626440145e-39
6.31305344981140626e-44
1.69382031247721501e-43
4.81821035825684299e-43
1.42832410499052722e-42
4.29879113202943941e-42
1.26652273164624515e-41
3.50199398489554847e-41
8.56287557699956149e-41
1.84318981625377273e-40
3.40490093374025527e-40
6.06638209639459772e-40
1.07818056291538748e-39
1.91231520918308452e-39
3.36970546315132348e-39
5.88738731059503698e-39
1.02186169132607012e-38
1.77119647656306178e-38
3.09882107030968309e-38
5.54160689299868653e-38
1.02315581598163026e-37
2.08898896841031337e-37
4.2269801657925984e-37
8.03147964770609604e-37
1.34677144178691772e-36
1.96935806475258592e-36
2.45372460244758857e-36
2.9978722850552907e-36
3.61282356306227843e-36
4.44994356447476166e-36
5.8768551384537505e-36
7.60751470226890688e-36
7.80968625330601179e-36
7.5116107282257132e-36
6.95768539294663818e-36
6.10668548076485624e-36
4.91202464811527827e-36
3.38789800984496876e-36
2.26158418725061698e-36
1.41847228120165082e-36
8.54976151957272565e-37
5.03282451834616881e-37
2.95666150835983503e-37
1.94638900820815361e-37
1.51789080770736331e-37
1.46294918957380209e-37
1.60657280986897412e-37
1.92435998974417356e-37
2.50475100088381147e-37
3.33967091628111623e-37
4.32203523243429321e-37
5.70295840612022809e-37
7.7535649188217009e-37
1.11717327175029085e-36
1.75253812109103615e-36
2.87354709420056227e-36
4.70979587388693812e-36
7.53684160056110153e-36
1.17969261011372728e-35
1.42955311377359658e-35
1.40803070093356649e-35
1.29213720638007672e-35
1.08982504988612664e-35
8.05264833221382956e-36
6.89282589887546965e-36
6.01900103205604263e-36
4.96798338942870313e-36
3.67306564841126207e-36
2.35502909938590902e-36
1.4155035958827614e-36
8.12177327718652298e-37
4.54038502684563996e-37
2.54353638259109219e-37
1.96950601541428082e-37
1.75804044806398382e-37
1.74394119849860613e-37
3.34515769576914144e-42
8.4985842224173926e-42
2.32444846358118115e-41
6.69466307448988882e-41
1.96656979159905687e-40
5.68257356606475368e-40
1.55715208464156696e-39
3.82006658245884351e-39
8.26026491415071958e-39
1.64971348182843904e-38
3.16611979058322255e-38
5.89804541799584603e-38
1.0700113720275935e-37
1.89419154132491845e-37
3.27916424345869528e-37
5.57059264184940334e-37
9.21712045215469519e-37
1.5117512707540129e-36
2.50178279327033273e-36
4.23049897887392289e-36
7.39589432841379338e-36
1.30245818986009299e-35
2.1992292861236026e-35
3.25887439777346099e-35
4.67322586716508797e-35
5.8624983280835638e-35
6.74555350297794225e-35
7.88914552435876948e-35
9.51053667324669325e-35
1.17785439116367492e-34
1.33383087415922864e-34
1.46247404709293866e-34
1.46781033006274489e-34
1.4199768618961393e-34
1.32695188794122049e-34
1.15915061663501873e-34
8.76817281249620025e-35
5.59454664583904478e-35
3.1537737082358604e-35
1.78739972322831291e-35
1.03447624742901829e-35
6.51593773093476218e-36
5.07521288487895918e-36
4.9664906537042199e-36
5.42926377609408653e-36
6.4408926213836236e-36
8.30527397617762805e-36
1.14403329767833175e-35
1.58740650760130437e-35
2.04029748973012595e-35
2.42841221573671779e-35
2.89720249472135056e-35
3.56246001132338955e-35
4.63384583443764293e-35
6.37194660393371614e-35
8.94804357582476468e-35
1.29699575706037338e-34
1.70385234489234849e-34
2.30077302148320267e-34
2.54020361516178622e-34
2.52091360446643984e-34
2.43802284251585259e-34
2.33556034946500329e-34
2.25198562230336011e-34
2.08043852828283811e-34
1.74785101190876441e-34
1.26704379353174025e-34
7.39083771438137567e-35
3.81156329186898694e-35
1.89485793336288905e-35
9.34430455521716419e-36
5.4930435101619399e-36
4.56992172782389098e-36
4.11348432553541552e-36
4.03610767016234295e-36
1.83165986013684411e-40
4.38257480261530634e-40
1.15187385641113041e-39
3.2593188378815609e-39
9.55780893298149222e-39
2.78359576127865132e-38
7.72208168469467018e-38
1.96197142556975778e-37
4.41774938644690181e-37
9.22391379198707195e-37
1.83136376469987351e-36
3.49265434520394418e-36
6.43442617451153987e-36
1.14946412256282302e-35
1.99717022961022482e-35
3.38967840835325893e-35
5.45254272971382897e-35
8.38732439685166164e-35
1.30339600711107685e-34
2.05856884362497198e-34
3.34804487841795584e-34
4.79623718273214026e-34
6.51259298382710876e-34
8.62979631912511858e-34
1.13148462477756991e-33
1.4017271481019661e-33
1.52101275468854671e-33
1.66586693405522082e-33
1.86756398984284075e-33
2.26542799264491708e-33
2.50768734695383543e-33
2.58652471100793295e-33
2.53167019708674294e-33
2.40628318238574978e-33
2.21420996467944357e-33
1.9582152811509426e-33
1.58337890041028726e-33
1.1044559015760352e-33
6.54133511874522065e-34
3.76140780564444113e-34
2.27682630221674294e-34
1.68596493365708395e-34
1.61099802535763136e-34
1.73953284012101363e-34
2.04472325776905081e-34
2.6183856657464933e-34
3.60678675630227415e-34
5.19413871699139643e-34
7.32470735401851398e-34
9.46293326221614952e-34
1.07272832865774465e-33
1.18930225218548227e-33
1.3475183183171279e-33
1.58769180114778219e-33
1.92668387667714236e-33
2.41060316391319812e-33
3.13087528710427317e-33
3.79570347750513853e-33
4.42073802376377762e-33
4.98739984497259707e-33
5.40788422930632977e-33
5.79345674039028001e-33
5.72212748954178306e-33
5.45992046925361424e-33
4.90252554340344881e-33
3.90812755371837205e-33
2.63820292471890023e-33
1.38218079632237496e-33
6.91116011590156241e-34
3.5068523633921688e-34
1.93604859978779628e-34
1.32810706374359324e-34
1.17231510127139124e-34
1.0810977754456492e-34
1.0473804391757953e-34
9.94869063134243355e-39
2.21115941382905773e-38
5.50105627699968266e-38
1.5179028866734718e-37
4.45492002620902551e-37
1.32142154004146061e-36
3.7872541675773762e-36
1.00993731228945384e-35
2.4020347154515513e-35
5.16432640347192266e-35
1.04671359021239997e-34
2.02987865800343804e-34
3.79379271032013804e-34
6.86207355313209005e-34
1.20492242627906181e-33
2.06296340635902031e-33
3.2796686966665437e-33
4.83646667939661299e-33
7.0598718802838931e-33
1.05405534448632219e-32
1.62372530014089595e-32
2.06800289616008621e-32
2.50149964062542892e-32
3.1806391855971432e-32
3.65763054368144192e-32
3.94265453453008271e-32
4.13438033693052421e-32
4.48627923564812888e-32
4.81278655672952988e-32
5.16173196981516445e-32
5.11269995292778989e-32
5.13170651364496401e-32
4.98418525778869514e-32
4.77928451861348576e-32
4.4125877464298746e-32
3.84109867697737272e-32
3.10051546155053892e-32
2.23188769112410118e-32
1.4144447263823383e-32
8.55795929128283029e-33
5.79796898813553443e-33
5.10394987925325128e-33
5.33099645623537315e-33
6.13042230374173804e-33
7.69649388859078624e-33
1.05050734880693168e-32
1.515730318936792e-32
2.23826869587722067e-32
3.15997146454395783e-32
3.98427882497874815e-32
4.38339258957354654e-32
4.63411816165313811e-32
4.97017918490887028e-32
5.46878867339312619e-32
6.18674136838968483e-32
7.21853541856415393e-32
7.99836165859645601e-32
8.89183738124842146e-32
1.02144442471284836e-31
1.19516289399244007e-31
1.3330351400422286e-31
1.42723977385865321e-31
1.43794968111529395e-31
1.35499773112249213e-31
1.1596758287347471e-31
8.42759123193432528e-32
5.12022701166150876e-32
2.7347712041526239e-32
1.44590899649828397e-32
7.97264792875768194e-33
4.88675906493623049e-33
3.52941428668743155e-33
2.96781904699625699e-33
2.72101859905473202e-33
2.42043045435149109e-33
5.2978243599369529e-37
1.08530830674148607e-36
2.50306107826773551e-36
6.60851154362684767e-36
1.92250451519347964e-35
5.79002317122607895e-35
1.70872650997723975e-34
4.75320653483183805e-34
1.20511037788942446e-33
2.70531770740571704e-33
5.63560562853419893e-33
1.11654574293942577e-32
2.12447895456797009e-32
3.90213035727273214e-32
6.94484379318784035e-32
1.20284811882879891e-31
1.91413890567179932e-31
2.72742504131421322e-31
3.76199798373691667e-31
5.31797692950773862e-31
7.17596721054797739e-31
8.66066203117308496e-31
1.00375651121409603e-30
1.13937532633317755e-30
1.20844291203679052e-30
1.21329380362698267e-30
1.17424746621491254e-30
1.09449108185775539e-30
1.07415263802941787e-30
1.06798498084929147e-30
1.0700365080674698e-30
1.05638349745491505e-30
1.02779864252686029e-30
9.76958162703210545e-31
8.97405922773771542e-31
7.82508827386435641e-31
6.33017131318873277e-31
4.50793250702791503e-31
2.87423151251875811e-31
1.88076055058752576e-31
1.51637511747135501e-31
1.51835986789755138e-31
1.69543309721533325e-31
2.07144385946233763e-31
2.7746216840938402e-31
3.99331432708655173e-31
5.97479772731858095e-31
8.90748762209037687e-31
1.24165424973051693e-30
1.51434468287961727e-30
1.62042090343873322e-30
1.64826366659413661e-30
1.66953940355928574e-30
1.70563239803763996e-30
1.75827287614114417e-30
1.84119483302221435e-30
1.97087569343019251e-30
2.20410250270456633e-30
2.57612413632414948e-30
2.82355402734184322e-30
2.85808273589605479e-30
2.85913108456453273e-30
2.8360231423172054e-30
2.58004906302860245e-30
2.08751192470691403e-30
1.4244592946019109e-30
8.61686182122905563e-31
5.05661360701244869e-31
2.95798290286945923e-31
1.85751835794018707e-31
1.33700054370463229e-31
1.08788292184089029e-31
9.35047684077793799e-32
7.59983929107931598e-32
5.54677300419114387e-32
2.73084761787621356e-35
5.24245487828718697e-35
1.10217461069940608e-34
2.7085926188261225e-34
7.64945892879741209e-34
2.31699373624713703e-33
7.00393211884307621e-33
2.01854094123794492e-32
5.39461941419087709e-32
1.29318709267787866e-31
2.79432939757551859e-31
5.68464471971415098e-31
1.10497160317140918e-30
2.06624290855870895e-30
3.73300806863267085e-30
6.54049405742298555e-30
1.05233248602762588e-29
1.47158992558497642e-29
1.90810418987628434e-29
2.51577165169862145e-29
3.28785622716837563e-29
3.8931847869134147e-29
4.18220361288857438e-29
4.2182015917235841e-29
4.07838804761799234e-29
3.77752161293963409e-29
3.2564742643290963e-29
2.71124746479113316e-29
2.35786617356750063e-29
2.23841834250002602e-29
2.21444918491948244e-29
2.18798234230958129e-29
2.12445275400631104e-29
1.9971773074125052e-29
1.79025411939954625e-29
1.4995364149895856e-29
1.19865811936539384e-29
8.75536664619874432e-30
5.77773381631186251e-30
4.24402484133507622e-30
3.99177246828802564e-30
4.29237525835771628e-30
5.08884083242722913e-30
6.63473086042026557e-30
9.4252276195144966e-30
1.41492794765392413e-29
2.17384463043306691e-29
3.24570661637764592e-29
4.42736897082836994e-29
5.14788521121871898e-29
5.31657697283290471e-29
5.25856384255307137e-29
5.07799545352739329e-29
4.73250590685047476e-29
4.43594428019278079e-29
4.47747523460514275e-29
4.72829177122853522e-29
5.16248206272134268e-29
5.76516708145585772e-29
5.95906658513985396e-29
5.93811211291015399e-29
5.73825585963145798e-29
5.36050798082789208e-29
4.56824495176992273e-29
3.28714868196746785e-29
2.05247077295732154e-29
1.33752299462987678e-29
9.0100891627680702e-30
6.04313951749387796e-30
4.31896515058125445e-30
3.48339595490960108e-30
3.03739847665514567e-30
2.71961895091132901e-30
2.33767109222878322e-30
1.69605556192076177e-30
1.37276057121119856e-33
2.5419576506596231e-33
4.91213909852520941e-33
1.08922865884344805e-32
2.86443896563141899e-32
8.53703024034001912e-32
2.62289761038734492e-31
7.77584975840767958e-31
2.16151089938089458e-30
5.54524447292955571e-30
1.26607175924497297e-29
2.66260188613097571e-29
5.30831583018132804e-29
1.01341807535963834e-28
1.8618879040548006e-28
3.30188929350056516e-28
5.36560699126588643e-28
7.4198351435817882e-28
9.1017238907130127e-28
1.10072392362197126e-27
1.37180105157466974e-27
1.5925756062574751e-27
1.63425427780373148e-27
1.59352051566163297e-27
1.51252250123133381e-27
1.32185052225922085e-27
1.07599902683739197e-27
7.92907697623128945e-28
6.20438597390092153e-28
5.38971461113445581e-28
4.92145669201277519e-28
4.53386565806734464e-28
4.11776406964916164e-28
3.62616304359406609e-28
2.9706545764651753e-28
2.24225931107615112e-28
1.61317346325172442e-28
1.18735320035755215e-28
9.62541569300640066e-29
9.23327792889444855e-29
9.78386311181998223e-29
1.12269167544806203e-28
1.40800967122798801e-28
1.95600811148134673e-28
2.93548377244788358e-28
4.57803954372277682e-28
7.20545441550747407e-28
1.06241836699723025e-27
1.40437460487207825e-27
1.55419384233370069e-27
1.56702534429847854e-27
1.52926559108868557e-27
1.44837262701192592e-27
1.30015410726085352e-27
1.15451018204086501e-27
1.13109771048560372e-27
1.15648594861078175e-27
1.17053869781119792e-27
1.17137859383631129e-27
1.17986857125264099e-27
1.14708613269017565e-27
1.05443731852095157e-27
8.8794962320747975e-28
6.33917267600433073e-28
3.74202727575096496e-28
2.44459107888271624e-28
2.04663399016982251e-28
1.76725394787675826e-28
1.32484949514025918e-28
9.68739380665420577e-29
8.65280490315676004e-29
7.91769626941363846e-29
7.1956974290232896e-29
6.22690791621103538e-29
4.52168939619943074e-29
7.06500191870306543e-32
1.29403233132726015e-31
2.42552356680313617e-31
4.75025586663428017e-31
1.06051497445377755e-30
2.91751479118378781e-30
8.78517007822896825e-30
2.63347155790759964e-29
7.63956156649729445e-29
2.06784055701865725e-28
5.09726102549160005e-28
1.12146999915008177e-27
2.30713801526843754e-27
4.51340200825713467e-27
8.45418567259724329e-27
1.52116719156850388e-26
2.48338247813761836e-26
3.38778743816578616e-26
3.99212717710821323e-26
4.44328795143309089e-26
4.89467142779188484e-26
5.17328709614260996e-26
4.98471982661215723e-26
4.40204469691623974e-26
3.63110570849880645e-26
3.00931244490683942e-26
2.37331627126097422e-26
1.85527526360744599e-26
1.50194937529907957e-26
1.2920556928863137e-26
1.16307482202188996e-26
1.05764027507314883e-26
9.32317879035523383e-27
7.64494246536539763e-27
5.44866629104028901e-27
3.61274059235366742e-27
2.41961057336375036e-27
1.74381867350590952e-27
1.4647982701147257e-27
1.47957160944437266e-27
1.72938941419537302e-27
2.25816409617717555e-27
3.25784368240884112e-27
5.03883065439060024e-27
8.08556375681456547e-27
1.3065811535679927e-26
2.09344991382563742e-26
3.02352595591468884e-26
3.84037147486127103e-26
4.08882671532923412e-26
4.06139258853240206e-26
3.91577186082430217e-26
3.63370518121895338e-26
3.15027011044241974e-26
2.64463062734234057e-26
2.44070855458651177e-26
2.3199803916444348e-26
2.23205889519253115e-26
2.11737430161640173e-26
1.96108174300148098e-26
1.7344079190937168e-26
1.3943749338672214e-26
9.28428039174471904e-27
5.92434213151423277e-27
4.82457477708280271e-27
4.03175969343313525e-27
3.4208683354901163e-27
2.96847934577822587e-27
2.46607766857922602e-27
2.05610596780404318e-27
1.88616633964530769e-27
1.76785703162334935e-27
1.62511756959999624e-27
1.41069217394940033e-27
1.02476299480963582e-27
3.85121458734804597e-30
7.59531540625120033e-30
1.44634692508482115e-29
2.41527207326148937e-29
4.04340194488937386e-29
8.66787623317670128e-29
2.44838400934681361e-28
7.58139244806271956e-28
2.30967874457696474e-27
6.65790923815917119e-27
1.75018095495375149e-26
4.17305125894553885e-26
9.00724565324770747e-26
1.82839040847116319e-25
3.53577424866546336e-25
6.55730173039905867e-25
1.06936277834768717e-24
1.417760055847468e-24
1.58024968129970985e-24
1.60083335963054683e-24
1.54543637252762924e-24
1.41413309598708239e-24
1.17567526719871535e-24
8.92334832127957207e-25
6.51824616076684189e-25
4.89939455973196934e-25
3.97377264696731418e-25
3.44559648123853177e-25
3.07761223776280535e-25
2.72930075465550485e-25
2.40754446920993579e-25
2.1481689662507082e-25
1.87916194202416301e-25
1.52231065354823639e-25
1.06579458139308179e-25
6.84543758033269695e-26
4.33882019913857065e-26
2.90367329157662329e-26
2.28551248732294585e-26
2.27138552633437938e-26
2.79042165172642221e-26
3.98909164653694176e-26
6.32021447235014676e-26
1.05903915875569091e-25
1.79508780089687267e-25
2.99857706520577039e-25
4.9044434670505799e-25
7.00430749311582405e-25
8.75603942771958907e-25
9.16565582151694025e-25
8.98195765537013706e-25
8.52144538333803398e-25
7.69248577114161522e-25
6.35089440499540223e-25
5.1829416923479026e-25
4.72175966462811864e-25
4.25071082603034546e-25
3.72957050669697833e-25
3.12443595999638236e-25
2.53138155863821796e-25
1.92300907519321218e-25
1.30224711549499645e-25
9.30060161397606831e-26
8.01144928791831296e-26
7.04369589105478727e-26
6.24588591968547599e-26
5.6172723191528251e-26
5.14355010414258719e-26
4.71781562862153365e-26
4.16790580109599022e-26
3.74560552612831498e-26
3.50841760369506377e-26
3.21219331109097205e-26
2.79990282598122357e-26
2.05086740743361403e-26
2.06886008248868316e-28
4.7651376697195322e-28
9.93104376335610731e-28
1.55320318039108831e-27
2.09899064650639712e-27
3.10868139968827555e-27
6.61576149383595051e-27
1.85671091867722648e-26
5.64060799115207582e-26
1.68990076175024946e-25
4.812349952519296e-25
1.26398479694639494e-24
2.97722248914842621e-24
6.3809522345189514e-24
1.29147027600461832e-23
2.49159233833588274e-23
4.15825009946660457e-23
5.23515068609351673e-23
5.40332616849712013e-23
5.14310878091100701e-23
4.58501392021580021e-23
3.61083479922046842e-23
2.52185915896477339e-23
1.64714146823663136e-23
1.0897089629415951e-23
7.77762374153118367e-24
6.12851872900863126e-24
5.26975387955161467e-24
4.77269564899605025e-24
4.43553531127233074e-24
4.13457793556256864e-24
3.77711089718620783e-24
3.3000597458963027e-24
2.65159264542432267e-24
1.81182651901946675e-24
1.13579050351260055e-24
7.00868729247001843e-25
4.53605045058877142e-25
3.43825953929132319e-25
3.30488755223964105e-25
4.02107854237520352e-25
5.75246517501000496e-25
9.10936645291370221e-25
1.52234679907227683e-24
2.57458906509417543e-24
4.30600159991788923e-24
7.06821369275209266e-24
1.05112792922061045e-23
1.31824181280769075e-23
1.35429802804287148e-23
1.32078517421440164e-23
1.24211515816086742e-23
1.10138278752929171e-23
9.33059703929139925e-24
8.37747804570424681e-24
7.369660677673653e-24
6.2053008328158747e-24
4.73029926110655692e-24
3.4989948926556615e-24
2.58849629734471811e-24
1.82077160223651811e-24
1.52044882899969262e-24
1.36669239982969934e-24
1.24472630328549881e-24
1.13735090098171127e-24
1.0440171011856584e-24
9.67903117487968368e-25
9.02493020107949378e-25
8.32805174474181744e-25
7.38510983680931521e-25
6.31390980260452226e-25
5.72494673692217689e-25
5.21077393327108426e-25
4.5913223586674576e-25
3.4693446210364428e-25
1.49396754205950182e-26
4.00001507430610697e-26
8.75877350412576526e-26
1.32120650168219011e-25
1.47346149127967103e-25
1.55726276182493485e-25
2.13488898835216077e-25
4.55056182379844809e-25
1.24984440414091636e-24
3.66918617555731516e-24
1.06622342657455657e-23
2.92775904073856265e-23
7.14921763696616854e-23
1.55558140859878577e-22
3.16075651008797604e-22
6.08633413379894789e-22
9.81321550297512459e-22
1.19699860233895017e-21
1.23654219209581736e-21
1.14771022684359373e-21
9.70831223848846497e-22
6.95893654341334347e-22
4.65200671476053086e-22
3.07760532084923709e-22
2.1185597783196291e-22
1.57016364411596452e-22
1.25515914983404971e-22
1.06387977277453383e-22
9.33360800160878448e-23
8.23754756093003893e-23
7.32392597030255182e-23
6.44504942821914693e-23
5.36845001441421238e-23
3.90064097797587869e-23
2.45975877501142928e-23
1.47290621195636748e-23
8.94380946491866215e-24
5.73214203331652271e-24
4.22516432389437177e-24
3.87754254089886171e-24
4.48955796796776602e-24
6.06770875371695612e-24
9.13753410057468827e-24
1.47288797234634843e-23
2.43242158152615968e-23
3.99843792852746744e-23
6.43685814290418256e-23
1.0090748518984976e-22
1.44023891199974303e-22
1.66853286447764592e-22
1.66666047247293192e-22
1.58027667043871098e-22
1.40260675205695253e-22
1.23488906046314903e-22
1.08032432823835348e-22
9.13416145197734222e-23
7.25360403343247662e-23
4.93705968075601086e-23
3.31870909195141469e-23
2.54801778389048117e-23
2.29451126925851667e-23
2.11164683956806126e-23
1.96902491513110562e-23
1.85119492346737942e-23
1.74855403416131012e-23
1.65152625268004235e-23
1.56458452139477435e-23
1.45454695818675029e-23
1.30529950027956057e-23
1.09387179906703683e-23
8.95039582767062405e-24
7.8449657543045789e-24
6.61191337181840084e-24
5.80892384941095683e-24
5.04537644765951673e-24
8.04165270567351105e-25
2.38907051900429162e-24
5.39319503904063897e-24
8.30838965939210583e-24
8.92550566790723009e-24
8.03807967816570974e-24
8.03120764339183969e-24
1.19571667529682091e-23
2.6320405963517577e-23
6.96074948126898256e-23
1.90057000746356859e-22
4.92025050137174532e-22
1.1563900082013467e-21
2.47298008026266869e-21
4.95066060088751735e-21
9.37454240045801538e-21
1.46910654219214346e-20
1.74840974855863507e-20
1.71402535270771234e-20
1.58801874009605078e-20
1.35836906414874008e-20
1.02478643910792599e-20
7.21697263778194773e-21
5.04866693915581366e-21
3.67384877201913039e-21
2.83067906689136958e-21
2.2930787588494787e-21
1.91919759575238922e-21
1.62621194773600986e-21
1.3545178611306275e-21
1.10740051659927536e-21
8.6753165515100845e-22
6.32787241626180165e-22
4.20611129407084494e-22
2.54152385291191154e-22
1.45668655775148536e-22
8.54216785620726247e-23
5.38652547955712492e-23
3.98161225518860395e-23
3.72590633544131448e-23
4.34219788549942653e-23
5.84335914642953378e-23
8.7242846949477654e-23
1.38898657738501311e-22
2.26215909408137159e-22
3.66424693987025626e-22
5.81337769252769167e-22
8.98636781181187037e-22
1.27533737929352251e-21
1.46820429927108603e-21
1.46845144527410281e-21
1.39964649394055946e-21
1.25440897635764076e-21
1.1121016882003559e-21
9.87929580756545562e-22
8.68973179310689968e-22
7.25228224574279001e-22
5.02197808744149809e-22
3.51945117127145109e-22
3.07842162510395687e-22
2.79086531106347224e-22
2.59503189027507996e-22
2.47076039959497435e-22
2.40992611507494769e-22
2.36046880472340023e-22
2.2948383060017941e-22
2.20358217432315543e-22
2.06774301723303476e-22
1.85919539701688476e-22
1.54066898691938127e-22
1.20549652272338804e-22
9.91181489049428211e-23
8.65012525657753695e-23
7.99620045900724998e-23
7.05246368421295193e-23
3.89093309106879096e-23
1.24746174520132171e-22
2.87228859609610988e-22
4.80490748835042731e-22
5.40597821079364992e-22
4.87169966298289133e-22
4.31877228214495067e-22
4.75883835806485816e-22
6.919660353456108e-22
1.32068624132381116e-21
2.99255530074679464e-21
6.66468158763287305e-21
1.38916826412647725e-20
2.74665437667902457e-20
5.17947671069182267e-20
9.38604564066780116e-20
1.43414076177251153e-19
1.74718392831340288e-19
2.00070802620645295e-19
1.93467910772472659e-19
1.72891701464141203e-19
1.38572934089781316e-19
1.04654381004634447e-19
7.73034080585326703e-20
5.78412958650058711e-20
4.46196908572145326e-20
3.54776653457438634e-20
2.86379609591723426e-20
2.27399838735566277e-20
1.73772518275800437e-20
1.27708894999261238e-20
8.96185669321231865e-21
5.99312200766457707e-21
3.79222652922409237e-21
2.24128692992504368e-21
1.26778130385124851e-21
7.36820630202606564e-22
4.64951726787038148e-22
3.48409990864576175e-22
3.31877720397182715e-22
3.87107735354874913e-22
5.15948261423976701e-22
7.61731814175993738e-22
1.19735178474632625e-21
1.9217055693826854e-21
3.06933007412130573e-21
4.8302424114481685e-21
7.12399344503784429e-21
9.43479218231528885e-21
1.04258712881131684e-20
1.04377715770730419e-20
1.00150898943992622e-20
9.2164645951025269e-21
7.8922177322912726e-21
7.16533102227455114e-21
6.5281880286827525e-21
5.69524025032703553e-21
4.28585348837543748e-21
3.44742418913848939e-21
3.03796081414843609e-21
2.76573590409468241e-21
2.61846457257977973e-21
2.58132234435607085e-21
2.60491017418964393e-21
2.63222172439132151e-21
2.61308577249639141e-21
2.54087831525765321e-21
2.40064052226744679e-21
2.15614755285228179e-21
1.76323089336790983e-21
1.38939343003644705e-21
1.17441661488423775e-21
1.06212168755567556e-21
9.97359007849207302e-22
8.9870558696711411e-22
1.55516390377559695e-21
5.21634509681308806e-21
1.21693997515990979e-20
2.17802205398071767e-20
2.63007676913905428e-20
2.62615201948660342e-20
2.34318506667077806e-20
2.32549517565673083e-20
2.6622030578514177e-20
3.6173760263759315e-20
5.73425110115341085e-20
9.80895630287765712e-20
1.71086539500729937e-19
2.90776690522125063e-19
4.90540401293607323e-19
8.180496200123585e-19
1.19591522649203419e-18
1.51188919019825828e-18
1.70461161324356902e-18
1.69345087793341701e-18
1.59010701510590842e-18
1.41114903196771988e-18
1.17252226128823867e-18
9.2687625047590258e-19
7.14802918162780948e-19
5.484305282181844e-19
4.20426761127764019e-19
3.16384297580504966e-19
2.30704797074792984e-19
1.62084905335548014e-19
1.0943332078408262e-19
7.11735531674269412e-20
4.47800111154799162e-20
2.71259567220248367e-20
1.56213237234962773e-20
8.86591836428734556e-21
5.30118613573596669e-21
3.51912086856266383e-21
2.80541267676146075e-21
2.81968263423435484e-21
3.31214210342378366e-21
4.34262743773060301e-21
6.26702810850823238e-21
9.60418894452892685e-21
1.505275793734043e-20
2.35587615340010335e-20
3.66010820660161598e-20
5.1300505788697719e-20
6.17081669055405234e-20
6.41989190856076135e-20
6.35161953569036184e-20
6.14439079766341194e-20
5.75252852032311301e-20
5.06860382166668195e-20
4.44576759849775391e-20
4.09862483583633665e-20
3.62154620781205296e-20
2.85786779137045591e-20
2.48766671671727747e-20
2.19836672624304626e-20
1.9911567111141016e-20
1.88475872964378948e-20
1.87729239571457491e-20
1.93210936802611405e-20
2.03743680464356689e-20
2.12603795410720631e-20
2.11469525003291112e-20
2.05109811568619613e-20
1.92781162078854234e-20
1.72150387011336388e-20
1.42923356996453561e-20
1.24509200114182994e-20
1.14177488507650907e-20
1.07398923908577204e-20
9.68880538566331268e-21
8.02352201527134449e-20
2.64830125651609562e-19
6.07203536789006483e-19
1.09956826800613824e-18
1.28591153548760308e-18
1.23509165358727932e-18
1.11160073383152551e-18
1.05803943117406256e-18
1.09870981499654283e-18
1.2333784289286314e-18
1.52417420995232001e-18
2.04902203838452767e-18
2.96593929153329848e-18
4.487109251622832e-18
6.93186436539848921e-18
1.03295468748558292e-17
1.36172248637308194e-17
1.5561449125551364e-17
1.59408061221620516e-17
1.54618041396642241e-17
1.45636571698491269e-17
1.31630007313097751e-17
1.11451946800257656e-17
8.7736461809651076e-18
6.53468261105650042e-18
4.6999313897386371e-18
3.2683152335349168e-18
2.19510910248641932e-18
1.42396321058426262e-18
8.93814342331818077e-19
5.45225971368785052e-19
3.26797732157623352e-19
1.95912414023044e-19
1.1803460745621376e-19
7.05233957017731058e-20
4.33375969641028756e-20
2.89637450909976303e-20
2.22139193725420793e-20
2.0149723713933276e-20
2.14152534212855242e-20
2.51407144554815505e-20
3.23764267130823383e-20
4.54019169021448926e-20
6.7387873789066283e-20
1.02640915568603958e-19
1.5695604954585735e-19
2.39749517464973848e-19
3.19167685249602894e-19
3.45991941187761284e-19
3.47338439046037265e-19
3.40909941467397644e-19
3.27972766647821757e-19
3.05549416394507259e-19
2.70680561059679989e-19
2.26695849312314694e-19
1.8701441901369404e-19
1.62734446038272384e-19
1.45310796827690287e-19
1.29464870337983473e-19
1.1685716782182438e-19
1.11393166959868761e-19
1.13014532038518093e-19
1.20094877921807411e-19
1.33387281907863818e-19
1.52972676319822113e-19
1.67617479837470305e-19
1.69054529738533387e-19
1.65641866423204352e-19
1.58438253870413137e-19
1.45895090834144536e-19
1.2687364832017675e-19
1.11128470839866495e-19
1.00310294764159018e-19
9.33652522349821767e-20
8.29626723876908548e-20
3.59371392609520295e-18
1.11398982465710004e-17
2.47334276990382277e-17
4.33551710706350605e-17
4.9449275943825853e-17
4.70427633492080106e-17
4.22348877853052768e-17
3.95350805330024947e-17
3.91650144222024673e-17
4.01840525781584691e-17
4.27873872170176498e-17
4.85077463058649512e-17
5.79234747755370033e-17
7.18647781770692455e-17
9.16979966082083949e-17
1.15660234725182034e-16
1.33663028372022803e-16
1.42160703381056853e-16
1.40891284795799039e-16
1.32597732451722022e-16
1.18610016577009707e-16
9.81154131114312521e-17
7.42744579869347308e-17
5.24357923906729698e-17
3.55511529758869925e-17
2.32626451378497972e-17
1.47213419222202529e-17
9.0259016721139195e-18
5.39680033720908221e-18
3.18084800757653187e-18
1.86896713091845041e-18
1.11379293655762734e-18
6.97090072180150947e-19
4.6427181695999711e-19
3.16051041299755635e-19
2.20905423946084724e-19
1.66267216087557228e-19
1.43246093354228059e-19
1.40180604858383328e-19
1.50426507149282777e-19
1.7332334362942705e-19
2.16485921907748273e-19
2.92128737474200378e-19
4.16716935919597756e-19
6.12154320305214906e-19
9.03031807883688156e-19
1.22165853210798531e-18
1.36546287103645851e-18
1.38902714074497431e-18
1.37077719185838382e-18
1.32886389221990028e-18
1.25486262251418981e-18
1.14208207946246646e-18
9.89390496630645964e-19
8.28281409320869423e-19
6.89260005128710845e-19
5.91686842526846436e-19
5.44254610151791633e-19
5.31798416586691722e-19
5.43612135589165058e-19
5.76721117282069817e-19
6.40042749922104599e-19
7.48001648201142885e-19
9.11687156222077956e-19
1.02680330581776787e-18
1.05068886395391717e-18
1.03837161182247164e-18
1.00677474388325816e-18
9.50234073653642506e-19
8.61295295699625998e-19
7.67227441722442551e-19
6.97033239499037781e-19
6.40166236681990075e-19
6.09225061938558965e-19
5.74254840982106679e-19
1.53272410314918755e-16
4.22091862829654847e-16
8.57038618406123867e-16
1.30898455475315082e-15
1.40329291059070678e-15
1.29722566828256182e-15
1.15264741670154869e-15
1.07155584607404947e-15
1.01862320884613137e-15
9.73190333917949159e-16
9.31853944105952801e-16
9.10125400808401877e-16
9.25045772391745491e-16
9.41744234248586343e-16
9.34042150357404374e-16
9.03242581634242303e-16
8.49389809018991528e-16
7.67668591375454586e-16
6.52630959042816433e-16
4.94073751942588197e-16
3.4327619718420643e-16
2.26315319904836408e-16
1.44206105257379297e-16
8.9802760698257724e-17
5.53282359996801375e-17
3.41125923858016138e-17
2.13012246308546229e-17
1.3646889836170205e-17
8.97921684534732177e-18
6.01666730187572494e-18
4.1347446417418471e-18
2.98118731202661577e-18
2.30495374418104063e-18
1.85539210023406736e-18
1.44490083115595567e-18
1.10311409036375306e-18
8.93657806963703676e-19
7.96671519049330531e-19
7.86568020122736247e-19
8.29499439728677544e-19
9.22503040562470646e-19
1.09367159729741366e-18
1.38009384164431738e-18
1.82301404905918261e-18
2.48822006392083701e-18
3.06363294621472362e-18
3.24828757032645379e-18
3.24301469715695753e-18
3.18325720678741672e-18
3.07187456349528631e-18
2.88561247957485653e-18
2.69929667880137672e-18
2.55639045845102983e-18
2.40129072749896985e-18
2.25199182242372563e-18
2.18390812534353512e-18
2.17560708957590676e-18
2.20819797698280615e-18
2.27765125007461952e-18
2.40253866209215843e-18
2.60458495817741167e-18
2.91107488050102291e-18
3.31708418728016027e-18
3.60025566033038472e-18
3.65061718595656094e-18
3.61136399911457504e-18
3.53363638644808656e-18
3.40147743923286635e-18
3.21406650876023091e-18
3.09798554855020459e-18
3.0429059779517891e-18
3.03094026446801617e-18
3.03787263584220742e-18
3.06148169350386688e-18
3.11098976307303089e-18
5.85623836400328468e-15
1.12898036309455704e-14
1.74814291152041548e-14
2.13025636035836978e-14
2.21169000302112563e-14
2.15711069234222957e-14
2.03332343659473124e-14
1.85148738194566527e-14
1.64450581262753303e-14
1.42533805573172477e-14
1.20327508284880838e-14
9.8303704561400992e-15
7.70630420291989986e-15
5.76899256888555275e-15
4.07599141330167234e-15
2.7523334918759602e-15
1.80573029120560055e-15
1.24172988380381687e-15
8.88162961993285629e-16
6.5183416475468558e-16
4.85950248772963142e-16
3.65396257620575087e-16
2.75441493569913037e-16
2.06808992289585958e-16
1.53669745148240017e-16
1.1227283456029653e-16
8.05335820578424099e-17
5.69700288103427307e-17
4.0042759729370403e-17
2.83788998458627044e-17
2.06143260737357434e-17
1.54480692188070195e-17
1.18251979285969411e-17
9.11383571132620416e-18
7.05712440261087377e-18
5.5673250439737906e-18
4.59433412781270357e-18
4.06703088619475145e-18
3.87259776005040807e-18
3.89416392010580177e-18
4.10074448512388591e-18
4.52794592431223535e-18
5.24690193374127606e-18
5.73176413091376722e-18
5.81537852052498322e-18
5.76955965986850748e-18
5.6568899494327824e-18
5.61761701059566637e-18
5.67740760466501924e-18
5.82081664244588198e-18
6.07944357821409787e-18
6.32770071137298037e-18
6.44175294730079868e-18
6.55598893039671654e-18
6.71793491417810357e-18
6.96626467276941375e-18
7.35440032006449187e-18
7.9439575300816824e-18
8.54298882564825602e-18
8.90961947313524911e-18
9.19230132560517465e-18
9.55103077402369833e-18
9.89829023628164692e-18
1.01320014642205617e-17
1.02697519254364753e-17
1.03780562693501129e-17
1.05339384752033095e-17
1.0800610456352885e-17
1.12622352492068406e-17
1.18763386628516266e-17
1.21955409772929373e-17
1.22328216505386682e-17
1.22206661350547215e-17
1.22587880871228471e-17
1.2408583138735557e-17
)
;

boundaryField
{
    reactingWall
    {
        type            catalyticWall;
        gradient        uniform 0;
    }
    inertWall
    {
        type            zeroGradient;
    }
    inlet
    {
        type            fixedValue;
        value           uniform 0;
    }
    outlet
    {
        type            zeroGradient;
    }
    defaultFaces
    {
        type            empty;
    }
}


// ************************************************************************* //
