/*--------------------------------*- C++ -*----------------------------------*\
  =========                 |
  \\      /  F ield         | OpenFOAM: The Open Source CFD Toolbox
   \\    /   O peration     | Website:  https://openfoam.org
    \\  /    A nd           | Version:  8
     \\/     M anipulation  |
\*---------------------------------------------------------------------------*/
FoamFile
{
    version     2.0;
    format      ascii;
    class       volScalarField;
    location    "0.1";
    object      CH3CHOHCH3;
}
// * * * * * * * * * * * * * * * * * * * * * * * * * * * * * * * * * * * * * //

dimensions      [0 0 0 0 0 0 0];

internalField   nonuniform List<scalar> 
1800
(
0.0799999999997300926
0.0799999999936602396
0.0799999998993746048
0.0799999987696333875
0.0799999879112299889
0.079999903069721115
0.0799993598603269129
0.0799964762479660474
0.079983615718339271
0.0799350329709406782
0.0797794052137522219
0.0793581943872724016
0.0784000061631537903
0.0765765698516876064
0.0736858296137538477
0.0799999999998226158
0.0799999999965928382
0.0799999999565138842
0.0799999995521359641
0.0799999961770356816
0.0799999728020357875
0.0799998371141756731
0.0799991673685729321
0.0799963229609370607
0.0799858578678052795
0.0799524330194760768
0.079859918470145258
0.0796390620786476544
0.0791874887406325279
0.0784045982114862927
0.0799999999998759759
0.0799999999978639464
0.0799999999765849679
0.0799999997953278613
0.0799999984915331919
0.0799999905039388837
0.0799999484024753321
0.0799997547883415372
0.0799989700623156968
0.0799961557715178351
0.079987231371716816
0.0799623206632095324
0.0799016043742904747
0.0797737595139148409
0.0795444459009029964
0.0799999999998976252
0.0799999999983086185
0.0799999999827599451
0.0799999998647145799
0.0799999991199414201
0.0799999950949464578
0.0799999761014701799
0.0799998965325218053
0.0799995972435136177
0.0799985827687608314
0.0799954924599409478
0.0799870916780813096
0.0799669111603044797
0.079924530999436319
0.0798475828514529362
0.079999999999903898
0.0799999999984254834
0.079999999984301004
0.0799999998813592794
0.0799999992673886134
0.079999996161567527
0.0799999825153751704
0.0799999294844501024
0.079999744788103011
0.0799991636968129388
0.0799975072149815003
0.0799932319031082112
0.0799832663660793586
0.0799623149201153099
0.0799225926819821242
0.0799999999998991101
0.0799999999983393301
0.079999999983306036
0.079999999873296479
0.0799999992192938075
0.0799999959456548504
0.0799999818161797466
0.0799999282930953515
0.0799997479277314849
0.0799992014839031457
0.0799977005671810432
0.079993937408556301
0.0799852715888908633
0.079966821444666672
0.0799305762206211218
0.0799999999998941835
0.0799999999982380083
0.0799999999820764085
0.079999999862449378
0.0799999991442675723
0.0799999955216492142
0.07999997980464775
0.0799999201130576626
0.0799997189144021209
0.0799991102051704345
0.0799974408406624593
0.0799932537181587966
0.0799835699245254328
0.0799627682491429043
0.0799224002991077015
0.0799999999998949191
0.0799999999982508869
0.0799999999821955216
0.0799999998634072229
0.0799999991513248715
0.07999999556661537
0.0799999800513992027
0.0799999212957954037
0.0799997238785475767
0.0799991285156842896
0.0799975008748946143
0.0799934314007413189
0.0799840528758332114
0.0799640481454063634
0.0799269270319429431
0.0799999999998985689
0.0799999999983119908
0.0799999999828808067
0.0799999998693931569
0.0799999991931956284
0.0799999958050521542
0.0799999811812710099
0.0799999258498595017
0.0799997397998530591
0.0799991776615494726
0.0799976370197624798
0.0799937745408495354
0.079984849810559977
0.0799662730352830586
0.0799316269631754478
0.0799999999998959599
0.0799999999982672905
0.0799999999823277769
0.0799999998642022953
0.0799999991552458323
0.079999995582865524
0.079999980107284499
0.0799999214490976912
0.0799997241863442815
0.0799991288771997322
0.0799975009899738104
0.0799934326719608235
0.0799840793083273632
0.0799655223821723327
0.0799307507442483522
0.0799999999998969868
0.0799999999982846655
0.0799999999825373453
0.0799999998660698847
0.0799999991680848122
0.0799999956529623829
0.0799999804184928082
0.0799999225929101249
0.0799997277022856529
0.0799991378934130637
0.0799975196818679263
0.0799934617110831941
0.0799842349539899161
0.0799663019457436675
0.0799330737040304246
0.0799999999998986244
0.0799999999983140586
0.0799999999828930608
0.0799999998693569359
0.0799999991916603564
0.0799999957872565837
0.0799999810464830929
0.0799999250796152028
0.079999736251965492
0.079999163917061869
0.079997590915654393
0.0799936438650879766
0.0799847918929466883
0.079966984499235963
0.0799330714175403162
0.0799999999998950717
0.0799999999982502624
0.0799999999821471158
0.0799999998625419151
0.0799999991417262996
0.0799999954888143266
0.0799999795531113472
0.0799999186580558769
0.079999712007816845
0.0799990822087020131
0.0799973426928852344
0.0799929713587760605
0.0799832195028138404
0.0799631788875092842
0.0799242265007821945
0.0799999999998934619
0.079999999998221008
0.0799999999818266083
0.0799999998597718393
0.0799999991222616474
0.0799999953791970669
0.079999979036551927
0.0799999165341113427
0.0799997040906290785
0.0799990546721288109
0.0799972538371410691
0.0799927014869988157
0.079982243136358086
0.0799599423762198391
0.0799150094936224298
0.0799999999998989714
0.0799999999983378451
0.0799999999833265751
0.0799999998737793983
0.0799999992241878649
0.0799999959750878342
0.0799999819349967167
0.0799999286037635787
0.079999748375908189
0.0799992020685705435
0.0799977070675999408
0.079993998594038801
0.0799855873490285529
0.0799677677334386799
0.0799320071663313231
0.0799999999999049111
0.0799999999984482846
0.0799999999846201099
0.0799999998846971094
0.0799999992951898053
0.0799999963506995287
0.0799999835945485183
0.0799999348239383151
0.0799997683291433365
0.0799992575386632015
0.0799978452840180571
0.0799943170313149599
0.0799862896454962419
0.079969393441576303
0.0799362360299304409
0.079999999999900831
0.0799999999983777438
0.0799999999837332082
0.0799999998753197772
0.0799999992129974691
0.0799999957577595955
0.0799999800247043064
0.0799999164534451329
0.0799996860535570758
0.0799989342140641629
0.0799967296223962898
0.0799909493012858075
0.0799774480951869898
0.0799493720815590558
0.079897595612768546
0.0799999999998808747
0.0799999999979823934
0.0799999999783344851
0.0799999998154303782
0.0799999986743982761
0.0799999918302703034
0.0799999563247988238
0.0799997951256838508
0.0799991490382201409
0.0799968546530984009
0.0799896396147707772
0.0799696296425644743
0.0799210022515360469
0.07981832905124292
0.0796324970114821451
0.0799999999998208255
0.0799999999965452374
0.0799999999557565317
0.0799999995425360044
0.0799999960771593799
0.0799999719836159556
0.0799998317969993489
0.0799991393879544294
0.0799962011542529883
0.0799854038695077402
0.0799509116159539818
0.0798551791176430742
0.0796252554570139326
0.0791505718174091294
0.0783200502340174048
0.0799999999997377254
0.0799999999938611484
0.0799999999029695069
0.0799999988167602177
0.0799999883827552105
0.0799999067915578704
0.0799993839447713934
0.0799966102863149259
0.0799842746667666499
0.0799378463986564203
0.0797894507473673742
0.0793874733195629873
0.0784680386509650912
0.0766971572532141321
0.0738538748288356528
0.0706546614805481643
0.0671774920974657769
0.0636207789999879009
0.060361571108965506
0.0576180683512753922
0.0553603128657345761
0.053279029143516031
0.0502710917062433663
0.0452709162610601401
0.038798238874907548
0.0321934202740337752
0.0269359305547681241
0.0230642995994355011
0.0190397425967175904
0.0148028869954854904
0.0109082965628009322
0.00782421009939964981
0.00566576266842698517
0.00427234307946098082
0.00339132170856656012
0.00285961370934769213
0.00250020690971154355
0.00218743041818486757
0.001914001654358555
0.00168046539456347989
0.00147950686739990907
0.00127527338979859742
0.00103090444646797091
0.000779397528620115812
0.000558118667417091779
0.000448885426848137452
0.000360226409773994796
0.000274680959074708722
0.000200593338808388214
0.000141712105329662284
9.30190540097631586e-05
5.59948283461300642e-05
3.53022525797074631e-05
2.13956694012205719e-05
1.11659403697590672e-05
7.38691778454132572e-06
5.39415359331921502e-06
3.83910264236117428e-06
2.64671585756336397e-06
1.82763975497010057e-06
1.26214770830164834e-06
8.66267705429077378e-07
5.8377232126180602e-07
3.79246493192941871e-07
2.47066005989269276e-07
1.68952256432843278e-07
1.23417244499299358e-07
9.28979511970737263e-08
6.89438809306293816e-08
4.80932892433415564e-08
3.08850294664601913e-08
1.97138770413557029e-08
1.44129622459663912e-08
1.03739125087793734e-08
6.71915463274636997e-09
3.7149878574807687e-09
2.02613476935072305e-09
1.11255381483619672e-09
6.72540311639731886e-10
4.54630257898865065e-10
3.3347069155314633e-10
2.59363994985995763e-10
1.94907768005381953e-10
1.33046083801161223e-10
9.11979011077526332e-11
6.88697633417703521e-11
5.29105317415759148e-11
3.96200303325103655e-11
2.90821708718432348e-11
1.92292067674663907e-11
0.0775265599774281611
0.0764262271284998074
0.0751972437905267937
0.0739808016765092086
0.0728871241962089772
0.0719115436777185701
0.0709371412441099775
0.0699322875764381846
0.0685678441109257297
0.0662077235617543614
0.0621435666635097098
0.0574811144918525724
0.0526008024219060816
0.0472073571398451894
0.0413549833997691046
0.0353574889838842096
0.0296757372856692146
0.0247055463694808783
0.0206426701336261849
0.017486440145603438
0.0150412570669567099
0.013107189091861619
0.0113459118696071799
0.00956005825245626918
0.00790958175926167843
0.00672602726221383819
0.0060496005216538612
0.00545728382574210951
0.0048288233471142708
0.00397410092360217255
0.00287193229890877642
0.00212308040786462126
0.0017963276144457932
0.00151039150288116795
0.00107587358881807023
0.000776347255493498901
0.000611166723307700311
0.000469722507804317909
0.000347006678311780298
0.000160223811655602131
0.000100228468228435831
6.67585373402643521e-05
4.68190633612251955e-05
3.31825327950739782e-05
2.28987599876352932e-05
1.69781466175433786e-05
1.2619935243723639e-05
8.90147216141268498e-06
5.72450454305011392e-06
3.59489452174784837e-06
2.37418660916921864e-06
1.66726946750770583e-06
1.2106795522106131e-06
8.91908890249067968e-07
6.65965169595220665e-07
5.0451372281997142e-07
3.21038588674037249e-07
1.75403050483619042e-07
1.33259864260796812e-07
1.06416335263097793e-07
7.82032693974420717e-08
4.9611683165074462e-08
2.61358893344360279e-08
1.3699215325687624e-08
7.52610223807582026e-09
4.53110930205543656e-09
3.01210847644187774e-09
2.17287706620161519e-09
1.75629933026248378e-09
1.40894892017201958e-09
9.38157777706038355e-10
6.41520079318366901e-10
5.08858865005879236e-10
3.87514008967096638e-10
2.85683575894895781e-10
0.0792813189542816293
0.0789404815886165373
0.0785436486525165484
0.078127986902107302
0.0777231998122503709
0.0773248683569029011
0.0768982591963444512
0.0764130128493696603
0.0757316499369097562
0.0745167355531941439
0.0726118572982154681
0.0701848671293829052
0.0670591595509655025
0.0631059258894367675
0.0582614481826783104
0.0526616524202324909
0.046712444450856011
0.0410178846486724674
0.0360899021962498776
0.0322091511098198252
0.0292518897555002003
0.0267891886667660784
0.0241415564298526099
0.0209415996058679096
0.0171386522586808865
0.0137556627946054232
0.0117321945892884857
0.0102387333099517221
0.00891637859154547664
0.00773059602479580187
0.00609507136751765571
0.00449181209958775859
0.00372493998438642396
0.00293401788636323251
0.0021713665175921177
0.00157503958174880568
0.00115865780262724635
0.00093819568210199919
0.00070115686142805723
0.00048442660548367924
0.00032163391721165064
0.00020984217438425133
0.000141699116179648624
9.38688713645315309e-05
6.49308978435291146e-05
5.114201667884083e-05
4.0322129951180748e-05
3.08150151649226782e-05
2.16708111957660847e-05
1.37826471695318074e-05
8.15437109105301629e-06
5.24459060433075276e-06
3.75591692620983049e-06
2.84715819579528019e-06
2.14793112256044172e-06
1.59777560009613081e-06
1.16282820215052276e-06
7.0974719980508858e-07
3.9678951107877255e-07
3.05974344158331542e-07
2.48945517540687553e-07
1.95122285257775969e-07
1.20596052657416e-07
7.01754298349910496e-08
4.04882348891308753e-08
2.3196546821157004e-08
1.36457362313288922e-08
8.44554600354781159e-09
6.00648046448686929e-09
4.36065407970861178e-09
2.96620632513602024e-09
1.92140359590387431e-09
1.50495971072248115e-09
1.22073069810780966e-09
9.54188238572187216e-10
0.0797578494674844457
0.0796369252686599804
0.0794845092413469512
0.0793002751052682975
0.0790776050783994211
0.0788000596110587093
0.0784482409016096921
0.0780124869579036095
0.0773968004385594266
0.076439697671593726
0.0751599700993491743
0.07349007138169035
0.0713632728907199476
0.0686970249981863068
0.0654184972311577517
0.0614312877374960306
0.0568665312248507054
0.0520508408907406142
0.0474518114813882175
0.0434430907842232802
0.0402939082870153176
0.0370785574156557302
0.0332480556067463809
0.0287099182436949471
0.0233613781733742407
0.0188215572447682986
0.0154100896410359154
0.0129743303341397862
0.0112961230008262001
0.00965476712265059267
0.00792787935890236148
0.00532958028668228424
0.00398173697478840585
0.00322269088355383107
0.00262872612112889214
0.00216559364018130895
0.00173563889740934851
0.00127352008163051961
0.000878498023431204911
0.00061220749819833407
0.000424261942311167405
0.000282669989650964246
0.000168594468253249643
0.000121771190841579935
9.76037240273628243e-05
7.86137979535420154e-05
6.25830393432612135e-05
4.88022774954581759e-05
3.5927246767003746e-05
2.30471657556868672e-05
1.30867188001082186e-05
7.45984449537717813e-06
4.92973602122516307e-06
3.76805168378205847e-06
2.89950045058207266e-06
2.21588165742444153e-06
1.57430352455418336e-06
1.03849192541400337e-06
6.51810149720338969e-07
4.03297297743813996e-07
3.29432243360906858e-07
2.70165030989570924e-07
1.76171517112005038e-07
1.05652951162609554e-07
7.39312947460449245e-08
4.94344502242457613e-08
3.09558996557736095e-08
1.77878072228264807e-08
1.02931265119226973e-08
6.06769011436945465e-09
3.57457671992305994e-09
2.13299909020082069e-09
1.6966532460949698e-09
1.37053361814972624e-09
1.08797425304848257e-09
0.0798734203432062834
0.0798003402388329508
0.0796941741243142043
0.0795413526395738202
0.0793212411154505387
0.0790047479034637484
0.0785572166406874467
0.0779495798550767366
0.0771716303419129335
0.0761691577427633382
0.0748838772565457722
0.0732732136309392212
0.0713103760265807324
0.0689919226742777281
0.0663203207994803451
0.0631816655275504735
0.0596388415392600096
0.0559052879526616003
0.052160927589501721
0.0489149070961003435
0.0458735997004925677
0.0420258988057565439
0.0375087348890266944
0.0316413420202771856
0.0261768218090949988
0.0214280131128434283
0.0173052803160586993
0.0144269019594118683
0.0128649869126331324
0.0111786158029697318
0.00845544937952098959
0.00594871678200373753
0.00493330592247375951
0.00403948130310950466
0.00307574022672238738
0.00250869752414884526
0.00203281879781290215
0.00147612363331705763
0.000989413545241384128
0.000675329968404220216
0.000432711448918948467
0.000249310160540359689
0.000171445353887200003
0.000138206385475328155
0.00011169899383158269
8.9301721454338549e-05
7.02410856959964896e-05
5.41644371784719296e-05
3.96118906366083387e-05
2.47064506847597216e-05
1.45123178947035513e-05
8.19121867793918369e-06
5.31389234406729023e-06
4.0719216367596497e-06
2.92641934915442114e-06
2.2131700678363779e-06
1.61284364804478261e-06
1.04617535852276418e-06
6.8440719011614886e-07
4.28059597600026444e-07
2.73748983007974275e-07
1.93036913420668761e-07
1.59175237545074973e-07
1.28360023854171526e-07
1.02216308752293251e-07
7.63262351619036214e-08
5.08692367845851516e-08
2.73226719550223194e-08
1.43222379397098216e-08
7.40317878566885942e-09
3.75311829166579161e-09
2.22270994186335193e-09
1.74952368402676881e-09
1.38114833858673337e-09
1.04837709934573814e-09
0.0798831701098225433
0.0798094641724454851
0.0796959321378153951
0.0795246561954423281
0.0792714832030722016
0.0789061585903888252
0.0783951418021507085
0.0777104759580966309
0.0768521057020967041
0.0758026506908945352
0.0745117902297366408
0.0729477994987129813
0.0710969948673962904
0.0689732658020317108
0.0665900662453949022
0.0638405833689838359
0.0607556053669014995
0.0574035537019335698
0.0536203893187942038
0.04971599698259032
0.0458801091658503704
0.0410956699197405351
0.0352693837299288687
0.029422150854724223
0.0236822678084522564
0.0191531417356000898
0.0161994166308331126
0.0145497989341342258
0.0122286979801117766
0.00907514613718058208
0.00756205387138113912
0.00569504814707433391
0.00466449263600278614
0.00372163132610490218
0.00301278578913139134
0.00229911114288544475
0.00180617303566849908
0.00137718875790865088
0.000974781933163552808
0.000634471833718259744
0.000367903220196622645
0.000223499017954373986
0.000177338834493244392
0.000143511524676766933
0.000116052787984183959
9.21298901128803197e-05
7.19594780478892177e-05
5.47702512172635637e-05
3.88734357079560753e-05
2.3593863745565766e-05
1.35543720633374767e-05
7.62048525181023455e-06
4.82280598923727704e-06
3.59953536799966117e-06
2.79373022386671808e-06
2.05431285383277686e-06
1.3032369563405535e-06
8.87439307057031825e-07
6.6237870389825741e-07
4.2447422603155189e-07
2.62801136100510665e-07
1.68261816274217357e-07
1.35452864801437771e-07
1.14521666344634099e-07
9.56947263633131003e-08
6.73700505721881165e-08
3.97030603950592909e-08
2.111458675678355e-08
1.13353066469788994e-08
6.08683729384577336e-09
3.21212234616512553e-09
1.7401834311281917e-09
1.11005758801782256e-09
8.91398751293932842e-10
6.61655230112984928e-10
0.0798661408784100135
0.0797806314844883846
0.079648387417574934
0.0794492239676306278
0.0791575520984230119
0.0787428419149097114
0.078172197662778678
0.0774170498134331836
0.0764687116218578933
0.0753491791013593121
0.0740162836606825247
0.0724374016898589879
0.0705980781278128106
0.0684989066925782708
0.0661416877203486048
0.0634132575173423363
0.0602393326963367934
0.0566859904876788265
0.0526423820636123391
0.048122289892075204
0.0432504316507293582
0.0386335638941802395
0.0336215666124066379
0.0267098391653213113
0.0212496430913554427
0.0181402094252471162
0.0162699686250990447
0.0139381098492314323
0.0110177719178809891
0.0091715997346242268
0.00736982785911199575
0.00573985464765996035
0.00455731472399038481
0.00358660902093764326
0.00277298892489358803
0.00213971515243413643
0.0016037751185962229
0.00115851460125439786
0.000787569467989600422
0.000480656323026892169
0.000272415914687040601
0.000209869246212546722
0.000168591116045586876
0.000138348730254986469
0.000112601925615414382
9.0253881761806113e-05
7.16901939081183352e-05
5.52160616097224248e-05
3.83476389094135315e-05
2.26939694335001173e-05
1.26666464118185242e-05
6.9077455497206369e-06
4.62884406798864619e-06
3.60043692507062336e-06
2.57141055181219904e-06
1.73332985852015964e-06
1.25771030346445298e-06
9.44323209207526694e-07
6.05082738990531864e-07
3.05371437801197677e-07
2.02327631139549573e-07
1.52445394227512533e-07
1.1891181029976664e-07
9.72426760607653448e-08
7.55550080096403531e-08
4.75415545814649042e-08
2.63209046028352316e-08
1.45527291760312914e-08
8.19385858437028175e-09
4.72706075577308482e-09
2.78689784926856027e-09
1.6903397429742239e-09
1.06146084836318124e-09
6.4249807281832924e-10
3.8402298070366675e-10
0.0798718590706330306
0.0797894571402286146
0.0796653907631776903
0.0794793630694889536
0.0792078431853295989
0.078821868312094881
0.0782883920747986656
0.0775744223628768992
0.0766567977446501875
0.0755461868466513059
0.0742424981799967992
0.072694782736998434
0.0708758063044849229
0.0687718654648335342
0.0663748491660684781
0.0635766765221522923
0.0602281431507320428
0.0564734811369742504
0.0522576123532040721
0.0474581190172995229
0.0422838271113879713
0.0369240322351059302
0.0303954306155591672
0.0256438318847941119
0.022909814690238825
0.0204801585602571931
0.0175465251808324257
0.0142896474918466562
0.0109803164565953574
0.00896393239777879859
0.00685243080841807083
0.00543166736742010502
0.00437511720926826893
0.00350626260991732715
0.00258038655299324803
0.00193545123571735225
0.00151366946865407284
0.00114188681094643733
0.000751766572830632929
0.000424845917229550697
0.000278382736495840042
0.000222997762837118675
0.000180378663486163661
0.000146420138360808024
0.000117957687513225477
9.4439981196344736e-05
7.55617638324464886e-05
5.8262008669426585e-05
3.7942641652400582e-05
2.01386659334412974e-05
1.16469349189334964e-05
8.89387515924785188e-06
6.90036272219993717e-06
4.8891160065975277e-06
2.67637263673943071e-06
1.88473600000709821e-06
1.42480785876381749e-06
1.06038367393891464e-06
5.48025753295822356e-07
2.80391854272575083e-07
2.05567077015698159e-07
1.56664244635824188e-07
1.18706439349773714e-07
9.3502513675990559e-08
6.14869324754654722e-08
3.33128019952148048e-08
1.8557210567661678e-08
1.08551852851129408e-08
6.57671669038222605e-09
4.01150265772426474e-09
2.4970906357890527e-09
1.62800183936376027e-09
1.10403874744649537e-09
7.43567971471467147e-10
4.38811083730450467e-10
0.0798795046749396498
0.0797963841573587351
0.0796754670627534411
0.0794941911652597005
0.0792283675971053314
0.0788484788976068773
0.0783199755668960163
0.0776052874789249364
0.0766695943969149252
0.0754958693909294071
0.0741112589678342426
0.0724747788819567473
0.0705305098203824893
0.068242086104882832
0.065585533804216764
0.0624220942113251701
0.0584643833717284692
0.0539420101123766968
0.0491941533213008791
0.0444830572275694072
0.0394580984539260812
0.0339446270632315639
0.028336307975585999
0.025800912887486753
0.0237127198346796866
0.0219706499395050658
0.0196310208981210696
0.0162063170899559225
0.0129441542822605338
0.010285639718645748
0.00802768423093553653
0.00613310679556114922
0.00466864541006000063
0.0036151587620806688
0.00276140911419255541
0.00202435839779296087
0.00144168040137257177
0.00100127067666686931
0.000640774577678387101
0.000410007694018408003
0.000322336834399992674
0.000254898502831875026
0.000203969657101821223
0.000164121807801437513
0.000130984829118738216
0.0001040692118612973
8.21088637375265369e-05
6.11592386143779463e-05
3.61339518273308619e-05
1.88559235174978316e-05
1.28293968114353477e-05
9.96819657997956575e-06
7.69839516787409036e-06
5.36331055094704838e-06
2.91864416366183565e-06
1.91035976035103893e-06
1.54213388599707024e-06
9.75389637578279989e-07
5.02811803011578427e-07
3.4030327725392785e-07
2.58509812763336943e-07
2.01622314609547016e-07
1.52856690464685204e-07
9.60967023507287565e-08
4.66785949026118481e-08
2.37648378092263388e-08
1.74746585914570206e-08
1.33691152365741373e-08
8.03662121565979569e-09
3.92548613279816857e-09
2.78175637584451728e-09
2.05534036657083121e-09
1.49781374339448529e-09
1.03533792079258906e-09
6.05343194581787786e-10
0.0798781273973003803
0.0797908909346501105
0.0796627004045651621
0.0794782810344911717
0.0792088377034493724
0.078824916384202276
0.0782916953014526074
0.0775715910364487699
0.0766294321859210259
0.075442853745050456
0.0740252267746928927
0.0724218196750003457
0.0705743951799605862
0.0684579549124590819
0.0660688653199515696
0.0633140679875717344
0.0600251519900525596
0.0562129415508159647
0.0509074826119854593
0.0437712660765578535
0.0374009030789281688
0.0323535540295266308
0.0301561044416627302
0.0279628553278865079
0.0250958689562180287
0.0217761356763279158
0.0180599234606218205
0.014683577303970444
0.0119890301323759916
0.00984135308132180232
0.00815480567463254362
0.00678640129550180018
0.00556814049570287205
0.00439526241608992427
0.00311247909841805151
0.00210223634311990744
0.0014291535161907599
0.000979793371335305674
0.000633234003522276968
0.00047450581745929959
0.000368461993875819258
0.000290067108357389602
0.000226119850409438826
0.000174804991855543121
0.00013500910717400484
0.00010457045945564963
7.93112370263022179e-05
5.57966059969116062e-05
3.07891968151865301e-05
1.7368509834555755e-05
1.33514742150536893e-05
1.05691127399114717e-05
8.20706528340593219e-06
5.7391193884630266e-06
3.27543515714025634e-06
1.98883468983603959e-06
1.20410294929830324e-06
8.64812919487964484e-07
7.03550160330316877e-07
5.64792847517645943e-07
4.35535092931871269e-07
3.05435154900752741e-07
1.63268480229876957e-07
7.51723773223687464e-08
4.99194086583046325e-08
3.4673497086196341e-08
2.45844727679600909e-08
1.71037161855044549e-08
8.81023191752581175e-09
3.77763588730445484e-09
2.31065568857841608e-09
1.67632635649625096e-09
1.22970484024030099e-09
8.63264282384196963e-10
5.08008729018937029e-10
0.0798863878970540592
0.0798066476647853046
0.0796728788285601397
0.0794626741365495604
0.0791666299310749
0.078785236326666036
0.0782440106597331458
0.0775119634393951901
0.0765580129598875669
0.0753603135955116382
0.073919508248459595
0.0722902154477455122
0.0705314365703679502
0.0686239642467418587
0.0666099374858818288
0.0644084490970185247
0.061526306731770411
0.0570337657714262564
0.0498564112844856328
0.0445241321969252965
0.0413180884761267103
0.0383670019352765207
0.0347450727722217398
0.030360442466551691
0.0256586275422086944
0.0211657668558111779
0.0172404996362331385
0.0142065163547365272
0.01198953778385764
0.0101368732285659815
0.00846149396461809075
0.00692859645950873182
0.00555132375576798762
0.00429871707016905077
0.00303172558414562107
0.00205380523866689844
0.0014043479967641105
0.000975123108168266602
0.000650309890717555008
0.000488645344186991633
0.000376012193192562267
0.000292113819375614382
0.000225808048797897421
0.000172483292426136577
0.000131118459546955991
0.000100366810322647789
7.44442278814416974e-05
5.07732173785766021e-05
2.81965521701029411e-05
1.83707601201569168e-05
1.4933414449705123e-05
1.22154413424007976e-05
9.38629634668227012e-06
5.85913072325652065e-06
3.27015001250893719e-06
2.48863767756165396e-06
1.94016704278385208e-06
1.52563471876889564e-06
1.09887076354575445e-06
7.37559221547229899e-07
4.76105973774842655e-07
2.59187208336412122e-07
1.36983429646367107e-07
9.75810871577632514e-08
7.05456621811435875e-08
4.98760071848995715e-08
3.3581220812120703e-08
1.93477556195909295e-08
9.74846022073369081e-09
4.84911974143348951e-09
2.87390813584073202e-09
2.21855582521606056e-09
1.70953731078270444e-09
1.23567293501490381e-09
7.12080041723480187e-10
0.0798882137519494606
0.0798193044605221835
0.0796972521269526252
0.0794915355135081825
0.079164661952505766
0.0787669061366655515
0.0782190424090297293
0.0774644026550121434
0.0764621377914171257
0.0751822112810384136
0.0736147174792920467
0.0717857027323922925
0.0697921785615658596
0.0677337627046703389
0.0656159215370919341
0.0632386345324789795
0.0598296315897308278
0.0545400412975431542
0.0497265798385566823
0.0471209459194337973
0.0445802813128484618
0.0409091196127305615
0.0362929453961546022
0.0313657514602464355
0.0266213934362611107
0.0222196853040020834
0.0181919529081928655
0.0147130536910085683
0.0118009287208823734
0.00955248324462418252
0.00778063501997195307
0.00635298513082826685
0.00520693497181971658
0.00413226233842639307
0.00289235212227724383
0.00191827340201144525
0.00128412810185613902
0.000885782282540786879
0.000613077977100219703
0.000451953390854892831
0.000363316039916920764
0.000293048933457816052
0.000235574680755926813
0.00018703547674414007
0.000146869432831721845
0.000114911984644869977
8.83078816596320136e-05
6.26156012432750792e-05
3.56526764211794549e-05
2.39592891976373397e-05
1.91172531465338052e-05
1.50052854021808952e-05
1.08273128488882052e-05
7.04766795428361108e-06
5.45234437242351552e-06
4.09728071791658448e-06
2.89549644105534276e-06
1.7269232050284505e-06
9.54884067073390185e-07
5.52564406180606867e-07
2.81390390898715131e-07
1.82197411657017473e-07
1.35679080085531566e-07
1.01885975600189182e-07
7.465742179040674e-08
5.1718442952156938e-08
3.2166568809125742e-08
1.80078587199381376e-08
1.047363125471205e-08
6.4376914643928686e-09
3.89414423041934746e-09
2.93086469878582025e-09
2.37812628395539024e-09
1.80092491383217948e-09
1.02118178971572583e-09
0.0798746595086707728
0.0798056158258509674
0.0796851545716675685
0.0794690495009224007
0.0791266083222788158
0.0786171098439946564
0.0780572501210276271
0.077297242958136142
0.0763084609529238733
0.0750728514773851413
0.0735916694839423291
0.0718945608266555736
0.0700741343513255899
0.0682229752929021382
0.0663255810569568366
0.0641306589855673154
0.0608278352553025953
0.0554951922116107138
0.0504814696268475679
0.0479666984339662747
0.0452631624989456791
0.0410894544489912722
0.0362948335573269956
0.0313452422388545981
0.026449578532554547
0.021783556224937585
0.0175513057447658806
0.0138742386081221556
0.0106977818707649185
0.00798746685917487223
0.00617122040727165373
0.00508007934314327024
0.00432446831358971554
0.00344670960412953205
0.00250866752369622182
0.00177801603842750434
0.00128663810324950475
0.000951730108802386829
0.000698812897040347104
0.000508472286712467617
0.000418025642821566088
0.000340821084847639814
0.000274706762032820954
0.000216944646751486027
0.000168044534581325962
0.000128705802462568544
9.79696573647763114e-05
7.04998645774642584e-05
4.2019328341349659e-05
2.26630895771502218e-05
1.70280542460034888e-05
1.31378332758719886e-05
9.6083751403842059e-06
7.29463653491680408e-06
5.61438623501101833e-06
4.1180229625040967e-06
2.72318413534342292e-06
1.40138384524372885e-06
6.47578469860239128e-07
3.31427214920671506e-07
2.39083391334178281e-07
1.79698266693600854e-07
1.37055872370906005e-07
1.03119188838290779e-07
7.23395421930470846e-08
4.33201385467276376e-08
2.54026748436347052e-08
1.51596657140664105e-08
9.59361342708647477e-09
5.94485432178570428e-09
3.67730348232904892e-09
2.70561007378728927e-09
1.8353089581358131e-09
1.30633596331956312e-09
8.78977574983887195e-10
0.0798576101097003971
0.0797806617461829931
0.0796497149428370965
0.079410649564708724
0.0789679136467000414
0.0784159963474994476
0.0776929289653984917
0.076761582587084598
0.0755909110063964357
0.0741765248536290361
0.0725481488236136424
0.0707707864968372125
0.0689557690936250106
0.0671484296375575856
0.0652648007849225137
0.0629285033861531062
0.0595193641285349864
0.0545367408627028399
0.0515560020196894966
0.0492032104241231713
0.0465652567870083675
0.0424809547827722511
0.0373147066088061752
0.0318271580755303887
0.0265702271660715368
0.0218907944675493724
0.0179260546353501964
0.0146368964508052507
0.0118477454502672538
0.00936360904759902385
0.00741705147679137811
0.00586824764675335665
0.00456247995916692246
0.00340710172479929702
0.00241872605598180551
0.00168582892415158826
0.00120900478837485895
0.000888440066683771784
0.000641529776431002123
0.000471135969476886704
0.000387744278928074031
0.000317086552385738285
0.000255944761876382703
0.00020256986061505721
0.000157100705836563483
0.000119892004153610883
9.07251924766556224e-05
6.50049448053403579e-05
3.78765697054698192e-05
1.97280456154882017e-05
1.45354515955968489e-05
1.11104138816870185e-05
8.13255478322267887e-06
6.08640822156053415e-06
4.65177063317989346e-06
3.47436060329692153e-06
2.39304230240826155e-06
1.2171799175005887e-06
5.33838388246500561e-07
3.57158456296537514e-07
2.53790949972863397e-07
1.83928196828618981e-07
1.30191338935451897e-07
9.03457209447897978e-08
5.72501141499655254e-08
3.76493140486515634e-08
2.70875324285783827e-08
1.98252717691899684e-08
1.39409134678335544e-08
8.64301863865396739e-09
4.59040813108173037e-09
2.60270496170012281e-09
1.61130137394733557e-09
1.14047671101551909e-09
7.46677778796534499e-10
0.0798860083486658407
0.0798255380170951323
0.07973029462207884
0.0795581606178442924
0.0792389132795645185
0.0788559339472840598
0.0782286621087990158
0.0775034936451508144
0.0765704379734098856
0.0754176921461228306
0.0740642185645720708
0.072579185816835895
0.0709597571253857973
0.0691507546364219655
0.0671737924072127596
0.0647350984088560788
0.0613506475502621912
0.0565996840135429696
0.0500209710702420665
0.0470503064735545568
0.0446979286601563788
0.0410284438833054196
0.0359791091930726017
0.0303609300770984712
0.0251251837714210301
0.0207894522242637741
0.0173969440744326936
0.0146372660212894367
0.0120863595781499546
0.00972043022820351724
0.00771370988157138882
0.00603544149015318877
0.00461736648151320726
0.00339574262605758879
0.00237018697947510111
0.00161281948868042591
0.00112412724593751487
0.000801465778939712114
0.000552284517624246959
0.000406415691135088102
0.000331283452696787045
0.000270455420396767648
0.000218833114761716606
0.000173967778255008665
0.000135986411710004978
0.0001057130549705542
8.17720194970160646e-05
5.90919364424421519e-05
3.38150370104075703e-05
1.80614020712993118e-05
1.34067731126195927e-05
1.02906348649089464e-05
7.77270537101413214e-06
5.110738312008268e-06
3.91078621566814676e-06
3.01366415665345928e-06
2.16850003423706249e-06
1.19454542317722161e-06
6.84019100138505846e-07
4.64144670320272871e-07
3.20238943815678479e-07
2.19004709293523596e-07
1.42081673189286552e-07
1.04561246203165681e-07
6.35143754783360945e-08
4.38421535000774149e-08
3.15662077018896656e-08
2.26416515099736491e-08
1.53761621519768949e-08
8.9583385359087097e-09
4.55767095403834738e-09
2.57460612481494984e-09
1.65418693178372134e-09
1.15396789743806474e-09
7.30509731291442173e-10
0.0798941072068302116
0.0798380116020144387
0.0797616303467214433
0.0796257975214638147
0.0793751081056314617
0.0790671345086079447
0.0785803569488566916
0.0779493041271690779
0.0772016169132369728
0.0762795281906516048
0.0752485411152548217
0.0740026052940808005
0.0723217250181967669
0.0702590942111444433
0.0680483560903389489
0.0652415894877270697
0.061697501148222679
0.0565914383167684665
0.0482153928539751017
0.0441263035338116255
0.0412411204521890631
0.037636274340087629
0.0328612693433785116
0.0278863406265135796
0.0236339539177981388
0.0203771019670271093
0.0177973847534852007
0.0154075541994290709
0.0130446129931571994
0.0107488704535097582
0.00860525158540791264
0.00669252985595079636
0.00503694471548310398
0.00361800427933319391
0.00245089688363883456
0.00162316779048891891
0.00110250934522759217
0.000762071760608640323
0.000487336977816984714
0.000373162411009260822
0.000296992737808721228
0.000240194148533277093
0.000192469960010637896
0.000152069005354992935
0.000119009437471379582
9.41835416126700261e-05
7.42925658507020688e-05
5.26911481737839937e-05
2.95403562903416835e-05
1.75185718863355429e-05
1.35712089354643796e-05
1.05797702464009674e-05
7.9453198266275647e-06
5.27697253819068464e-06
3.4094883713093559e-06
2.62626451974044772e-06
1.90866143583587965e-06
1.09245044980275012e-06
7.63056615682773044e-07
5.33508408721609668e-07
3.67783249373453235e-07
2.38989322598159977e-07
1.63041975496637546e-07
1.20456529530527668e-07
8.2815686319621071e-08
4.05312182015792144e-08
2.78138431258997444e-08
1.97987603041757819e-08
1.38588935257163994e-08
8.86600807406101794e-09
4.44161097658950264e-09
2.42728416690039344e-09
1.52571327298484566e-09
1.02911978155504052e-09
6.38228932504989066e-10
0.079836744696552539
0.0797633671174979159
0.0796842110197323039
0.0795537104432176151
0.0793251395871836518
0.0790933421825344707
0.0787393604079823367
0.0781537920129110192
0.077513752369027536
0.0766645792161936429
0.0755734035734606374
0.0741117370550050947
0.0723235714538442709
0.0701619396922656818
0.067600174832597601
0.0645188874610605062
0.0605079452657266217
0.0542987636516879466
0.0475649149320355319
0.0444712360315894367
0.0414809770625719915
0.0377418993818518858
0.0330711166921531935
0.0279433958443050315
0.0232288473336982118
0.0192499584373952669
0.0158104243085996528
0.0127959728491189306
0.0101903700950616485
0.00798134047160496338
0.00614249266498955414
0.00465696459060512859
0.00348079047418633136
0.00252263630897733024
0.00173822934494645312
0.00117881983801949343
0.000816823867442644674
0.000569613797114705252
0.000370054668043712611
0.000295716183721378943
0.000237939083336342953
0.000191227944940342123
0.000151933504722783001
0.000119126503589880921
9.28103734957819377e-05
7.40441042847737803e-05
5.79612503357014103e-05
3.62630836309231112e-05
1.96943625311011963e-05
1.39239265509732804e-05
1.09022210578032541e-05
8.47338914069945783e-06
6.24547102260782564e-06
4.17177727184665162e-06
2.425113950539296e-06
1.47138567816768133e-06
1.04620394705090822e-06
7.92253822204148821e-07
5.80358884009396472e-07
4.02676208643044185e-07
2.62905149621938278e-07
1.85272409288203034e-07
1.36615003902445651e-07
1.01389874296485688e-07
6.5215841927767362e-08
3.0715831724065797e-08
1.9304818312237601e-08
1.42624845457672179e-08
1.04741704932856341e-08
7.18721216481751617e-09
4.17698245529391222e-09
2.42578166643882871e-09
1.54309472008189091e-09
1.04456651322200705e-09
6.14585172136708475e-10
0.079424249000522279
0.0791877651342769023
0.0789394213381009735
0.0786141966302171535
0.0781170328907869471
0.0777950579200421821
0.0773394457495375914
0.0766243461572064938
0.075719911661967676
0.0744804947062374795
0.072824710169279161
0.070779341327186579
0.067925813093036122
0.0647534609554771684
0.0610958776600703177
0.056137651305722687
0.0496352505944627001
0.0415671106555389261
0.0373248757073874199
0.0347161696489759267
0.0323450059387442868
0.0293754170959858278
0.0257270322398236925
0.021963589787116225
0.0185089439683896184
0.0152825067060220702
0.0123022075816509018
0.00967547901469326121
0.00744410376399321557
0.00560801976101275423
0.00414360916806936434
0.00302372084264323918
0.00220821857925267541
0.00160373514683455451
0.00111827883025749286
0.000763476892966910288
0.000527404014167980463
0.000353790358974802506
0.000245325674106527611
0.000192722277195203872
0.000152034772884692337
0.000119166430560450985
9.21498205922801088e-05
7.07010495211634146e-05
5.49448519772563506e-05
4.1635732778214386e-05
2.59535480031475772e-05
1.420453671749611e-05
9.10132165302769553e-06
7.17428785385388624e-06
5.69793046196303281e-06
4.24785571665381573e-06
2.74493858408386257e-06
1.62084200103846631e-06
9.80208972453879948e-07
6.09440837070723283e-07
3.93183517567755574e-07
2.71008982872020581e-07
1.84495325287797919e-07
1.42089635554814174e-07
1.09133730958479285e-07
8.25348156206619046e-08
6.18288437006548049e-08
4.19434676625860905e-08
2.12048325465402036e-08
1.19238151381625553e-08
8.81993101280639874e-09
6.61078338591454772e-09
4.78404951029508006e-09
3.09040384716506922e-09
1.87648446004218387e-09
1.22170727836194084e-09
8.15695086896239497e-10
5.59232206353091335e-10
3.24992291169870423e-10
0.077534439134435279
0.0765691984132759323
0.0754926534285328132
0.0739438106540129259
0.0722333142496724423
0.0716125745378909939
0.0706951899405924011
0.0693057532428024703
0.0673074345937915985
0.0645275345398849537
0.0608749974015870624
0.0564056510745873027
0.0524898904968676971
0.0465507838115003098
0.0403310527001886771
0.035108726040960242
0.0302290876154212643
0.0256788394139217772
0.0218199888263888205
0.0183446300056451274
0.0155533884889327515
0.0131834929018889661
0.0110200468672771515
0.00911900298773051822
0.00747188217892306994
0.006036974878158477
0.00479616266795862469
0.00373717313260259936
0.00285443190268187298
0.00214182917841177108
0.00157984499212998294
0.00112879722297882612
0.000787694839347154521
0.000547267640385027602
0.000376139806241186062
0.000257029412950346425
0.000177886682259019392
0.000118678358766500643
8.75424438910470034e-05
7.10932127459858182e-05
5.77980322541616129e-05
4.58998256089258657e-05
3.52464662311176584e-05
2.64493236723322399e-05
1.78248364736542962e-05
9.45519177937412307e-06
4.66636403855222663e-06
3.24963576602042887e-06
2.36281835426121177e-06
1.70829142003233932e-06
1.13843207053186919e-06
7.1879639311531755e-07
4.63261147250815944e-07
3.09240710532290873e-07
2.0035501516325059e-07
1.30981558323476495e-07
9.14183009188424763e-08
7.05572224832241693e-08
5.37724313974514253e-08
3.98643941001673092e-08
2.84495590070183314e-08
1.97680570964140087e-08
1.2062379855536737e-08
5.6959645166661686e-09
3.02055349036078549e-09
2.18146397808662907e-09
1.60143555354639153e-09
1.16137182480072811e-09
7.52497319498390843e-10
4.88514872771715124e-10
3.02551733092568842e-10
2.08023378238287516e-10
1.65352071895444096e-10
1.24849505306741609e-10
8.48131159825644202e-11
0.0719285021904928212
0.0690625109863435283
0.0651251638288907059
0.0596911523464073029
0.0545607351262013332
0.0525113471177469787
0.0505698666816371406
0.047940008546415086
0.044415703580499219
0.0399944591532542665
0.0348950536315060927
0.0294892525046552348
0.0241060842663467778
0.0187926421089880322
0.0138061836091040013
0.00968193053789475656
0.00667310883704175586
0.00492790757647370518
0.00387621504454204336
0.00319777180442037609
0.00273976073142931506
0.00234602450585045565
0.00197546496956609811
0.0016153933702984717
0.00129136179002588823
0.00100502784908134833
0.000756492249246520877
0.000549017621030488162
0.000383604617869591708
0.000259553839819615746
0.000171874958961695101
0.000113286268375302192
7.62552086179928021e-05
5.38854250212969553e-05
3.94809296365592217e-05
2.9411758392288009e-05
2.14925852450252734e-05
1.5220299761486075e-05
1.14353008615697576e-05
9.47159062868929717e-06
7.40721920977491286e-06
5.45053201078433432e-06
3.28856737385401109e-06
1.58718132377291453e-06
8.3141308060403879e-07
5.29091431760997043e-07
3.2665076135258809e-07
2.11797903814134049e-07
1.6904190304747141e-07
1.27667179820023755e-07
8.08599516419784121e-08
4.4756632273479718e-08
2.87714209447791116e-08
1.99536865036428593e-08
1.43539796562268949e-08
1.03815634535982941e-08
7.56263669455061978e-09
5.18102341131374237e-09
3.23669451292896584e-09
2.07205174706693484e-09
1.32276434264023332e-09
7.88513493606917686e-10
4.21959674626116647e-10
2.20246333802330645e-10
1.40465311554719411e-10
1.1065796187041843e-10
9.01523399704203318e-11
6.99817725057317275e-11
5.17040112575316736e-11
3.56878367831310215e-11
2.34772414382492385e-11
1.80371394817572713e-11
1.37494680319277233e-11
9.6354017755156592e-12
6.08061502719096754e-12
)
;

boundaryField
{
    reactingWall
    {
        type            catalyticWall;
        gradient        uniform 0;
    }
    inertWall
    {
        type            zeroGradient;
    }
    inlet
    {
        type            fixedValue;
        value           uniform 0.0800000000000000017;
    }
    outlet
    {
        type            zeroGradient;
    }
    defaultFaces
    {
        type            empty;
    }
}


// ************************************************************************* //
