/*--------------------------------*- C++ -*----------------------------------*\
  =========                 |
  \\      /  F ield         | OpenFOAM: The Open Source CFD Toolbox
   \\    /   O peration     | Website:  https://openfoam.org
    \\  /    A nd           | Version:  8
     \\/     M anipulation  |
\*---------------------------------------------------------------------------*/
FoamFile
{
    version     2.0;
    format      ascii;
    class       volScalarField;
    location    "0.1";
    object      H2;
}
// * * * * * * * * * * * * * * * * * * * * * * * * * * * * * * * * * * * * * //

dimensions      [0 0 0 0 0 0 0];

internalField   nonuniform List<scalar> 
1800
(
2.59473992665624815e-42
2.5660844250947557e-41
1.74600845630116775e-40
1.00861867962149653e-39
5.23715741521919649e-39
2.49330161699748288e-38
1.09516003196638613e-37
4.45061333246135222e-37
1.67973964821985344e-36
5.92154016094178636e-36
1.96414878051546398e-35
6.1762351136774196e-35
1.84922836252524238e-34
5.24230464068021591e-34
1.36502293942627478e-33
1.55523098259850187e-41
1.46909064606369252e-40
9.55121038436753679e-40
5.27291326166980111e-39
2.61147705340976634e-38
1.18537368889979014e-37
4.96835245697780033e-37
1.92765962066368682e-36
6.94088981452651361e-36
2.32913436348622851e-35
7.32594187278578769e-35
2.17423736580494616e-34
6.12488800808224424e-34
1.63815393842844569e-33
4.07054943987600221e-33
1.08943135610811718e-40
1.02670151656673898e-39
6.64366683675105045e-39
3.65227945566367594e-38
1.79801557582548774e-37
8.09112717738992802e-37
3.35490619681914139e-36
1.28510341877834952e-35
4.55739623147771772e-35
1.50191379087763564e-34
4.6245159622484059e-34
1.33906135272576191e-33
3.669582406622212e-33
9.53721028603671915e-33
2.30878322271642211e-32
7.29087869558283551e-40
6.91578573581292784e-39
4.49761172619161562e-38
2.48601040063517998e-37
1.22982725491628153e-36
5.549859453072491e-36
2.30260813391674149e-35
8.80811893607869633e-35
3.11270505707987487e-34
1.01971606842286005e-33
3.11300042717742784e-33
8.91394653934129331e-33
2.41015745963986318e-32
6.17107401862333022e-32
1.47201702355689379e-31
4.59573473491686214e-39
4.38792947109640525e-38
2.87100851873527986e-37
1.5977524758811383e-36
7.96053360378195204e-36
3.61426078576424909e-35
1.50611684237872687e-34
5.77642647623886984e-34
2.04281188078899366e-33
6.68259849488705202e-33
2.0324271791293874e-32
5.78475590285863839e-32
1.55143050909412076e-31
3.93340827897020059e-31
9.2784205617555133e-31
2.73781848508732357e-38
2.63195468322029168e-37
1.73472201514340335e-36
9.72748303548666852e-36
4.88385420863475396e-35
2.23255785211169128e-34
9.35211706517403625e-34
3.59897612280545348e-33
1.27455440979091741e-32
4.16604477436078659e-32
1.26298051764983835e-31
3.5744611232123073e-31
9.50977785037018008e-31
2.38566682229234632e-30
5.52950075263121344e-30
1.54410900254003497e-37
1.49404846724029933e-36
9.91737057840748516e-36
5.60231356587761961e-35
2.83392225305830258e-34
1.30452356691342187e-33
5.49548169552738316e-33
2.12287444824331692e-32
7.53013600326958732e-32
2.45898150425668123e-31
7.42624848505325539e-31
2.08747106370939549e-30
5.49850298514527252e-30
1.35918446025639949e-29
3.05176749020452673e-29
8.25113638753276266e-37
8.03558356028052361e-36
5.37571940776032382e-35
3.06151270440379107e-34
1.5613267601396138e-33
7.24208785600144627e-33
3.07002365682100554e-32
1.19098692301145622e-31
4.23182181268292678e-31
1.38003271176717623e-30
4.14731700756620006e-30
1.15546003607731444e-29
3.00190230707681243e-29
7.24218712102875276e-29
1.56626772204007347e-28
4.17918532094683023e-36
4.09893052940592359e-35
2.76484049777232089e-34
1.58795417810353833e-33
8.16715227061666129e-33
3.819037657200661e-32
1.63021012459589854e-31
6.35580995965368193e-31
2.26353205920541939e-30
7.37275141310588386e-30
2.20346650537214381e-29
6.07228359231520761e-29
1.54790120081696733e-28
3.58423026642297832e-28
7.57497970083883564e-28
1.99910293588771609e-35
1.97659057763787791e-34
1.34592994807393456e-33
7.8060160595636312e-33
4.05484355853871276e-32
1.9145882690341653e-31
8.24328709394895278e-31
3.23520613397137115e-30
1.15660606560549444e-29
3.7673753075829034e-29
1.12020462919721256e-28
3.04879819738124866e-28
7.57983038843844319e-28
1.67714626029047854e-27
3.44603367722561604e-27
8.97614929949202676e-35
8.96970744589316709e-34
6.17621296628941176e-33
3.62152800198778745e-32
1.90251100073317424e-31
9.08546660921063698e-31
3.95242423213306766e-30
1.56457631809618221e-29
5.62850620974215905e-29
1.83838886294831287e-28
5.45196484052864076e-28
1.46676326440280641e-27
3.54481278211570266e-27
7.66235130799939303e-27
1.53597439162120414e-26
3.69413992902234186e-34
3.71910232368113262e-33
2.58190091970935059e-32
1.52717169611582799e-31
8.10018052835077208e-31
3.90837915746541499e-30
1.71736524093798222e-29
6.86164626564505316e-29
2.48860682826683035e-28
8.176017137425044e-28
2.43007752758737603e-27
6.51383352398683342e-27
1.5517025260008235e-26
3.37839920503342064e-26
6.8178506453995048e-26
1.38817289724878686e-33
1.40182427391646463e-32
9.77283857798576027e-32
5.81606892356154003e-31
3.1112206283993133e-30
1.51670201118385864e-29
6.73603723536461025e-29
2.7211217678690806e-28
9.97757112637433175e-28
3.31117354557187882e-27
9.93424578017177717e-27
2.69136820533628577e-26
6.58898109445421447e-26
1.46592814507344963e-25
2.96459788242186077e-25
4.72683998689507376e-33
4.77379022617495247e-32
3.33259742953695028e-31
1.990884083857158e-30
1.07318325232051556e-29
5.28502258178520487e-29
2.37260338043350491e-28
9.70018215651825228e-28
3.59953686114005859e-27
1.20891029326433045e-26
3.67400161959693452e-26
1.00956094591101857e-25
2.50984713200738354e-25
5.6619456907558534e-25
1.15098586286296929e-24
1.48605654972012649e-32
1.51184525479763753e-31
1.06375376412219854e-30
6.41389517336682253e-30
3.47879472855591718e-29
1.71559554957837828e-28
7.71051074747437884e-28
3.16051046040603544e-27
1.1822020878897209e-26
4.02852533786448246e-26
1.24629873572578222e-25
3.4930094744015661e-25
8.86509684909804459e-25
2.03617992144831373e-24
4.18871941689759109e-24
4.02500464362325105e-32
4.07992786372579022e-31
2.87532644943884616e-30
1.74765329140653891e-29
9.60145442615072926e-29
4.81304010971623808e-28
2.20471432879314922e-27
9.23211167169346409e-27
3.53029518112582102e-26
1.229655921656041e-25
3.8901910799559984e-25
1.11541693520365144e-24
2.89436241895540091e-24
6.77995332518020109e-24
1.41678604258505667e-23
1.01558182590484045e-31
1.03922696153929388e-30
7.45237797260640596e-30
4.64032403999652878e-29
2.61979256165270444e-28
1.35071411399541411e-27
6.36537222955495831e-27
2.74223004923102181e-26
1.07839721117917856e-25
3.86059276399252085e-25
1.2545400619053756e-24
3.69165045162576058e-24
9.81346753825007284e-24
2.34733428089753488e-23
4.98977693096954457e-23
2.22973252170606123e-31
2.31434369932855228e-30
1.70489606226673021e-29
1.10090338226056239e-28
6.46587251926073948e-28
3.46939226182385639e-27
1.7001930810401056e-26
7.59903386767540456e-26
3.08935055357306224e-25
1.1388186803566586e-24
3.79633911563553675e-24
1.14212609379991733e-23
3.09505961418079641e-23
7.53594166823753617e-23
1.63991426211945723e-22
4.20903595726244357e-31
4.54080074845553987e-30
3.53515453309436098e-29
2.42584145625932694e-28
1.51234350899683131e-27
8.58837572328227061e-27
4.43199560177177346e-26
2.07156920225626373e-25
8.73825879332286498e-25
3.3152052033849383e-24
1.1284618997094821e-23
3.44141003640864284e-23
9.39902356383475387e-23
2.30533032856223737e-22
5.20148338520695005e-22
6.11035823433643516e-31
7.12221501900725717e-30
6.05032514770046934e-29
4.48050670230075777e-28
2.99586390213047576e-27
1.81446837544891314e-26
9.90282957968036045e-26
4.84459098002865237e-25
2.11615389218509926e-24
8.22766054983631134e-24
2.84054465194339037e-23
8.69772722393948811e-23
2.36495653213038705e-22
5.78706763314844457e-22
1.43100722421371472e-21
2.81484223557643062e-33
5.6164273615775367e-33
1.08889844855660393e-32
2.02961451509651661e-32
3.59705398098181969e-32
6.00624919936187811e-32
9.40762921596695881e-32
1.44798523689864299e-31
2.26667299125866431e-31
3.53664213088625022e-31
5.47681773067873537e-31
8.01967634201140487e-31
1.11403678358038324e-30
1.60314709556415451e-30
2.42715348685283144e-30
3.81027006962645149e-30
6.04679416367942174e-30
9.48579724910461702e-30
1.45802081300056823e-29
2.21721677026079417e-29
3.30723047132630821e-29
4.85051002034113258e-29
7.11090919310752922e-29
1.02890550522081612e-28
1.44678957790766535e-28
1.92412604277245122e-28
2.47820902225942938e-28
3.24213145994371313e-28
4.32835000640529077e-28
5.84074314171328467e-28
6.90187623767013298e-28
7.57302649410290334e-28
7.88127839498807457e-28
7.91346354085705801e-28
7.84678783775465174e-28
7.68672394148912272e-28
7.42595372771567493e-28
7.16243515299952651e-28
6.92609269932863321e-28
6.77974085319617545e-28
6.76669600364228306e-28
6.83729349686256587e-28
7.00987820662432899e-28
7.3482727899202024e-28
7.88305659602163433e-28
8.68615501401088225e-28
9.87666862636922412e-28
1.15644211051820588e-27
1.37041194136138929e-27
1.60223234752560516e-27
1.86060381611250696e-27
2.16534438865177846e-27
2.52868400802918486e-27
2.94405917444579334e-27
3.40494126305803583e-27
3.84473591139865039e-27
4.09981423125956581e-27
4.10543757033381875e-27
3.97473573353750855e-27
3.73290717987874555e-27
3.38311901225991842e-27
3.03590904216644305e-27
2.76020753302496138e-27
2.6026703457613045e-27
2.54483021213909545e-27
2.5141621912199255e-27
2.47328674352855358e-27
2.42215348164557874e-27
2.36726336451072146e-27
2.33380832361386363e-27
2.33112497946854104e-27
2.35872089822445583e-27
2.41705236134718587e-27
2.49258017453903718e-27
2.58334759214759116e-27
7.97241654760373156e-33
1.53432663435630599e-32
2.91705394559726021e-32
5.45302144223025984e-32
9.9390637354089108e-32
1.74457895011349255e-31
2.9054576298938471e-31
4.54385622014971074e-31
7.06492110780207283e-31
1.11437240060214863e-30
1.73014589832976371e-30
2.54463402844634445e-30
3.61288317082202255e-30
5.1788207479457233e-30
7.63005803010797592e-30
1.16315213442676204e-29
1.81623712333822843e-29
2.84423016740312151e-29
4.37617610157547289e-29
6.54914163707554074e-29
9.65172811673772569e-29
1.40263162279849417e-28
2.07415518066253569e-28
3.16810873477750625e-28
4.82160769566579052e-28
6.91476144853739553e-28
8.98523573844628912e-28
1.14648861016044199e-27
1.46234315810324998e-27
1.93829952650238991e-27
2.6650358414534473e-27
3.29271646261544737e-27
3.53702058302123896e-27
3.65152064264925479e-27
3.77042524105794346e-27
3.82929743906046301e-27
3.83655145236778957e-27
3.82385504046684701e-27
3.79363540477970073e-27
3.74323310051310734e-27
3.74420885644940932e-27
3.77777546155026388e-27
3.84757283809844123e-27
3.97476481190020482e-27
4.19904412549906692e-27
4.47386436160017974e-27
4.87643553559894678e-27
5.53337834098776762e-27
6.59867511201079704e-27
7.98223955879436523e-27
9.42232580859986488e-27
1.08650700093558123e-26
1.24892466313334965e-26
1.43830861471636159e-26
1.65836667938759618e-26
1.8942927257873702e-26
2.14720184602291919e-26
2.25858692500464791e-26
2.25221859889690837e-26
2.19889473029136997e-26
2.107196418253046e-26
1.96740868216426622e-26
1.79612677400618465e-26
1.68772669258119576e-26
1.62930274321745204e-26
1.58816793498878319e-26
1.54380707541076943e-26
1.49446996344605584e-26
1.44882518076022076e-26
1.41874005751136323e-26
1.38514855230392411e-26
1.37033727592854959e-26
1.37488202729542949e-26
1.39421695235975493e-26
1.42746331190408916e-26
4.41512743000313714e-32
8.31324451693990838e-32
1.55032892468851377e-31
2.85592075004309774e-31
5.16549562011705189e-31
9.07737258201451107e-31
1.52715938427422519e-30
2.41405356799866489e-30
3.73682520828629045e-30
5.78331381052070426e-30
8.77565916280608895e-30
1.26679476690533189e-29
1.79951656009938344e-29
2.55921378772648983e-29
3.70542273995545953e-29
5.55148456072450879e-29
8.60037529103591648e-29
1.35220170154154328e-28
2.09516480069286638e-28
3.12574069032387182e-28
4.53706463338471208e-28
6.54882931305812948e-28
9.76630271969067559e-28
1.48054710717872736e-27
2.20719438714509362e-27
3.1987409837786348e-27
4.26761987131911582e-27
5.40230121761914864e-27
6.75506587476287965e-27
8.48420818901947022e-27
1.14464559624132907e-26
1.48260945666971825e-26
1.6537061211650369e-26
1.81750770414348646e-26
1.95846859290812594e-26
2.04515280228804434e-26
2.08569636621813461e-26
2.12462730918405004e-26
2.16051702775235199e-26
2.19783451442516771e-26
2.24306584394005984e-26
2.30022257169771347e-26
2.3783815552785117e-26
2.48300919370831326e-26
2.62887700963913539e-26
2.78346742410062032e-26
3.00685656768532226e-26
3.35154927766591897e-26
3.90513701564636287e-26
4.74199901824636646e-26
5.77966578825027354e-26
6.66411242784588374e-26
7.39821223695175533e-26
8.18476948496720257e-26
9.16405276760158952e-26
1.03347808674352421e-25
1.15729135339984094e-25
1.26791435426738592e-25
1.31568179045966514e-25
1.30681671755796387e-25
1.27832978892501489e-25
1.22987036348072361e-25
1.15847035941088805e-25
1.12506401379370748e-25
1.09847947359344637e-25
1.06844764479459331e-25
1.02745828562463313e-25
9.74910103008361128e-26
9.16722871970973907e-26
8.64579205088507053e-26
8.32210826146411673e-26
8.10819077585317e-26
8.08247174962208865e-26
8.15409317755946741e-26
8.33649977822821443e-26
2.78175609912547325e-31
5.17720705878000083e-31
9.54308717541670462e-31
1.73791025332043072e-30
3.11080705201929556e-30
5.43078214409829901e-30
9.15075136463143824e-30
1.45996424163318459e-29
2.25040774907375672e-29
3.43220843694442978e-29
5.03899894285618204e-29
7.21512638777089004e-29
1.01769329661067671e-28
1.42764386535406413e-28
2.02193157422924143e-28
2.96463894342273423e-28
4.50513117292186431e-28
7.03991436918626142e-28
1.09323800991260178e-27
1.63053733030419386e-27
2.31752267297900925e-27
3.36249841789506592e-27
5.02814604131384889e-27
7.49167987758605901e-27
1.09411130714429548e-26
1.55026540047595386e-26
2.14691982398447998e-26
2.75165492131162421e-26
3.32558939677687485e-26
4.15046753519764572e-26
5.36983502018389481e-26
7.24089324341359001e-26
8.33856156681393581e-26
9.11723949586628084e-26
9.85251373466850367e-26
1.03706184479953407e-25
1.06989060058652497e-25
1.11669905121362041e-25
1.17341016628890075e-25
1.23158439059830774e-25
1.29745642089828622e-25
1.36419947734058932e-25
1.45118008794097553e-25
1.52081081331077748e-25
1.59763818401490549e-25
1.70652429590841408e-25
1.86640741825770939e-25
2.10391099689591578e-25
2.46534790362073718e-25
2.98465550973150901e-25
3.57505775189724741e-25
4.11474866882760664e-25
4.50872652918298834e-25
4.83721389671230305e-25
5.24224684490401034e-25
5.69994689753083704e-25
6.25373528284051957e-25
6.66326464909423059e-25
7.00606826903120199e-25
7.10947835000795834e-25
7.0843984504742957e-25
7.02765198495182778e-25
6.93140007054747239e-25
6.86225012246111342e-25
6.77027496067349184e-25
6.59536464713245405e-25
6.30456018880293822e-25
5.86592530229926851e-25
5.41836765657856795e-25
5.03442248474914765e-25
4.75778840141649534e-25
4.69164876148860925e-25
4.69374693551258353e-25
4.73354199725379791e-25
4.82210071528274672e-25
1.74141241048508467e-30
3.21448132437114997e-30
5.87203790839724673e-30
1.05947860984797669e-29
1.88032790233137132e-29
3.26311406080476884e-29
5.49624545100480682e-29
8.90427398267203349e-29
1.37313088386048358e-28
2.04840688659632108e-28
2.98103265223351596e-28
4.25189773063994203e-28
5.97416574073353033e-28
8.32043221653594296e-28
1.16322415135690796e-27
1.68385359904922565e-27
2.52000550613776753e-27
3.85469697029106357e-27
5.96946605761925782e-27
8.70103788841411594e-27
1.24639404979675238e-26
1.83693759286334385e-26
2.70796689161947366e-26
3.92169108876222618e-26
5.58149485862764447e-26
7.76732864063946951e-26
1.07462813643858249e-25
1.37925993926485637e-25
1.6514794746139376e-25
2.04139184366680374e-25
2.65012571576281542e-25
3.36272026166217612e-25
3.70924439227846096e-25
4.05965149467605633e-25
4.56266295204984374e-25
4.92212598226793707e-25
5.19339824960560506e-25
5.57451342790187255e-25
6.08785418558085719e-25
6.63159304208871793e-25
7.23866531256873796e-25
7.8845413291126172e-25
8.34235111560226054e-25
8.74167138990544571e-25
9.29777230473615178e-25
1.0091253392030175e-24
1.12255598175272589e-24
1.29191438974162629e-24
1.54202256402412591e-24
1.88160422527412917e-24
2.18833133708180349e-24
2.46053579243459738e-24
2.65715538174535036e-24
2.80503733556259782e-24
2.99700469891742928e-24
3.18939533610606503e-24
3.40797579073916002e-24
3.6002684508018557e-24
3.69547626346760875e-24
3.75697648701099779e-24
3.78876506524470261e-24
3.81955248475183167e-24
3.8056283996279958e-24
3.76858586654900616e-24
3.70183204725728568e-24
3.58233249792829762e-24
3.39347226097657488e-24
3.12439755642074872e-24
2.90072833783469866e-24
2.74214751298658136e-24
2.66741325890622343e-24
2.64558414836318773e-24
2.65271769517547301e-24
2.67624379179003293e-24
2.72242248516478127e-24
1.03904296761506702e-29
1.90118935246808792e-29
3.44204175235574612e-29
6.15445329049561251e-29
1.08328160981576297e-28
1.86833386068964308e-28
3.13958046879586727e-28
5.10479372979187017e-28
7.93545799847553876e-28
1.18354293327616149e-27
1.71940504695181675e-27
2.44782014441655709e-27
3.43173285072651567e-27
4.76235311026990557e-27
6.60635216700378627e-27
9.44535928894404589e-27
1.39763603440656251e-26
2.10956326055983454e-26
3.22847034259545226e-26
4.78240353493624754e-26
6.97067097623143845e-26
1.03358947339184407e-25
1.54659545911607638e-25
2.12901954472901754e-25
2.97092056231832243e-25
3.9397374970668091e-25
5.26828393555572628e-25
6.48996764923007843e-25
8.2859040526621805e-25
1.09012053794990769e-24
1.25836444168512973e-24
1.51897580563632907e-24
1.68653829158309923e-24
1.87639657705787594e-24
2.03573780856236905e-24
2.24141427213551748e-24
2.4595019755885981e-24
2.71645825825753554e-24
3.04121000610870614e-24
3.43435497626322239e-24
3.86999612020762698e-24
4.23339056805710451e-24
4.45730835109810552e-24
4.7477137534663324e-24
5.13843188648487646e-24
5.67933706491832595e-24
6.42156439845460828e-24
7.54916763136438478e-24
9.20858852912106274e-24
1.11632182787302602e-23
1.27116439932594336e-23
1.39433050663198635e-23
1.48171575699503061e-23
1.55202803880898014e-23
1.63424921701012957e-23
1.71934101037310741e-23
1.79062203732542077e-23
1.8500028805210379e-23
1.90219156905393775e-23
1.94691228690798568e-23
1.97199762109760616e-23
1.98780863853255054e-23
1.99165679010375006e-23
1.97507386975088978e-23
1.93189057427167402e-23
1.86258241138436576e-23
1.76263440633187433e-23
1.65339414561128224e-23
1.56311772868280562e-23
1.49770844393110981e-23
1.45544011591842263e-23
1.43395012797789137e-23
1.42694378775769439e-23
1.42759698749805632e-23
1.43305963173898634e-23
5.815432447441119e-29
1.0551554429475911e-28
1.89079145798799473e-28
3.34745956847627494e-28
5.84234759064177597e-28
1.00175642982779202e-27
1.68008022992214516e-27
2.74117791373681124e-27
4.31630304079504948e-27
6.48965214752748839e-27
9.46324312358026343e-27
1.35018691506817301e-26
1.89383721016148353e-26
2.62345667370851382e-26
3.61776323826538109e-26
5.10297697778715382e-26
7.46850025223225706e-26
1.11338955500374159e-25
1.67228842247425569e-25
2.48926117362805711e-25
3.70014674771438304e-25
5.47738151927250174e-25
8.0580542427816544e-25
1.12032044371176565e-24
1.5491253366930749e-24
1.95761955494031604e-24
2.33903831711701973e-24
2.96140256492620116e-24
3.97972134054891649e-24
4.78035959985576574e-24
5.69125999485775518e-24
6.60091268740837605e-24
7.37112436596061975e-24
8.14907677934755294e-24
9.01615987009795442e-24
9.92182855076048801e-24
1.11328195376958743e-23
1.2681335919622097e-23
1.46121643063148264e-23
1.70269466455913643e-23
1.95368283874425197e-23
2.08229623527054177e-23
2.23462283140542605e-23
2.42282685393296566e-23
2.67437710291172496e-23
3.0077757450500777e-23
3.45603692193637171e-23
4.1344685230802789e-23
5.13494349471742602e-23
6.1844916934039295e-23
6.87700733513642089e-23
7.37473093511173431e-23
7.68830338472551497e-23
7.9668008705562493e-23
8.31516662751274282e-23
8.61175933172113184e-23
8.85315628648606567e-23
9.11375235113968648e-23
9.38142964479790351e-23
9.52783018020537072e-23
9.53534114812814595e-23
9.52117422235090854e-23
9.51149491072328471e-23
9.38769348333147651e-23
9.18072864331677496e-23
8.88231731608436959e-23
8.50623384425349409e-23
8.17659574535458613e-23
7.91430688292791399e-23
7.73799036254568491e-23
7.6366148713282734e-23
7.55086823781655441e-23
7.44228741345310519e-23
7.29806708476072754e-23
7.18684827380187721e-23
3.00760713315571842e-28
5.47405842908577848e-28
9.69430498351241408e-28
1.69761851974860183e-27
2.93563948733657962e-27
5.00281055004726093e-27
8.37289877119417802e-27
1.37000400437906985e-26
2.17846676212609332e-26
3.33108200431719372e-26
4.8961999388825461e-26
7.02003282122016874e-26
9.87015986472742633e-26
1.36615535038490327e-25
1.87332303039357137e-25
2.60762732149717533e-25
3.77659876743382315e-25
5.58008889353841787e-25
8.30113541407847882e-25
1.23487069381924354e-24
1.83594960063178464e-24
2.74366273025175057e-24
4.14856323509808997e-24
5.45240110158271648e-24
6.4850928932940519e-24
7.68030574920466206e-24
9.60345714205277077e-24
1.25190300843502148e-23
1.66879586709652242e-23
2.01832193938342869e-23
2.44419674024352884e-23
2.78804878874034111e-23
3.08751392687630915e-23
3.36994030994788883e-23
3.7783470560277986e-23
4.24991360175139342e-23
4.8520619258223294e-23
5.63585570543448762e-23
6.68659542607749319e-23
7.95392020229561044e-23
8.90695378801637363e-23
9.60178276451674647e-23
1.04879841621654023e-22
1.16175671067753408e-22
1.30741290635841379e-22
1.49260249762101839e-22
1.74164961148880634e-22
2.11491175947728286e-22
2.6619144826485047e-22
3.18053906711475363e-22
3.46155131898305446e-22
3.57307692391578924e-22
3.66335588520947882e-22
3.76892566485499901e-22
3.94208439204770869e-22
4.03721658980446644e-22
4.12709454388356067e-22
4.22398781616783971e-22
4.32931713800100957e-22
4.36033870230834135e-22
4.35623933095885469e-22
4.32836352508903205e-22
4.28860530023995949e-22
4.20631847051287662e-22
4.1054752606692107e-22
3.97158507061645665e-22
3.85757547505874944e-22
3.80305122226817716e-22
3.78301317059448042e-22
3.76422718442591903e-22
3.74115266126381964e-22
3.70927366971315348e-22
3.66307217325217476e-22
3.59121413732895125e-22
3.50798825071479035e-22
1.43076821244751685e-27
2.64197388963588532e-27
4.64560977812081901e-27
8.05565546391967537e-27
1.3791452227521188e-26
2.33368547804023185e-26
3.89581619424981955e-26
6.38769256688199487e-26
1.02336803985230858e-25
1.5916800797264328e-25
2.37377585439992837e-25
3.42749283492740743e-25
4.83688780839670803e-25
6.69745848239420597e-25
9.1456299738694881e-25
1.26026923000025339e-24
1.8090359728056043e-24
2.64768454793343217e-24
3.89147219240983995e-24
5.69778060283308858e-24
8.29989924554450918e-24
1.20060266842195791e-23
1.72621909140802419e-23
2.09886375587147774e-23
2.56397808252126666e-23
3.11540448362521666e-23
4.01120354585492441e-23
5.29922721959114339e-23
6.68610580709257556e-23
8.05489569194178207e-23
9.47050232130615709e-23
1.08966988335714432e-22
1.22248080130541166e-22
1.34609796495906946e-22
1.4872458477381724e-22
1.67521286229772706e-22
1.93047743602865332e-22
2.2931455408261488e-22
2.82685629851638666e-22
3.3530106493381502e-22
3.69145029496384681e-22
4.09898733468162409e-22
4.59097844510317953e-22
5.20264391993848539e-22
5.96453809733316339e-22
6.89975423193819235e-22
8.18243452328651942e-22
1.00836446444384977e-21
1.28193118846721447e-21
1.48995715647113363e-21
1.57284056986752842e-21
1.6160323167456286e-21
1.65095516657861869e-21
1.68878007034071775e-21
1.74686165285336701e-21
1.78806281206457897e-21
1.81394126854838978e-21
1.84014595126551501e-21
1.85292063781059372e-21
1.85651886867453305e-21
1.84588817258972045e-21
1.82049895943751844e-21
1.78052174242681236e-21
1.7291808898406725e-21
1.66805573321964892e-21
1.65086544502034695e-21
1.65607721531730432e-21
1.67308539794996227e-21
1.69540962456747954e-21
1.70731809440128586e-21
1.70480271669137602e-21
1.69538913438544578e-21
1.6775288563876235e-21
1.64575811742189746e-21
1.6058452485989889e-21
6.34354432281156673e-27
1.16195395869534424e-26
2.06215087764178227e-26
3.56162251633173755e-26
6.03203218684291776e-26
1.0091536884119512e-25
1.67374716221197586e-25
2.74263128102404341e-25
4.42375548590714361e-25
6.96780701229403063e-25
1.0615161551238441e-24
1.54900335194356918e-24
2.19761493208433884e-24
3.04767352351416251e-24
4.15055892444220469e-24
5.68339854966322564e-24
8.11265252876324701e-24
1.17771360534952505e-23
1.70453355743775093e-23
2.42209153252378334e-23
3.38783233775937273e-23
4.6801077901198322e-23
5.59541557837961599e-23
6.80637325969220946e-23
8.82451352983914444e-23
1.19306496484828234e-22
1.6413070778020954e-22
2.14468134352409334e-22
2.64143719689851647e-22
3.15938252025811645e-22
3.70583925638301695e-22
4.24640219889320625e-22
4.71114861659776314e-22
5.09062392998423568e-22
5.5710604280418161e-22
6.21986425108379155e-22
7.12835731954511626e-22
8.46890425546231546e-22
1.06475072787319304e-21
1.22085101659577589e-21
1.39237271136713763e-21
1.59262242123156786e-21
1.84484469691021826e-21
2.15500388412161207e-21
2.51915705826553453e-21
2.94398964863055852e-21
3.54278714912166527e-21
4.42055333062972581e-21
5.61043196902177861e-21
6.3388893152632007e-21
6.58510722139328462e-21
6.75718463937421249e-21
6.88865829760975412e-21
7.00409350831881165e-21
7.13485220123359744e-21
7.23008808625479566e-21
7.29468732240990165e-21
7.31186364367838504e-21
7.27287639800655709e-21
7.1814572484010903e-21
7.02019482512314801e-21
6.80507484154284062e-21
6.61006901182743289e-21
6.52320727868755884e-21
6.53241755704954948e-21
6.58148051339313349e-21
6.67730371911948809e-21
6.84022317978547258e-21
7.09094718244744236e-21
7.21963359680765902e-21
7.23022661082024109e-21
7.20026217741389048e-21
7.13809455928872328e-21
7.02332293379346584e-21
6.87357916959794592e-21
2.64912501157615342e-26
4.55952508682508191e-26
8.02972793811503872e-26
1.42474996613275728e-25
2.45888530017125123e-25
3.98919488487729314e-25
6.54466812088265274e-25
1.07283437983419828e-24
1.74137185346859608e-24
2.7772624777488243e-24
4.30928174811959603e-24
6.44514908727121215e-24
9.25778080141403676e-24
1.2946686518661096e-23
1.77564431632094492e-23
2.46242349840972302e-23
3.58535892431390541e-23
5.33356585960329444e-23
7.7822133975852782e-23
9.89817398023227235e-23
1.15931941354161268e-22
1.36306452631331572e-22
1.68373263684362114e-22
2.1921231761777352e-22
2.94403451207690997e-22
4.01068766474112016e-22
5.49343656372655952e-22
7.35178880553684699e-22
9.40812282860325445e-22
1.15483379330450257e-21
1.36498078953115219e-21
1.55848896372761602e-21
1.7156604350072016e-21
1.84290128553087804e-21
2.00169505828487067e-21
2.21593982587170319e-21
2.51534390879038787e-21
2.95862081407922616e-21
3.6854503456687583e-21
4.26234281018938476e-21
4.93162433943094072e-21
5.74263843027103183e-21
6.76979998848246838e-21
8.06662166955160361e-21
9.60460198024894853e-21
1.13447302769913051e-20
1.3767893187708977e-20
1.73134114634043052e-20
2.20302528564298654e-20
2.44460356678400612e-20
2.53224896914313273e-20
2.59374555328722094e-20
2.63905092792883153e-20
2.66772617614338929e-20
2.67820965507084459e-20
2.67529081782039339e-20
2.66103288447520958e-20
2.63238008691268189e-20
2.5837937969986153e-20
2.514183178816238e-20
2.43874566902412149e-20
2.37851171423067267e-20
2.36053553171835069e-20
2.36967959230395029e-20
2.396299577405543e-20
2.44565310917889903e-20
2.52710239140509798e-20
2.65072122765823995e-20
2.75982492068848551e-20
2.81310977453040589e-20
2.82537103947328932e-20
2.82025849240180948e-20
2.80582073156858209e-20
2.77824520528232663e-20
2.7370549464069677e-20
1.13039410585363326e-25
1.78883398731757436e-25
2.95044428027442777e-25
5.08085181356594952e-25
9.02057841184486292e-25
1.46349272599223782e-24
2.35517548141741295e-24
3.81890168560981441e-24
6.18655169074732657e-24
9.92181088137057984e-24
1.56236381057402244e-23
2.39284176438893834e-23
3.52372729964932886e-23
4.9925834357893529e-23
6.92193049774424092e-23
9.70568301449257702e-23
1.44067457416013809e-22
2.20299891117520997e-22
2.93937460300588056e-22
3.35991099921845708e-22
3.78250813491621311e-22
4.43848804086711647e-22
5.44523095125966561e-22
6.91071124203646253e-22
9.00032239042167224e-22
1.19369665722736249e-21
1.60086201271013706e-21
2.15777752830274965e-21
2.9143729506905092e-21
3.76936902774184832e-21
4.60384499729906681e-21
5.31122939888315002e-21
5.82013673505704361e-21
6.20249554666108488e-21
6.6908681313909405e-21
7.35215282733399288e-21
8.2880867227972408e-21
9.69294397637639163e-21
1.1911037974625579e-20
1.41339611160832597e-20
1.62768466001996781e-20
1.89946377765852692e-20
2.24651147014489767e-20
2.68929646613842565e-20
3.2264142700937383e-20
3.84470561669179164e-20
4.62777401930985204e-20
5.78135224933899293e-20
7.43959164486850823e-20
8.27447822853892894e-20
8.59755108436863827e-20
8.80999926527120047e-20
8.93181136692883051e-20
8.97158712311057612e-20
8.9437787561251354e-20
8.87592176408515389e-20
8.7526725846768898e-20
8.55903168100533677e-20
8.34641398425428678e-20
8.14180574951002972e-20
8.01292967716400188e-20
8.00141027059578991e-20
8.04694296810809822e-20
8.14661463538250386e-20
8.32615019606631543e-20
8.61290560483937572e-20
9.03064272034406166e-20
9.49007804964605783e-20
9.82012662885425877e-20
1.0002643294692932e-19
1.00836325238703736e-19
1.00930211439462464e-19
1.00758896992179469e-19
1.00378942234587335e-19
9.96951611116563924e-20
4.82197385240303562e-25
7.26116568874511864e-25
1.11420308450823848e-24
1.79767984482857058e-24
2.9881416440903396e-24
5.07395546334193527e-24
7.87549726867798564e-24
1.25167970125067315e-23
2.00525438882941911e-23
3.20145729926424702e-23
5.0470303181850953e-23
7.78307449324244365e-23
1.15716295211059456e-22
1.65442525243255488e-22
2.31566974568078072e-22
3.3016767124587675e-22
4.96128356604645994e-22
7.51673912627052998e-22
9.9874426227701048e-22
1.12337854915109059e-21
1.24556856567215447e-21
1.43766563196950925e-21
1.72229189507954935e-21
2.13229693653316246e-21
2.71068594289521346e-21
3.51523643825040649e-21
4.62559500609517561e-21
6.15194209960036013e-21
8.24220822353144611e-21
1.09599447485847944e-20
1.37018932518266278e-20
1.60868293750273476e-20
1.78015822055392112e-20
1.91412983950209317e-20
2.06479108355202969e-20
2.26650197033855778e-20
2.54884513356787268e-20
2.96583982187549672e-20
3.59822682092857505e-20
4.36306697644178663e-20
4.96680308188331034e-20
5.73494338643832724e-20
6.71384154559318261e-20
7.97307290372215349e-20
9.52382808805004454e-20
1.13545534361269967e-19
1.35839913506437402e-19
1.68217682631991625e-19
2.15812165908608199e-19
2.53832825905988423e-19
2.64665424122605822e-19
2.7016345981148515e-19
2.7220958411951377e-19
2.71627547989114673e-19
2.6966517575563851e-19
2.65995906052943129e-19
2.60104197325032131e-19
2.51619371416120986e-19
2.46326962147869076e-19
2.44913166850043654e-19
2.45682862268776075e-19
2.47908607847520797e-19
2.521214084029535e-19
2.59279133698776975e-19
2.70219782771321661e-19
2.8527580906728785e-19
2.99172752618413058e-19
3.10706701393044604e-19
3.18679277286348343e-19
3.23950665528591053e-19
3.26725834109095202e-19
3.27593961332064057e-19
3.27892632077296853e-19
3.28304064698524392e-19
3.29045615940541157e-19
1.86443325186119498e-24
2.76256898628251122e-24
4.09100763294094989e-24
6.21921042404188058e-24
1.01027914385081073e-23
1.54939171844299205e-23
2.40193727103727961e-23
3.76490953124877709e-23
5.9632669734313393e-23
9.4418069379189506e-23
1.47881293861024431e-22
2.26750570965209304e-22
3.36766133929685472e-22
4.85085676165716253e-22
6.86891986324621798e-22
9.96585979079752301e-22
1.51067293676766327e-21
2.37897155521524016e-21
2.96984857641183348e-21
3.40834727595157979e-21
3.81175745896261993e-21
4.36775189923822001e-21
5.16855112576424948e-21
6.28446113288700537e-21
7.81391004257902797e-21
9.89864117279735853e-21
1.27394919174243728e-20
1.66143053136542584e-20
2.18918539036828549e-20
2.88365525386583603e-20
3.6167486863560942e-20
4.29175158281905676e-20
4.83584732055373682e-20
5.27568862302640945e-20
5.74206876342744668e-20
6.35881690292509592e-20
7.20742863823472124e-20
8.44034718442088479e-20
1.03103875923093554e-19
1.23167134317912118e-19
1.39458329189233027e-19
1.60086465364782396e-19
1.86644087935147888e-19
2.20763343121643444e-19
2.62573553116285038e-19
3.11806347357063873e-19
3.71950314087774312e-19
4.57897306350008652e-19
5.82254651088786346e-19
6.78646230967764372e-19
7.06402544107022126e-19
7.20929367594288858e-19
7.27131227479258492e-19
7.27248419578514486e-19
7.23266513466161123e-19
7.15518321237316288e-19
7.02128835568036025e-19
6.84213237722345643e-19
6.76773307436920807e-19
6.78707926618797293e-19
6.86101748699949395e-19
7.00299721415794455e-19
7.24393657143452228e-19
7.61016420331343638e-19
8.14819687901861277e-19
8.58831801118902633e-19
8.88960681911536474e-19
9.11963871510999328e-19
9.3016480279655539e-19
9.44315945351960025e-19
9.54093485466890546e-19
9.59838642878562236e-19
9.66296668837890017e-19
9.75247100833017492e-19
9.88012365347845774e-19
6.82360203731461925e-24
1.0118847459997168e-23
1.46359156657269901e-23
2.14611182637522854e-23
3.28893995319703429e-23
4.67260842422614687e-23
7.2374146756276699e-23
1.07991455446383146e-22
1.64611286496866825e-22
2.5318470892632841e-22
3.8777395006609086e-22
5.8246917385811779e-22
8.59719677441502147e-22
1.25123494026519456e-21
1.78716682379736848e-21
2.60436680529999796e-21
3.91518664797967248e-21
5.91742075165692514e-21
9.10119870859165487e-21
1.05379008116275962e-20
1.15416040388244108e-20
1.29192021741208852e-20
1.49622377664355573e-20
1.78648779502270698e-20
2.1869734025629566e-20
2.7299870933859874e-20
3.46227529011199344e-20
4.45130570966654573e-20
5.7935062821808782e-20
7.42768249944756581e-20
9.12492808238518021e-20
1.07098383833867533e-19
1.2050874467661944e-19
1.32156404344280026e-19
1.45008623051582128e-19
1.62023914612258098e-19
1.85335993464187432e-19
2.19013541345345351e-19
2.7063971668996721e-19
3.16993534601152344e-19
3.57464442206659005e-19
4.0790243959538282e-19
4.73141998828264913e-19
5.56992392680090592e-19
6.58414535255048723e-19
7.74376283672664131e-19
9.2042961909484949e-19
1.13025665193408719e-18
1.41622195184371513e-18
1.61365353174664431e-18
1.67508575717281877e-18
1.71000060713867189e-18
1.7290159184789722e-18
1.73546951151767389e-18
1.73115540571454173e-18
1.71939525387946259e-18
1.69728720234653905e-18
1.67460895966136801e-18
1.67212221400275162e-18
1.68872010300224823e-18
1.7257788901813481e-18
1.79236922238233194e-18
1.89681439930636093e-18
1.99378781506210891e-18
2.17008725580169888e-18
2.28600399285601785e-18
2.36711312770665866e-18
2.42674483776271904e-18
2.47038802226900838e-18
2.50200254202998305e-18
2.52513579679192672e-18
2.545248110327528e-18
2.572209075691879e-18
2.61163807910081473e-18
2.66569047166631455e-18
2.33251102674543611e-23
3.49417350094022217e-23
4.95867526705103378e-23
7.23346089151643209e-23
1.08115556703112853e-22
1.49542123465757102e-22
2.16000734100927345e-22
3.16111549348170018e-22
4.59218901784169498e-22
6.77597530520791746e-22
9.84618477026241709e-22
1.43513802708133839e-21
2.13923362698382723e-21
3.16678447046245675e-21
4.53960819043352941e-21
6.72805717461500134e-21
1.01860753739342676e-20
1.5610445272702149e-20
2.38388581156004933e-20
2.80789050319461303e-20
3.11803965018780904e-20
3.5132834372269459e-20
4.09968024696977639e-20
4.9173257049795893e-20
6.0247909365915944e-20
7.46973257613637451e-20
9.35420086615105279e-20
1.18768889322692953e-19
1.49378329335387904e-19
1.82481379353690242e-19
2.16676471258965152e-19
2.50300400318056252e-19
2.80410093563757952e-19
3.07796096599991461e-19
3.39427569778498017e-19
3.81681609184467372e-19
4.39806904492297061e-19
5.23361898215654679e-19
6.54836111470436954e-19
7.40383641327107818e-19
8.35386495709280712e-19
9.48733299708448453e-19
1.09657899642658553e-18
1.28580927155398415e-18
1.51246419174309493e-18
1.7643448080574887e-18
2.09507077206064636e-18
2.57697638207586008e-18
3.13309980653358777e-18
3.43745654516998752e-18
3.54015576066378578e-18
3.61457604865080787e-18
3.67027287029308382e-18
3.70389748294359045e-18
3.71065242938486638e-18
3.70022628747690927e-18
3.67902362673983008e-18
3.67008704111848839e-18
3.69387010099759443e-18
3.75673924202021888e-18
3.87893385914475212e-18
4.1000492912997511e-18
4.33727020307918921e-18
4.58165806243974094e-18
4.94861630694604774e-18
5.49705162516935524e-18
5.6843143880163663e-18
5.79970221815307753e-18
5.87376945643860369e-18
5.92470525709789067e-18
5.98299894484365995e-18
6.04916215921434609e-18
6.13985612657704544e-18
6.27412565081457064e-18
6.45331729435114505e-18
8.33292927570321677e-23
1.25544959262102727e-22
1.73907839365715089e-22
2.54066681453660366e-22
3.76476290220263979e-22
4.92712256707727333e-22
6.63059246396533273e-22
9.6615381151954638e-22
1.33364792645197077e-21
1.90357715700639759e-21
2.73428363025786022e-21
4.00011088634519654e-21
5.85241949099952416e-21
8.63497731844305705e-21
1.27883336766185743e-20
1.93053141081594693e-20
2.95379075549482536e-20
4.51631822361678482e-20
6.23208574839008456e-20
7.09025772354477214e-20
7.9970577558027577e-20
9.25801273077923735e-20
1.10204449786537343e-19
1.34253874981617975e-19
1.65916976423669942e-19
2.05682729767549977e-19
2.54192946497525419e-19
3.11460097691142265e-19
3.72745304440812803e-19
4.31397821871329632e-19
4.89423988606737714e-19
5.51245238565240046e-19
6.1231962494269613e-19
6.71301044548096243e-19
7.42118755754629926e-19
8.37652944569722358e-19
9.71417451407936065e-19
1.16267955162050807e-18
1.42480790662823931e-18
1.58444914174614779e-18
1.77519984892058883e-18
2.01420503208265206e-18
2.32595489547510788e-18
2.72097916838549703e-18
3.19757891181555561e-18
3.74087505587423189e-18
4.45815791310606724e-18
5.49053593043396551e-18
6.29010071181122371e-18
6.59004924650332918e-18
6.74637219812092912e-18
6.8682649462804906e-18
6.97915341126723767e-18
7.06267843202454054e-18
7.11150473797554408e-18
7.14264883010286198e-18
7.18602392780276506e-18
7.25946792157210746e-18
7.39459620765743622e-18
7.63287735108608582e-18
8.05713014379142191e-18
8.49037229106968797e-18
8.96891145059624678e-18
9.58883178144572639e-18
1.05678483102889782e-17
1.16721564972419765e-17
1.20785412772596814e-17
1.22562856516224774e-17
1.23777422600319039e-17
1.2479016251087292e-17
1.26151134017396601e-17
1.27909630738086153e-17
1.30256868133172179e-17
1.33567763441261938e-17
1.38287454899432094e-17
2.87885518978065083e-22
4.51076982768908009e-22
6.36622199999785688e-22
9.28811500500158071e-22
1.40742996627468065e-21
1.7439762317103349e-21
2.24272274560430344e-21
3.07074222972143781e-21
4.24522474109959121e-21
5.9402864066273596e-21
8.47859503811956366e-21
1.18899427252653923e-20
1.72248588618490471e-20
2.55880245771778929e-20
3.82875261377471854e-20
5.70308296318625132e-20
8.4943473065862372e-20
1.29912318988547308e-19
1.60415307756720684e-19
1.84446408763344529e-19
2.113480464493021e-19
2.49395227243969877e-19
3.01535158344564439e-19
3.66134988511230292e-19
4.40242203327194916e-19
5.24931732694599432e-19
6.1751474919788861e-19
7.14498952165312756e-19
8.11456638382109733e-19
9.01990681684507312e-19
9.97288970677374992e-19
1.11480538718667793e-18
1.24438682554445552e-18
1.36918599915529377e-18
1.51313834105025661e-18
1.7070462810968784e-18
1.98255583771619946e-18
2.39939927706926324e-18
2.79485366700416555e-18
3.10239518696374146e-18
3.46710393370334047e-18
3.93802825620976883e-18
4.56104880281910975e-18
5.33942144370913507e-18
6.2665223278833097e-18
7.41955796200004545e-18
8.96100630348329715e-18
1.02187906280891485e-17
1.08390761602298299e-17
1.1087287197450681e-17
1.12783474694306248e-17
1.14853552621189477e-17
1.17394485389658363e-17
1.19641004217136917e-17
1.21497893584583821e-17
1.23812484171239283e-17
1.26893495814574447e-17
1.31168719911497754e-17
1.37779155391159197e-17
1.43556741374926859e-17
1.50801906370316567e-17
1.60009556873402616e-17
1.71650999060199139e-17
1.89030991386111546e-17
2.09617676681234583e-17
2.19997707549146534e-17
2.23613605506774602e-17
2.26043552847985993e-17
2.27991455529560531e-17
2.3044951416887675e-17
2.3386563795169786e-17
2.37274219386283232e-17
2.41415068929162569e-17
2.47115756671844186e-17
2.55847841307482482e-17
1.08583089127447628e-21
1.88443122607569217e-21
2.70065642069541005e-21
3.8328167704778173e-21
5.44777581538614095e-21
6.21500602832347217e-21
7.45454297660599218e-21
9.44586932508424278e-21
1.25979545573808062e-20
1.75476872683274127e-20
2.53281827936363553e-20
3.80302863300841152e-20
5.26584703734950593e-20
8.05909243817074017e-20
1.18545832870434835e-19
1.61283971521015402e-19
2.16586832767912112e-19
2.88094642368601217e-19
3.67849696347346984e-19
4.59013347219295388e-19
5.54650520046283451e-19
6.60304499878639048e-19
7.79772655045807002e-19
9.05738894358288983e-19
1.03347112730385746e-18
1.16139551942987089e-18
1.28960712982188556e-18
1.41960172112202445e-18
1.55248011286398251e-18
1.69125793011150318e-18
1.85633869922820903e-18
2.07371365709228304e-18
2.32067059154086857e-18
2.56272508095712347e-18
2.82662461831380772e-18
3.17649008042643223e-18
3.66536443857227815e-18
4.39944750024426395e-18
5.0024459173719219e-18
5.51235206135960068e-18
6.1312555358490913e-18
6.96325825557553456e-18
8.13065723382511961e-18
9.54285125762724476e-18
1.12689717987713534e-17
1.33037484582545376e-17
1.48261618367117451e-17
1.53902723269391823e-17
1.579036750601779e-17
1.6133480699245812e-17
1.65649874346922548e-17
1.71967436295813429e-17
1.7821884223463754e-17
1.83401152246053062e-17
1.89720126546070998e-17
1.98634102717740541e-17
2.07493047606419199e-17
2.1594905473616558e-17
2.26496034058029273e-17
2.39457620556630649e-17
2.54724229421527494e-17
2.71676513040135467e-17
2.95439629280676264e-17
3.24432417851864898e-17
3.40349385658894048e-17
3.46394928990339732e-17
3.51009981998015647e-17
3.54854635731285427e-17
3.60170565102007446e-17
3.67382403513093954e-17
3.77359593253214334e-17
3.84759738861811221e-17
3.89596693958893574e-17
3.95822331745512552e-17
4.03219010637668062e-17
6.11231530322133315e-21
9.84252071058998668e-21
1.21099064445721339e-20
1.44099606435291405e-20
1.73085760820734383e-20
1.88476924814506295e-20
2.08379043460603838e-20
2.44040426449027231e-20
3.04603111232499571e-20
4.02380643460233537e-20
5.54595821016106704e-20
7.86067847726668072e-20
1.13186448300405999e-19
1.64491899094775488e-19
2.39055236895065092e-19
3.43901603971198765e-19
4.85804895040998756e-19
6.41282330193180952e-19
8.06341677536026811e-19
9.7604383144079448e-19
1.14248028768147601e-18
1.30525594924789488e-18
1.46242459424583288e-18
1.61359392979713399e-18
1.75878159446044967e-18
1.90200871195577031e-18
2.04988916352103084e-18
2.21458528794848667e-18
2.41977069087633159e-18
2.6803619377847811e-18
2.98913242593002247e-18
3.32223613703698455e-18
3.66629211773012414e-18
4.04164601866503528e-18
4.50018913895676157e-18
5.10271157029908725e-18
5.89621560460443708e-18
6.89692768326684771e-18
7.94462287024353417e-18
8.75427505757404825e-18
9.85507569434646551e-18
1.12328293980020255e-17
1.34495134046092394e-17
1.59913462365296854e-17
1.7472922101619688e-17
1.81948740327511187e-17
1.89221880671963758e-17
1.96201981908686408e-17
2.00884686831502275e-17
2.06751375910461515e-17
2.15996239123436506e-17
2.29696366835648263e-17
2.41558878458529853e-17
2.52049969389800723e-17
2.62070338503768796e-17
2.73491071713353593e-17
2.87554445715778313e-17
3.07429444531613381e-17
3.32251787655411871e-17
3.55218284080704033e-17
3.76663498475628559e-17
3.97392401818677965e-17
4.16798452647574141e-17
4.32662057032615507e-17
4.44305457866439987e-17
4.53328342701512487e-17
4.60052151423751565e-17
4.66936944430347611e-17
4.75776813239343977e-17
4.89404373709484647e-17
5.03072433715975629e-17
5.09883860236204119e-17
5.14840410252778472e-17
5.19610783603188174e-17
5.23717875675453457e-17
)
;

boundaryField
{
    reactingWall
    {
        type            catalyticWall;
        gradient        uniform 0;
    }
    inertWall
    {
        type            zeroGradient;
    }
    inlet
    {
        type            fixedValue;
        value           uniform 0;
    }
    outlet
    {
        type            zeroGradient;
    }
    defaultFaces
    {
        type            empty;
    }
}


// ************************************************************************* //
