/*--------------------------------*- C++ -*----------------------------------*\
  =========                 |
  \\      /  F ield         | OpenFOAM: The Open Source CFD Toolbox
   \\    /   O peration     | Website:  https://openfoam.org
    \\  /    A nd           | Version:  8
     \\/     M anipulation  |
\*---------------------------------------------------------------------------*/
FoamFile
{
    version     2.0;
    format      ascii;
    class       surfaceScalarField;
    location    "0.1";
    object      phi;
}
// * * * * * * * * * * * * * * * * * * * * * * * * * * * * * * * * * * * * * //

dimensions      [1 0 -1 0 0 0 0];

internalField   nonuniform List<scalar> 
3490
(
2.06165132047938355e-07
7.1283934994281046e-09
1.98530945278669557e-07
7.63414870654446622e-09
1.91630988509352185e-07
6.8999185489004911e-09
1.84522600153929546e-07
7.10834980143028513e-09
1.7722292780313406e-07
7.29963251889054236e-09
1.70040092689638472e-07
7.18278776580987149e-09
1.63112572726402984e-07
6.92742940029424567e-09
1.56421773261527557e-07
6.69049755512482442e-09
1.49936956456197679e-07
6.48364800949631532e-09
1.43648253756493154e-07
6.28454829277618586e-09
1.37535646458418421e-07
6.0998592268231915e-09
1.31551944957874403e-07
5.95052260955820582e-09
1.25630841261496542e-07
5.84850671813897222e-09
1.19719109977639088e-07
5.77897630932576895e-09
5.68642879551433086e-09
1.13830181542878427e-07
2.14987586128302462e-07
5.43427110291288389e-09
2.15689151589184245e-07
6.93254518524801105e-09
2.15655678634329004e-07
6.93335328902351517e-09
2.15397509290491034e-07
7.36648065869805786e-09
2.14741490195436899e-07
7.95561250666617821e-09
2.13706799335056675e-07
8.2174371129987831e-09
2.12395944706487285e-07
8.23823104765098813e-09
2.10855647568592924e-07
8.23069024446109182e-09
2.09086717572171898e-07
8.25227089106889655e-09
2.07088247091716467e-07
8.28201967645172535e-09
2.04860985918178231e-07
8.32408271318613133e-09
2.02399122140908964e-07
8.40421065968302637e-09
1.99705657583891417e-07
8.52288176597645005e-09
1.96826610696499795e-07
8.61985849376990557e-09
8.55069167856160696e-09
1.93897749382567139e-07
2.15166378442953316e-07
3.56135391814191949e-09
2.16842954682393588e-07
5.25593087335680234e-09
2.18012574657762639e-07
5.76369509002606044e-09
2.19095290099679457e-07
6.2837267395655169e-09
2.20098026546496451e-07
6.95283714014332541e-09
2.20901162098916778e-07
7.41426152520822087e-09
2.21526066178003017e-07
7.61328288475774064e-09
2.22020478383714672e-07
7.73621785880945173e-09
2.2238250140863027e-07
7.89012747939481592e-09
2.22591566089829723e-07
8.07263238095816748e-09
2.22639637605803569e-07
8.27508905303846509e-09
2.22530495840300005e-07
8.51088465777833965e-09
2.22280974034786785e-07
8.76653763655136578e-09
2.21938342878241858e-07
8.95041752247184346e-09
8.87855957333473598e-09
2.21589315043066958e-07
2.14366054777528665e-07
2.48873475808762507e-09
2.15514874724878753e-07
4.10707285579621342e-09
2.16544468498860677e-07
4.73406308814774739e-09
2.17632078676422424e-07
5.19607808216959325e-09
2.18821043409493097e-07
5.76383352766093314e-09
2.20014006359085161e-07
6.22125890849899598e-09
2.21157774900069864e-07
6.46947249238120496e-09
2.22264966707605972e-07
6.62897685461197469e-09
2.23344169282734141e-07
6.81085076909452987e-09
2.24389344392848364e-07
7.02730435641816227e-09
2.25403504279558961e-07
7.26055187418704058e-09
2.26407173600389754e-07
7.50627369800834007e-09
2.27431600013445721e-07
7.73994195997735562e-09
2.28506561155763474e-07
7.87102602608094829e-09
7.74323615969957471e-09
2.29633989793166142e-07
2.13983315330479403e-07
1.79885232383078906e-09
2.15046572769748274e-07
3.04377733023011783e-09
2.1607957602671535e-07
3.70102158758172378e-09
2.17122535152283222e-07
4.15308045934118525e-09
2.1825450573089517e-07
4.6318240572423301e-09
2.19422693621918473e-07
5.05303140407771246e-09
2.20573491811531289e-07
5.31863293239464433e-09
2.21717804250431118e-07
5.48461777469939279e-09
2.22880521207395255e-07
5.64807077228374583e-09
2.24071336348737516e-07
5.83637827920186692e-09
2.25298941038663066e-07
6.03270845972037791e-09
2.26582820307350557e-07
6.22184790295899848e-09
2.27943619567297101e-07
6.37793266752023311e-09
2.29383076275699028e-07
6.4290811445788496e-09
6.25791270948954998e-09
2.30863691458333643e-07
2.13848156777729963e-07
1.24411632436872896e-09
2.14608767241479182e-07
2.28312877898199306e-09
2.15428873742213631e-07
2.88087683751023688e-09
2.1631701158171031e-07
3.26490411245912242e-09
2.17310410863408063e-07
3.63838585821437188e-09
2.18387677347666185e-07
3.97572524198013449e-09
2.19504349618045505e-07
4.20191915191098578e-09
2.20645042000413479e-07
4.3438785361879516e-09
2.21819573813884177e-07
4.47347571416264484e-09
2.23037425914430506e-07
4.61841656862473994e-09
2.24306414153273302e-07
4.76349076084935167e-09
2.2563983963568425e-07
4.88790908569618569e-09
2.27050174673062366e-07
4.96646725931597241e-09
2.28529786421801034e-07
4.9470992374717836e-09
4.7540035380619493e-09
2.30028926294472802e-07
2.1363768171967546e-07
8.99853511862182467e-10
2.14308708415338996e-07
1.61206397674712885e-09
2.15120570711790439e-07
2.06897627604915378e-09
2.16010072853439041e-07
2.3753634449176979e-09
2.16990862041822294e-07
2.65755771887035278e-09
2.18049057969801126e-07
2.91748952525019223e-09
2.19143722358651052e-07
3.10721293948895906e-09
2.20257761877217806e-07
3.22979142536550083e-09
2.21400857389255734e-07
3.33031425048929756e-09
2.22584964881207662e-07
3.4341908227700662e-09
2.23814974206586949e-07
3.53322805048237865e-09
2.25091922014169587e-07
3.61038601214998819e-09
2.2640959694015574e-07
3.64751018030290767e-09
2.27740352884584889e-07
3.61361965521272479e-09
3.46206642703955433e-09
2.29026728415844469e-07
2.13653474940548892e-07
5.39791746972406558e-10
2.1422961000309905e-07
1.03589080594517255e-09
2.14932181010464857e-07
1.36636700002537251e-09
2.15723863620640588e-07
1.5836423102530429e-09
2.16610202934485999e-07
1.77117946073935197e-09
2.17585309398784735e-07
1.9423432075405089e-09
2.18625140235755043e-07
2.06734003387771057e-09
2.19708804348279595e-07
2.14608012313496966e-09
2.20831589718185253e-07
2.20746382621678033e-09
2.2199685157782543e-07
2.26881273190146831e-09
2.23205215798069445e-07
2.32461742656209108e-09
2.24452722295965146e-07
2.36232405605541767e-09
2.25731168858284005e-07
2.36783287912131384e-09
2.27020147959238801e-07
2.32201624069168306e-09
2.1990612910282399e-09
2.2827796958416074e-07
2.13540638343277813e-07
2.92566153173389309e-10
2.14053543507283243e-07
5.22947507477464136e-10
2.14748050019618561e-07
6.71822197879965807e-10
2.15561184463746475e-07
7.70469336497482248e-10
2.16471371557821464e-07
8.60953480378031055e-10
2.17467320203537379e-07
9.46354693986432095e-10
2.18522663968963948e-07
1.01195479722741248e-09
2.19613246650719736e-07
1.05545006021360075e-09
2.20733017990568375e-07
1.08762827145921344e-09
2.21885733642842675e-07
1.11598576619942889e-09
2.23072635166161819e-07
1.13748123686531204e-09
2.24289195182398881e-07
1.14523681481007504e-09
2.25524336610154813e-07
1.13152241400924974e-09
2.26754553111479662e-07
1.08930795003455361e-09
1.01175232096702267e-09
2.27936986005817912e-07
2.13582319612715767e-07
3.65726423484937216e-12
2.14101097247751446e-07
4.13173100975360122e-12
2.1476983093698679e-07
3.05020213679858486e-12
2.15539105640699869e-07
1.15609235899785656e-12
2.16399935919965562e-07
8.45425635944484934e-14
2.1734608545533885e-07
1.65002237845392065e-13
2.18357374429407384e-07
6.23658953073762655e-13
2.19412616350799506e-07
1.60736518014619486e-13
2.20500343371094289e-07
-1.63900365539566387e-13
2.2161621752502793e-07
-4.4647241689128871e-15
2.22757768113288692e-07
-4.31604857669481346e-12
2.2392467872734805e-07
-2.22288593492489001e-11
2.25109550525403834e-07
-5.45782995876778212e-11
2.26296843593321451e-07
-1.00565269607295311e-10
-1.60518035213343104e-10
2.27464054808241368e-07
2.13589266465515153e-07
-2.92198641222592461e-10
2.14113545119098892e-07
-5.20185099445108974e-10
2.1478327000894239e-07
-6.66713029471381565e-10
2.15547376347929614e-07
-7.62988895729670606e-10
2.16398298451659433e-07
-8.50876954539260651e-10
2.17332411499245202e-07
-9.33987563537671863e-10
2.18330880019622802e-07
-9.9788639877885378e-10
2.19372108640075808e-07
-1.0411159993275646e-09
2.20449314416955983e-07
-1.07743557033139551e-09
2.21569083358666493e-07
-1.11988883538194096e-09
2.22733277669811406e-07
-1.16875533650562299e-09
2.2392988318405795e-07
-1.21938851839602823e-09
2.25144983679633442e-07
-1.27089120298350059e-09
2.26361617970750407e-07
-1.31952008562425674e-09
-1.35168761449230336e-09
2.27548502404869058e-07
2.13541029944931287e-07
-5.39815913945201414e-10
2.14055070881651405e-07
-1.03426423638365174e-09
2.1475038416906058e-07
-1.3620647058247908e-09
2.15563106216970345e-07
-1.57574964030277841e-09
2.16471666851082017e-07
-1.75947677229662178e-09
2.17464306728162639e-07
-1.92666719215895424e-09
2.18514511630393413e-07
-2.04813327794142929e-09
2.19598060071896062e-07
-2.12471186728380404e-09
2.20709147758499103e-07
-2.18858788701352778e-09
2.21850947490120672e-07
-2.26180194486321417e-09
2.23023222193204148e-07
-2.34126879005812216e-09
2.24219003891283208e-07
-2.41570810484062821e-09
2.25425219797238099e-07
-2.4782656915193914e-09
2.26617509156687533e-07
-2.51410559701743731e-09
-2.49479633991515147e-09
2.2775625244562936e-07
2.13652894519486365e-07
-8.99297403425775936e-10
2.14228642206617677e-07
-1.61005014501565477e-09
2.14931053300997698e-07
-2.064514202265656e-09
2.15722910057309399e-07
-2.36764509023516459e-09
2.16609506476837317e-07
-2.64611231543951265e-09
2.17584837779159182e-07
-2.90203831374754689e-09
2.18624520013694557e-07
-3.08785717051505449e-09
2.19707416704519439e-07
-3.20765726854898014e-09
2.2082759367410093e-07
-3.30883245622893264e-09
2.21985594824423781e-07
-3.41992357451295462e-09
2.23179760982450083e-07
-3.53569587468277585e-09
2.24406008360432484e-07
-3.64255030742648264e-09
2.25655086360418513e-07
-3.72862151511528884e-09
2.26905769448334952e-07
-3.76737556211961841e-09
-3.71048146620274543e-09
2.28116432605442642e-07
2.13637426560129977e-07
-1.24330517084387241e-09
2.14308266579803768e-07
-2.28092839295142961e-09
2.15120209436439762e-07
-2.87649546600794615e-09
2.16010092299129715e-07
-3.25756664451221593e-09
2.16991427511031628e-07
-3.62748664517854869e-09
2.1805016717901289e-07
-3.96081788634051977e-09
2.19145075545124864e-07
-4.18280754628359993e-09
2.20258475392270661e-07
-4.32110585854563858e-09
2.21398697518241487e-07
-4.44912291945203401e-09
2.2257539450522902e-07
-4.59674464362808404e-09
2.23790844157381592e-07
-4.75141701269198427e-09
2.2504346359372806e-07
-4.895795268451959e-09
2.26322649147020361e-07
-5.00919769130065205e-09
2.27594317887994777e-07
-5.04198069026499348e-09
-4.91468185320197148e-09
2.28792580163672879e-07
2.13848082578088555e-07
-1.79796715679539675e-09
2.14608674290299891e-07
-3.0415583434530928e-09
2.15428964630969313e-07
-3.696824223085678e-09
2.16317560658244904e-07
-4.14620136528743926e-09
2.17311623075320277e-07
-4.6215881858962399e-09
2.18389545736459337e-07
-5.03878044428186502e-09
2.19506449335771319e-07
-5.29975297045178601e-09
2.20646063908543202e-07
-5.46076792930903705e-09
2.21816484759111021e-07
-5.61960787411747639e-09
2.23024465621449033e-07
-5.8048362281059408e-09
2.24274357227780538e-07
-6.00153971930165849e-09
2.25575776728723874e-07
-6.19772700907590854e-09
2.26937831942623063e-07
-6.37236446996166924e-09
2.28351763098145145e-07
-6.45822947874534951e-09
-6.33864805430502182e-09
2.29771073199194065e-07
2.13983379154794493e-07
-2.48791358006064285e-09
2.15046834513913166e-07
-4.10505194532925623e-09
2.16080278275955674e-07
-4.73030640723328259e-09
2.17123953049254245e-07
-5.18991484074616734e-09
2.18256853382689316e-07
-5.75452764772694827e-09
2.19425970947588509e-07
-6.20793789777882331e-09
2.20577218671922968e-07
-6.4510423811056476e-09
2.21720520102983281e-07
-6.60411619441933063e-09
2.22878938494784483e-07
-6.77808831513961335e-09
2.24059176159956863e-07
-6.98517897025750363e-09
2.25265537010922161e-07
-7.20811698193645412e-09
2.26511481819706904e-07
-7.44414805339123163e-09
2.27809932016408502e-07
-7.67184204748733392e-09
2.29154618508138222e-07
-7.80503360779464553e-09
-7.69228215159159321e-09
2.30504097715276514e-07
2.14366148875099976e-07
-3.5606270558912823e-09
2.15515241194394679e-07
-5.25418251884171409e-09
2.16545367513405588e-07
-5.76047115654370053e-09
2.17633851254496916e-07
-6.27843729382407811e-09
2.188240201536649e-07
-6.94473569425703765e-09
2.20018371648118457e-07
-7.40232934775912617e-09
2.21163311680333948e-07
-7.59602438681341109e-09
2.22270612995984791e-07
-7.71146568662771045e-09
2.23347310932152831e-07
-7.85485411670537206e-09
2.24384962512789883e-07
-8.02295749052316853e-09
2.25383510275301693e-07
-8.20695219132561991e-09
2.26360373047494858e-07
-8.42168442135937627e-09
2.27344820259949949e-07
-8.65777667851436786e-09
2.28367503946919858e-07
-8.83070722630625007e-09
-8.76542878718531508e-09
2.29435228379391823e-07
2.15166591432958915e-07
-5.43375744425814198e-09
2.16843637407902863e-07
-6.93126676105917648e-09
2.18014109071614446e-07
-6.93098126372345242e-09
2.19098212947877721e-07
-7.36257989846759786e-09
2.20103016545668922e-07
-7.9495784979979331e-09
2.20909019713067618e-07
-8.20837281333622555e-09
2.21537709331613807e-07
-8.22475791977524125e-09
2.22036866564976067e-07
-8.21068054770585406e-09
2.22404453185853362e-07
-8.22254846070099511e-09
2.22619430250162699e-07
-8.23820803992932423e-09
2.22672871714875803e-07
-8.26115274529107109e-09
2.2256707025735852e-07
-8.31788159274117819e-09
2.22316765108150476e-07
-8.41218074500916114e-09
2.21966905504638134e-07
-8.49052641670921312e-09
-8.41661246961747652e-09
2.21601001287822276e-07
2.14987837611814581e-07
-7.12813157263297094e-09
2.15690049562537914e-07
-7.63351698633623587e-09
2.1565770311061151e-07
-6.89867326403736286e-09
2.15401506415531461e-07
-7.10642196278073513e-09
2.14748590019309818e-07
-7.29670154537264486e-09
2.13718616358302209e-07
-7.17844113791561486e-09
2.12414842692382515e-07
-6.92103818294006261e-09
2.10885150852817613e-07
-6.6810960227019872e-09
2.09132007815371857e-07
-6.4697226007745143e-09
2.07156515124793279e-07
-6.26374853395936729e-09
2.04961484853425862e-07
-6.0692684701350733e-09
2.02542163642610278e-07
-5.90705767473901309e-09
1.99899692962268369e-07
-5.78967535323480639e-09
1.97073683658674019e-07
-5.7048014413766132e-09
-5.59985422383302761e-09
1.94188007209986949e-07
2.06165393771029677e-07
1.98531838545275516e-07
1.91633126861435168e-07
1.84526666111968837e-07
1.7722992448747185e-07
1.70051435951966732e-07
1.63130308662322019e-07
1.56448920156284436e-07
1.4997807418589239e-07
1.43710353329807992e-07
1.37628928396832154e-07
1.31690209341062396e-07
1.25830878795185813e-07
1.19997123386529809e-07
1.14196587755954589e-07
1.09152789640768236e-07
4.47523833616063746e-09
1.04608987264146364e-07
4.318660147719562e-09
1.00434014042791981e-07
3.95076962002136603e-09
9.69889929135975276e-08
3.24281602197492125e-09
9.46635282960949531e-08
2.15490528781506017e-09
9.37330779005197404e-08
7.87201147301439972e-10
9.40181740399793573e-08
-4.34570704659986186e-10
9.47890812542810166e-08
-1.01215673540808726e-09
9.5488098528042165e-08
-1.05469895391219554e-09
9.60026737362597861e-08
-9.1749423587781001e-10
9.63768838633613891e-08
-7.57343074054138657e-10
9.63825766230353696e-08
-2.68882537801797817e-10
9.55869578998106409e-08
5.65508401163743396e-10
9.41181646717857435e-08
1.2161831871525763e-09
9.20065673738735159e-08
1.85600494704400942e-09
8.93743246572895873e-08
2.40626867270414387e-09
8.64423920135926884e-08
2.75545095353333831e-09
8.35333645681952145e-08
2.78328991419007639e-09
8.10735793569367029e-08
2.3735336184031524e-09
7.96172824219444149e-08
1.39746394152238169e-09
7.96406201785361252e-08
-6.44386478343814138e-11
8.09271960304980733e-08
-1.32283373831795406e-09
8.27225819206416401e-08
-1.82795593465780815e-09
8.47543730368182679e-08
-2.05979658472106875e-09
8.68598852230469671e-08
-2.12833985376414666e-09
8.89444432658436045e-08
-2.1045834504419246e-09
9.09084434727011769e-08
-1.98408347336088941e-09
9.26690794191157168e-08
-1.78234459177836392e-09
9.41662008377170888e-08
-1.51704064517814311e-09
9.53645661278130841e-08
-1.21333413393747772e-09
9.62821564618049155e-08
-9.24384685626645408e-10
9.69923550652929953e-08
-7.17677218988116336e-10
9.76790376278055202e-08
-6.95554126336881669e-10
9.79170061947515469e-08
-2.41841430694859399e-10
9.71003592342987575e-08
8.12176347536389842e-10
9.58608172006414573e-08
1.2354664397581621e-09
9.44657097938459057e-08
1.39242167009243746e-09
9.29714845953914639e-08
1.49272746521341927e-09
9.13961597190305998e-08
1.57425639101974303e-09
8.96821145454832741e-08
1.71348369245901384e-09
8.77373825273248044e-08
1.94449846186153091e-09
8.54950673334451908e-08
2.24212148613119514e-09
8.2941704318350121e-08
2.55321569568430869e-09
8.01679681519739202e-08
2.77362608888583468e-09
7.73977654619105685e-08
2.77012200984867765e-09
7.49644871698128892e-08
2.43321687264880305e-09
7.32976120802481605e-08
1.66682756652486169e-09
7.28100485080558578e-08
4.87528171923056978e-10
7.2952394014252974e-08
-1.42373355411897197e-10
7.27652044119527159e-08
1.87165718909228485e-10
7.25578922266337887e-08
2.07291154889684392e-10
7.27883967728376225e-08
-2.3052405041220909e-10
7.34919461753775595e-08
-7.0356701752674821e-10
7.43665222091680696e-08
-8.74589323700603449e-10
7.52679951640947709e-08
-9.01484541108033073e-10
7.61188574068290699e-08
-8.508721384362196e-10
7.69179722225521417e-08
-7.99122998585838327e-10
7.76299237131254553e-08
-7.1195870640183013e-10
7.80674138484202113e-08
-4.37497782492935655e-10
7.78935388006675557e-08
1.73866377002161099e-10
7.72779278579332013e-08
6.15601829366259098e-10
7.6543295244969099e-08
7.34623601581652465e-10
7.58813685608199861e-08
6.61918079553015951e-10
7.51764045143134101e-08
7.04957116170367803e-10
7.52982801128096613e-08
-1.21879960578512723e-10
7.59756640783351193e-08
-6.77387956084512018e-10
7.68118121988330495e-08
-8.36152056943872274e-10
7.77905247224229711e-08
-9.78716135313842825e-10
7.89101252609673967e-08
-1.11960357022668732e-09
8.0208848113418418e-08
-1.2987252148042839e-09
8.17124292317047694e-08
-1.50358279501967329e-09
8.33800653973629355e-08
-1.66763719895329701e-09
8.51138360416328648e-08
-1.73377109271033854e-09
8.67754306424311256e-08
-1.6615945216163311e-09
-1.40926020912749326e-09
1.91585413816703603e-07
6.71747134879065572e-09
1.89398416026211818e-07
6.42037908811863559e-09
1.87500742298211419e-07
5.75642845248984225e-09
1.860282332393947e-07
4.62689030292760356e-09
1.85046588892017772e-07
3.05684886504247578e-09
1.84412780032772546e-07
1.34380301217741112e-09
1.8378068774104292e-07
1.16141194920871564e-10
1.83181877416449608e-07
-5.0348448197454599e-10
1.82776848965230175e-07
-7.97581408041053218e-10
1.82396438564429287e-07
-7.79321187819319654e-10
1.81628320781803694e-07
-3.89278982720595049e-10
1.80401340147381659e-07
5.45561019968891102e-10
1.7903653866483249e-07
1.47270972893243906e-09
1.77363013447269123e-07
2.39119248879519367e-09
1.75417014614028146e-07
3.27833838225572638e-09
1.73327961066836133e-07
3.97740961073987122e-09
1.71290444022490488e-07
4.31655842447059381e-09
1.69536858572122454e-07
4.12607326703686853e-09
1.68295355739774042e-07
3.27750706216803658e-09
1.67803313011620161e-07
1.61306804370823668e-09
1.67622096310218903e-07
-1.07431623858953987e-10
1.67307990993567472e-07
-1.20896962775055452e-09
1.67302027204591931e-07
-2.02254174768261429e-09
1.67579811259117462e-07
-2.52800511631210294e-09
1.68167846684461409e-07
-2.88273933218177037e-09
1.69112900507243002e-07
-3.13786429320669183e-09
1.70348694433003124e-07
-3.28831889844334466e-09
1.71852161629601784e-07
-3.35043183456959641e-09
1.73602041337468578e-07
-3.34111070444378803e-09
1.75549075129045086e-07
-3.25382377563418718e-09
1.77609763949900573e-07
-3.09897211659423689e-09
1.79717498618802382e-07
-2.8649480872694773e-09
1.81113545228905685e-07
-2.12619814137068702e-09
1.81276624484729164e-07
-4.47236507587460186e-10
1.81333004282934086e-07
7.13951049714704605e-10
1.81268548728940575e-07
1.27818404133466877e-09
1.81214148578738125e-07
1.43951941436519387e-09
1.80935394629699935e-07
1.7578220244488459e-09
1.8034227558181095e-07
2.14973640292090808e-09
1.79354605121610562e-07
2.68892360668867194e-09
1.77956856811480768e-07
3.33666002823635277e-09
1.76212231699399771e-07
3.98359147037586056e-09
1.74251670160676179e-07
4.51179100867812355e-09
1.72235151147602451e-07
4.78887050201897167e-09
1.7030960155546711e-07
4.69485705070187428e-09
1.6857380332933963e-07
4.16846287147439615e-09
1.67041083475558446e-07
3.19911271949553175e-09
1.65371422097751018e-07
2.15680109924424413e-09
1.63207138370085779e-07
2.02161616586372387e-09
1.61501556617014338e-07
1.89256658737504543e-09
1.60999269066735894e-07
7.09466934373461172e-10
1.6088235883763366e-07
-1.13697891136325346e-10
1.61078000373988136e-07
-8.99267908596514314e-10
1.61830556033869743e-07
-1.62718468330236776e-09
1.63044264687060471e-07
-2.11522453589431139e-09
1.64620005848611015e-07
-2.42663807154660698e-09
1.66295884548548541e-07
-2.47503010138877536e-09
1.6767101314634502e-07
-2.0871020611625755e-09
1.68268596343810117e-07
-1.03509230542310539e-09
1.68494703047055945e-07
-5.22507788314796096e-11
1.68853324963457779e-07
2.56968314036414961e-10
1.68853159103997783e-07
7.34776727045048772e-10
1.68711490119601673e-07
8.0357434913195655e-10
1.69506249860923532e-07
-8.98141203052955343e-11
1.69764630067543433e-07
-3.80269237475323068e-10
1.69855941899026457e-07
-7.68705222941446433e-10
1.70194432522419668e-07
-1.17464676367164744e-09
1.70719390035377436e-07
-1.50367748281213808e-09
1.71429204087334488e-07
-1.829420971151762e-09
1.72218635483286256e-07
-2.088159198643031e-09
1.72943419819255534e-07
-2.22836899718639345e-09
1.73524313306767603e-07
-2.24853188089616167e-09
1.73951260071408011e-07
-2.16071845654769236e-09
1.74275547925319825e-07
-1.98588246243885515e-09
-1.76827731450954905e-09
2.214028229448683e-07
6.88032842653971179e-09
2.21370179118870397e-07
6.42316236366437056e-09
2.21519894113185069e-07
5.57270654742577962e-09
2.21780107662871794e-07
4.33122522026594472e-09
2.21934405942397549e-07
2.8667091071862255e-09
2.21809629306946558e-07
1.43001988174989011e-09
2.21555652272704968e-07
3.23955350070550547e-10
2.21326655967070089e-07
-3.29367948460360856e-10
2.21021902650452238e-07
-5.8480499492446663e-10
2.20486835915903864e-07
-4.0779640898212056e-10
2.19581260763700684e-07
2.95614533770114069e-10
2.18555388701152663e-07
1.27999940242790697e-09
2.17250085420475712e-07
2.40642341223732849e-09
2.15640446950847734e-07
3.53942001955352787e-09
2.13875249008508768e-07
4.49578754679015074e-09
2.12151145082587514e-07
5.0929565791328668e-09
2.1070249812461097e-07
5.14862335080233974e-09
2.09690469066159097e-07
4.56371241525229201e-09
2.09126115967309438e-07
3.34373529735633038e-09
2.08772423470748418e-07
1.5625059967201085e-09
2.08680006605432319e-07
-3.48367671265760634e-10
2.08876354385473588e-07
-1.73173599638074177e-09
2.09163700102743061e-07
-2.68756016373912444e-09
2.09460250598926467e-07
-3.2672155124249977e-09
2.09645138802049112e-07
-3.52855092173465125e-09
2.09744268045918286e-07
-3.55170972114380211e-09
2.09663098278322163e-07
-3.40848322672265573e-09
2.09356252816437561e-07
-3.19412658198756413e-09
2.08875270007590602e-07
-2.96092415762684661e-09
2.08236310578924545e-07
-2.75635973540379767e-09
2.07438372197621952e-07
-2.5476853749821363e-09
2.0663386969582319e-07
-2.14507658282046324e-09
2.05860781512659325e-07
-1.44543999225474223e-09
2.06226739371726143e-07
-9.16342402679158079e-10
2.07590168227567493e-07
-7.32872452886454739e-10
2.09279529921978996e-07
-4.70681799885442854e-10
2.10634894190830242e-07
4.93697439502512713e-11
2.11455762852345877e-07
9.12054565628181984e-10
2.11877788656744969e-07
1.70278600301004142e-09
2.11976905185959856e-07
2.56922704789232572e-09
2.11870526153352542e-07
3.42824305604134367e-09
2.11642547240935672e-07
4.20237135739296007e-09
2.11356556905355595e-07
4.79140043392697737e-09
2.11060292332402369e-07
5.08086621952179134e-09
2.10762410490931531e-07
4.9912502046511863e-09
2.10391256953340714e-07
4.53813850367069683e-09
2.0969110557890769e-07
3.8979886748648119e-09
2.08542814302894671e-07
3.30390194307063308e-09
2.07590375107745772e-07
2.97302454933763548e-09
2.06937348982849956e-07
2.54475344272817933e-09
2.05892941442235558e-07
1.75340653508475667e-09
2.04948739627450585e-07
8.30259348009637787e-10
2.04000026603167121e-07
4.92830926951585912e-11
2.03216148190730663e-07
-8.43425328208105246e-10
2.02683607663732047e-07
-1.5827723654094726e-09
2.02408781561411713e-07
-2.15188100489484761e-09
2.02411360804750976e-07
-2.47766553375611873e-09
2.02786543296261458e-07
-2.46234127808840495e-09
2.03776830495761744e-07
-2.02540369026916887e-09
2.05175923669876664e-07
-1.45136133681706671e-09
2.06305870404688572e-07
-8.72991156838693025e-10
2.07290307886921185e-07
-2.49672911753552189e-10
2.08101187910587823e-07
-7.31670943389289911e-12
2.08828180173022613e-07
-8.1681659708877819e-10
2.09575539797037825e-07
-1.12763797668146547e-09
2.1028287063032585e-07
-1.47604286425466854e-09
2.10973820778000241e-07
-1.8656022758302827e-09
2.1164895753356418e-07
-2.17881850851325112e-09
2.1219954849599148e-07
-2.38001530085106252e-09
2.12556938811298085e-07
-2.44555215451136154e-09
2.12683769359324303e-07
-2.35520152687998297e-09
2.12566830090713727e-07
-2.1315939307649601e-09
2.12243639964400789e-07
-1.83752902478220589e-09
2.11823864227024802e-07
-1.56610694304798033e-09
-1.44514633984411735e-09
2.30574367308371971e-07
5.93087270153453527e-09
2.31553321209935589e-07
5.43201663815619534e-09
2.32491177344860882e-07
4.61928284693568199e-09
2.33304907216065284e-07
3.49794359035490896e-09
2.33926622150803237e-07
2.21994412300096229e-09
2.34294264471016915e-07
1.02929466183496923e-09
2.34356407982201146e-07
2.18303871787620677e-10
2.34134380724050354e-07
-1.63856258337659716e-10
2.33704686218316641e-07
-2.416398923727792e-10
2.33184907259874142e-07
-1.49460612685607408e-11
2.3270405254792512e-07
6.04113169634862576e-10
2.32180579039930365e-07
1.58027262662664444e-09
2.31594574168989102e-07
2.71078760081999568e-09
2.31000739851810529e-07
3.78550602621692585e-09
2.30448157682665609e-07
4.62874640938183769e-09
2.29983019540732934e-07
5.06129720297225704e-09
2.29657216089544345e-07
4.93264321761270165e-09
2.29495977821399906e-07
4.17809973137846021e-09
2.29480538910471672e-07
2.85132487418173219e-09
2.2942169123144608e-07
1.17466923581238777e-09
2.28941397816717449e-07
-2.72633129649165305e-10
2.28132357179283515e-07
-1.39268988937482827e-09
2.27106340395200412e-07
-2.21428921802590664e-09
2.25928597292802804e-07
-2.73087215311302223e-09
2.2471923351463333e-07
-2.96189558974777638e-09
2.23643568379001116e-07
-2.95214401069475931e-09
2.22655244507934599e-07
-2.76691375925862212e-09
2.21757713536691892e-07
-2.51780178203750529e-09
2.20877859461722496e-07
-2.27751622065407148e-09
2.19968736037105705e-07
-2.04438485905886374e-09
2.19044515667689736e-07
-1.84249677341658296e-09
2.18269187121490489e-07
-1.66423050707874151e-09
2.18127685955026314e-07
-1.38022871509229274e-09
2.18343163822210853e-07
-1.22487545423948801e-09
2.18712969794737505e-07
-1.1754013020403877e-09
2.19093085252083919e-07
-9.07670383429033665e-10
2.19118679476210147e-07
-3.71292613270466884e-11
2.19532445189450787e-07
4.42524159107066036e-10
2.20034410163564631e-07
1.16277300352692446e-09
2.20643847497584344e-07
1.93368611125836092e-09
2.21325850114025873e-07
2.72733027789258031e-09
2.22032782137713095e-07
3.4808004680231761e-09
2.22727288446113108e-07
4.08762951971218396e-09
2.23352276278324302e-07
4.45331129664781603e-09
2.23818005688903084e-07
4.52272812285221476e-09
2.24036582258968388e-07
4.3172104335277097e-09
2.24024667827777803e-07
3.90790757765413726e-09
2.2386883431138539e-07
3.45796417271021394e-09
2.23776884381380193e-07
3.06334638206916064e-09
2.23745404923599702e-07
2.57473982758746696e-09
2.23663866254510849e-07
1.83403243099103537e-09
2.23555954917475634e-07
9.37726267212008794e-10
2.23374286474495764e-07
2.30748869407003148e-10
2.22885727804714722e-07
-3.5500634900151165e-10
2.22242708126145109e-07
-9.39869493310198538e-10
2.21514470047973582e-07
-1.42372544446608085e-09
2.20776751258310813e-07
-1.74003814069765086e-09
2.20154317892487924e-07
-1.83996004724714389e-09
2.19818618226643685e-07
-1.68975552864190934e-09
2.19728572609134457e-07
-1.36133638080774329e-09
2.19839143053338753e-07
-9.83577379639224702e-10
2.20469002411327267e-07
-8.79549506920751014e-10
2.21491334451642125e-07
-1.02966849390893434e-09
2.22087033960650091e-07
-1.41252696318825867e-09
2.22644735104652864e-07
-1.68534893232330567e-09
2.22954164976241774e-07
-1.78548100261482651e-09
2.22978158008222484e-07
-1.88960202247502869e-09
2.22787862519087729e-07
-1.98852833018467941e-09
2.22416937108734052e-07
-2.00909369484699408e-09
2.21901917007548083e-07
-1.93053491218987765e-09
2.21326282853953044e-07
-1.77956948247597124e-09
2.20794576927694819e-07
-1.59988936725048083e-09
2.20396118976344373e-07
-1.43907179789125154e-09
2.20173601873333034e-07
-1.34358993732130861e-09
-1.33056839380294958e-09
2.32071394239617429e-07
4.7173284246415663e-09
2.33266862456102065e-07
4.22774394006190237e-09
2.34362999840818785e-07
3.5100872421838647e-09
2.35236588489170201e-07
2.60509145901425014e-09
2.35788669603821371e-07
1.63950547129119641e-09
2.35981085574773971e-07
7.95500651533995066e-10
2.35878268319962787e-07
2.62177773385062288e-10
2.35567057468564124e-07
6.69898504865826333e-11
2.35078270314190972e-07
1.41249823129145213e-10
2.34419948108780975e-07
5.04274713763918544e-10
2.33731289829228533e-07
1.1137611357757162e-09
2.33188197741613751e-07
1.89946008271856374e-09
2.32905865244483932e-07
2.72181286446106989e-09
2.32937595262449193e-07
3.43557478137385079e-09
2.33301643018173021e-07
3.89998051263218425e-09
2.33951657522944512e-07
3.98816704888403511e-09
2.34806123560813303e-07
3.62217842077689422e-09
2.35686040153921791e-07
2.82406847490968974e-09
2.36399393390238079e-07
1.69494743763201785e-09
2.3689991092508145e-07
2.92713492827471201e-10
2.36882278856753755e-07
-7.15736518103867177e-10
2.36352110758470597e-07
-1.42743570188575576e-09
2.35244676618617969e-07
-1.79833321805187427e-09
2.33718407839049049e-07
-1.93738652746337881e-09
2.32043834562693559e-07
-1.94395513174951015e-09
2.30441734438897303e-07
-1.86813193882263351e-09
2.28985587814202076e-07
-1.75595207461830863e-09
2.27851912419151547e-07
-1.61934058592647076e-09
2.26990389116183199e-07
-1.54182510314691158e-09
2.26148320465273097e-07
-1.49974347718691014e-09
2.25326954298978525e-07
-1.3999927107486236e-09
2.24745264670409131e-07
-1.2282773633654795e-09
2.24328410115143542e-07
-1.08221496263759411e-09
2.23931307733380472e-07
-9.79948534045091845e-10
2.23516777882508369e-07
-8.6002605262112325e-10
2.23173376015267766e-07
-6.15713196795883248e-10
2.2320470707619624e-07
-1.32185380833587314e-10
2.23055205034415409e-07
5.22848204069430884e-10
2.23058670259912066e-07
1.11246200782901171e-09
2.23209279309695763e-07
1.75055667447588883e-09
2.23497945644608371e-07
2.41369524336339241e-09
2.23959783802552265e-07
3.00362623977980173e-09
2.24567555386885902e-07
3.47541027945960839e-09
2.25248170354192029e-07
3.76877998636764732e-09
2.2592262372504526e-07
3.84495586486815528e-09
2.26520770830280839e-07
3.71620649464112038e-09
2.26993323677313598e-07
3.43297766967780863e-09
2.27359467824306753e-07
3.08975314503848815e-09
2.27707391730053758e-07
2.71338930058338532e-09
2.28045771385986607e-07
2.23484789308498075e-09
2.28282430903180515e-07
1.59638008969236865e-09
2.28348656441662379e-07
8.70958664812084425e-10
2.28364139243378685e-07
2.15034583772312348e-10
2.28372098900043459e-07
-3.6312863567572755e-10
2.28225204839930569e-07
-7.93096348158143664e-10
2.27875181411341396e-07
-1.07378504266999354e-09
2.273372014126932e-07
-1.20214680430685777e-09
2.26682454005939048e-07
-1.18527509670287664e-09
2.26057414107280683e-07
-1.06475942447135401e-09
2.25620053107708509e-07
-9.24006820171859693e-10
2.25502335148539775e-07
-8.65880839066058423e-10
2.25625445273028004e-07
-1.00267237644924457e-09
2.25902847248990029e-07
-1.3070824608784017e-09
2.26133208173946359e-07
-1.64289842666359618e-09
2.26306226498447457e-07
-1.8583765957792736e-09
2.26417261717694433e-07
-1.89652499762150452e-09
2.26327210878780331e-07
-1.79955929297332023e-09
2.25946749916282173e-07
-1.60807358559213988e-09
2.25289286410793541e-07
-1.35163455311163138e-09
2.24444586932822247e-07
-1.0858385908234684e-09
2.23553277186240008e-07
-8.88261995824081049e-10
2.22772426782231712e-07
-8.19040430414038586e-10
2.2222074882724287e-07
-8.87394642344676599e-10
2.21927327837860131e-07
-1.05016901884158988e-09
-1.18046906328165101e-09
2.31194886352287207e-07
3.54537025611493786e-09
2.3227264269753812e-07
3.14043169191264337e-09
2.33169696612718566e-07
2.59822487664182039e-09
2.33798605136378351e-07
1.95372582465917051e-09
2.34111100344963925e-07
1.29370816397194774e-09
2.34121407862133245e-07
7.37090687330417322e-10
2.33925753648789522e-07
3.90588860696515886e-10
2.33645554276711579e-07
2.57240774006833057e-10
2.33333609406941311e-07
3.39430029777394856e-10
2.33068809814598047e-07
6.25772997607228007e-10
2.32912178701507524e-07
1.09278310541209053e-09
2.32934160587893393e-07
1.66201748030470765e-09
2.33180469328118178e-07
2.22106292042283442e-09
2.33671132227081782e-07
2.65386873129520807e-09
2.34381339251311868e-07
2.86310466703085183e-09
2.35212199794558895e-07
2.77544762835863456e-09
2.3606125309429907e-07
2.35881277428964262e-09
2.36784205216489062e-07
1.65474371328901859e-09
2.3715674555387888e-07
8.25549006636404293e-10
2.36832008681670373e-07
1.40527095586901048e-10
2.35903124481419426e-07
-3.62520112216174986e-10
2.34505970848158276e-07
-6.93986029218270372e-10
2.3288401659365097e-07
-8.90404027805818545e-10
2.31186376029734831e-07
-1.04381040221340634e-09
2.29599577432231826e-07
-1.06991939137806546e-09
2.28382808841833918e-07
-1.09484762392656179e-09
2.27508875035533746e-07
-1.11331621727562539e-09
2.26787913970441605e-07
-1.1811639561030919e-09
2.26155703030509344e-07
-1.21249435908206196e-09
2.25666675325998382e-07
-1.25212320823966209e-09
2.25251932626165297e-07
-1.16567556037806489e-09
2.24844603233336919e-07
-1.04984563857470128e-09
2.24485457123445554e-07
-8.89064861303116832e-10
2.24174045889857223e-07
-7.40084334605622586e-10
2.23836580343397725e-07
-6.26585543249714683e-10
2.23565366858499823e-07
-4.33481330674876775e-10
2.2325425014198517e-07
1.24771808235966798e-10
2.22976076598117687e-07
7.51856907720740646e-10
2.23010672364166369e-07
1.03411829634533885e-09
2.23143859205554191e-07
1.58169824866234668e-09
2.23451736531096332e-07
2.08175282062747059e-09
2.23923980629598896e-07
2.52295996187858422e-09
2.24502006831621794e-07
2.89202556160035632e-09
2.25137369058850368e-07
3.12933552527519853e-09
2.25776369048881515e-07
3.20243383865605755e-09
2.26374575394185106e-07
3.11497064049032703e-09
2.26917954509803653e-07
2.88705931401588307e-09
2.27451052948085294e-07
2.55451350433320754e-09
2.28026162997471807e-07
2.13611454740217785e-09
2.28646822933131555e-07
1.61265485402949817e-09
2.29254258881617837e-07
9.87977057328663916e-10
2.29736171773808906e-07
3.88529367307480254e-10
2.30022970888449144e-07
-7.19981264742124355e-11
2.30065699796647097e-07
-4.05997099968475061e-10
2.29943383478242792e-07
-6.70881292832548611e-10
2.29691947417319643e-07
-8.22456275698779664e-10
2.29329002283688363e-07
-8.39279759152475797e-10
2.28905709458623767e-07
-7.6202389285015211e-10
2.28504226197340987e-07
-6.6331605893561156e-10
2.28204352970424236e-07
-6.24164863212665152e-10
2.28047601648310111e-07
-7.09152267489637387e-10
2.27986037525023912e-07
-9.41123338316240923e-10
2.27936861053892587e-07
-1.2579151506454985e-09
2.27830107713976234e-07
-1.53615417464719093e-09
2.27641375064772428e-07
-1.66965292093877338e-09
2.27360627002824925e-07
-1.61578595710493037e-09
2.26954459496423358e-07
-1.39339952358680909e-09
2.26405599841803231e-07
-1.05921953633749179e-09
2.25743618665546877e-07
-6.89657518209041984e-10
2.25027048565711795e-07
-3.69271617954601121e-10
2.24307570116367214e-07
-1.68785873779547916e-10
2.23617149444669263e-07
-1.28621351369726678e-10
2.22981479307720976e-07
-2.51725380665303708e-10
2.22412043945135473e-07
-4.80733849089641559e-10
-6.94146419084783695e-10
2.29985084329872341e-07
2.57991452745639868e-09
2.30821552753435638e-07
2.29272598274191894e-09
2.31486623383579104e-07
1.91573644327934938e-09
2.31934364048360725e-07
1.47971878063142364e-09
2.32146012937626784e-07
1.04358348988257847e-09
2.32139278970271332e-07
6.89161185236165785e-10
2.31974774126317188e-07
4.7999340120705293e-10
2.31730934568354791e-07
4.01902595167538772e-10
2.31500162806063956e-07
4.45961574910848608e-10
2.31376153183257185e-07
5.99102320097443246e-10
2.31439018425848724e-07
8.47676281447463901e-10
2.31733609845652085e-07
1.15047747428941769e-09
2.32249652512912424e-07
1.45187646015238084e-09
2.3292277133505327e-07
1.69188588633138133e-09
2.33645370522826181e-07
1.814912655742899e-09
2.34250839023882249e-07
1.77801198382858197e-09
2.34603280654347546e-07
1.56345471583985677e-09
2.34577070010426326e-07
1.18940151704876867e-09
2.34114253059997242e-07
7.37592381104040225e-10
2.33226253505545888e-07
4.16812681402739166e-10
2.320557784646285e-07
1.88194570639949224e-10
2.30758510160666908e-07
-8.51347507556263809e-12
2.2922283868894405e-07
-1.75612228018004589e-10
2.27838032920150779e-07
-3.80699524140505879e-10
2.26713317905690679e-07
-5.10653797529950866e-10
2.26050813781342657e-07
-6.20515468397469526e-10
2.2545507047495053e-07
-7.75223186117930213e-10
2.24831589723088868e-07
-9.13579806399107167e-10
2.24225847390206731e-07
-9.75347813842754919e-10
2.23780890932676457e-07
-9.10938628697195558e-10
2.23235008899028094e-07
-8.40319940945907284e-10
2.22719605925919291e-07
-7.28301179166385516e-10
2.22241235113516593e-07
-5.64062603228975741e-10
2.21786379744725896e-07
-4.12114203516174676e-10
2.2133354124997871e-07
-2.70792055614830483e-10
2.20958992999278766e-07
-1.351969159520285e-10
2.21244661505608824e-07
-2.18958738859562634e-10
2.22213321441700239e-07
-2.65214329100156546e-10
2.23254477298689948e-07
-4.73642572496377971e-11
2.23992516764489485e-07
8.13143615990950194e-10
2.24678666015322908e-07
1.38314079010053455e-09
2.25326182742784566e-07
1.86809557997345365e-09
2.26013449976825435e-07
2.19984588479934271e-09
2.26714123547163482e-07
2.42478725018930381e-09
2.27383323885944819e-07
2.52991052890515872e-09
2.27996698758263064e-07
2.49878662518702344e-09
2.28536313958541923e-07
2.34506045346533411e-09
2.28990475600631186e-07
2.09825148020638223e-09
2.29342553539690785e-07
1.7817474550984193e-09
2.29558533359710035e-07
1.39511869756520218e-09
2.29605107192536056e-07
9.40447869026215084e-10
2.2953812659096661e-07
4.55019532045901193e-10
2.29445059513281826e-07
2.08931435778523074e-11
2.29358193569813377e-07
-3.19281274906608725e-10
2.29212236034343491e-07
-5.25037566514420244e-10
2.29033789539475721e-07
-6.44106594118108413e-10
2.28891709154946743e-07
-6.97254576154822052e-10
2.28826522152625306e-07
-6.96888801298001777e-10
2.28867805282180333e-07
-7.04654882586241568e-10
2.29006266453136863e-07
-7.62657449061306181e-10
2.29193764912700022e-07
-8.96664146453782584e-10
2.29352353568996088e-07
-1.09972542172584034e-09
2.29416153659058145e-07
-1.32172621614882518e-09
2.29364811788018407e-07
-1.48482145759913654e-09
2.29222526495792433e-07
-1.52737719796794841e-09
2.29031997600456969e-07
-1.42526553419796324e-09
2.28826312105336045e-07
-1.18772060484182592e-09
2.28617470750782502e-07
-8.50383220012924063e-10
2.28392283597676604e-07
-4.64474252449273687e-10
2.28123485463472046e-07
-1.00476438127718661e-10
2.27777248515675208e-07
1.77448840120965466e-10
2.27319914651411567e-07
3.28710878875297913e-10
2.2671586335448973e-07
3.52324870430116507e-10
2.25970801701860869e-07
2.6432732366999928e-10
1.07995943359311082e-10
2.29226045878655753e-07
1.62487953804492522e-09
2.30072503288677029e-07
1.43585292212840907e-09
2.30769933853521898e-07
1.20220516480274989e-09
2.31285524925901817e-07
9.39948539453297883e-10
2.31612223522028322e-07
6.81557707557224608e-10
2.31787249543593809e-07
4.63899606490048123e-10
2.31877464563009745e-07
3.20371566580633783e-10
2.31950245596174291e-07
2.36308151203287243e-10
2.32028415013511249e-07
2.48629249475585139e-10
2.32149848174429047e-07
3.32744575646760259e-10
2.32333207970528713e-07
4.88410748613650053e-10
2.32593473574341482e-07
6.79479224738423648e-10
2.32921599643694139e-07
8.75063486730656942e-10
2.33282034093100093e-07
1.04351678921226939e-09
2.33614403666037064e-07
1.15304785456184835e-09
2.33808307517436466e-07
1.17916450673758035e-09
2.33791684731732942e-07
1.115162333117453e-09
2.33485358842005811e-07
9.80621676763327782e-10
2.32838953831656784e-07
8.10001312240487385e-10
2.31980668906710632e-07
6.47779553146355759e-10
2.31070528603595652e-07
4.55314330655077267e-10
2.30074084154034834e-07
3.09629245706881712e-10
2.28852840373517171e-07
1.57885483412470246e-10
2.2800764158182093e-07
1.80223202743648527e-10
2.27042289267335025e-07
1.17002316152550952e-10
2.25986271720175311e-07
7.23802498880099704e-11
2.24751040824022806e-07
3.14343730052552973e-11
2.23418534136612174e-07
-7.64345809876652501e-12
2.22188454682174511e-07
-9.77848959981520329e-11
2.21220945169014339e-07
-1.87558635671435884e-10
2.20506582131225146e-07
-3.27420176770952277e-10
2.20161986128731761e-07
-4.73881878614346557e-10
2.20096836427531598e-07
-6.26214656140725188e-10
2.20304248141826017e-07
-7.52976987598122636e-10
2.20784898150940982e-07
-8.6167769508900312e-10
2.21552061920993171e-07
-9.6994616811563753e-10
2.2238808329123775e-07
-1.10147570212174007e-09
2.23152904657645018e-07
-1.0745896436716053e-09
2.23497943916620289e-07
-4.35205389681186733e-10
2.24115369794607968e-07
1.67905012777675748e-10
2.24896988976048944e-07
5.93052687049691108e-10
2.25794551362585824e-07
9.63945685570967493e-10
2.2680496106549165e-07
1.18418866953873131e-09
2.27776591836332288e-07
1.44882287293844222e-09
2.28659641234977533e-07
1.64327281317870347e-09
2.29425097259582153e-07
1.73043398083791073e-09
2.30055049513219324e-07
1.71265540878599332e-09
2.30546236090958886e-07
1.60472639880786853e-09
2.30897120045850308e-07
1.42819445866201532e-09
2.31084671089845849e-07
1.20597233721527145e-09
2.31065207666219227e-07
9.59392576426873246e-10
2.30791400138871065e-07
7.28488662421001999e-10
2.3027909114322261e-07
5.32937171465586336e-10
2.29617180155373002e-07
3.42318669152084123e-10
2.28936651690978679e-07
1.55285330848284542e-10
2.28297843915931517e-07
-5.39779137628405265e-12
2.27819164462459656e-07
-2.18643352713645295e-10
2.27593433867308932e-07
-4.71232972887511154e-10
2.2763088843831075e-07
-7.42165316511713978e-10
2.27881956892117045e-07
-1.0137491660428467e-09
2.28257512967540968e-07
-1.27223639445023251e-09
2.28656420952441666e-07
-1.49864667985463633e-09
2.2899707781958557e-07
-1.66239412398466801e-09
2.2924086004964066e-07
-1.72861401689590922e-09
2.29388601125502568e-07
-1.6751285003691636e-09
2.29458846822502305e-07
-1.49551895849262726e-09
2.29466585534702786e-07
-1.19546528990642366e-09
2.29411204861555368e-07
-7.95007306221295693e-10
2.29286577544401794e-07
-3.39850768168291342e-10
2.29078397242633639e-07
1.07700899600790167e-10
2.28728586052205172e-07
5.27257708034343756e-10
2.28173373469696251e-07
8.83921768787609865e-10
2.27404063407485667e-07
1.1216338417927069e-09
2.26470806683543969e-07
1.19758341175432725e-09
1.07758730750448295e-09
2.28817100884816118e-07
7.38089268123330301e-10
2.29598290230806296e-07
6.44387930857569126e-10
2.30257190508268257e-07
5.27671367585872246e-10
2.30784436999082988e-07
3.89213727306046466e-10
2.31195714935689235e-07
2.35778968621880754e-10
2.31535116258579345e-07
7.51350596050154187e-11
2.31846255813876712e-07
-5.95000439886103701e-11
2.32098880136856444e-07
-1.09324114589003261e-10
2.32260951179095824e-07
-3.52653744141300254e-11
2.32312487065652242e-07
1.28395132163396991e-10
2.32256128457225817e-07
3.60365226686936058e-10
2.32090711001695886e-07
6.21910671823481468e-10
2.31789717965731637e-07
9.08557870947307645e-10
2.31334682779418977e-07
1.18259252853735075e-09
2.30721421808436551e-07
1.39683582815307189e-09
2.2992248103440633e-07
1.50902397613685703e-09
2.28993988117807938e-07
1.48607756449503406e-09
2.28047980187195299e-07
1.31493824626158687e-09
2.27222785616630467e-07
1.01940478971072941e-09
2.26687161820237932e-07
5.76430448878879084e-10
2.26360177049930822e-07
1.26407259895516905e-10
2.26312002720905112e-07
-3.90897582941539394e-10
2.2690482650887292e-07
-7.84766775997601507e-10
2.27800097738986162e-07
-1.02730945920966151e-09
2.28762136538083779e-07
-1.10140754065295324e-09
2.29523462532358849e-07
-9.72252744020693794e-10
2.29857801874155537e-07
-6.83658173621873292e-10
2.29701081347962249e-07
-3.09573757642228573e-10
2.29120104209259208e-07
1.25524274967234512e-10
2.2817784437071102e-07
4.57663345326744677e-10
2.2701076332468203e-07
5.89647045298147941e-10
2.25790670488264421e-07
5.44354138759688501e-10
2.24670870608908579e-07
3.42520654847512867e-10
2.23781712639511886e-07
2.2933168315855051e-11
2.23107566100114347e-07
-2.8269218139408215e-10
2.22621447869819694e-07
-5.60038338364422299e-10
2.22241044831018054e-07
-7.7839697231773078e-10
2.21988547669366583e-07
-8.68244046267954782e-10
2.22359267448975427e-07
-8.46893054339227675e-10
2.23469320922370119e-07
-9.55522328828026792e-10
2.24869274464666699e-07
-8.17246511751284883e-10
2.26311902603544549e-07
-4.86788646587949886e-10
2.27545171269020207e-07
-5.52940261467147842e-11
2.28425959599590794e-07
5.62966756838507026e-10
2.2912227911241571e-07
9.42812755004082905e-10
2.29660182117651875e-07
1.18924937956092191e-09
2.30042430667630219e-07
1.32750346359821594e-09
2.30264177503896972e-07
1.3800435681388793e-09
2.30327243261711082e-07
1.36229559578324312e-09
2.3024296054316482e-07
1.28885883732648157e-09
2.30029346525364654e-07
1.17265029457772642e-09
2.2972252589921724e-07
1.03494972812527462e-09
2.2937127418676662e-07
8.8387347658162893e-10
2.29066779029005149e-07
6.46456649783100449e-10
2.28991071796975188e-07
2.3072262970163612e-10
2.29132643797932452e-07
-1.47036237724731278e-10
2.29382262925566646e-07
-4.68334856294003395e-10
2.2963352056865444e-07
-7.22576425206683482e-10
2.29841850672542929e-07
-9.50531747503355668e-10
2.29975283121249101e-07
-1.14720916728415784e-09
2.30007019898189124e-07
-1.30399039227929477e-09
2.29929800837406958e-07
-1.42144237710941224e-09
2.29755705119484954e-07
-1.48831247761398934e-09
2.29510981864434134e-07
-1.48390448067455329e-09
2.29236103167074528e-07
-1.40025980519758237e-09
2.28974461593706516e-07
-1.23388390784541074e-09
2.28759372333753682e-07
-9.80381378996303e-10
2.28604752958054854e-07
-6.40392591545164344e-10
2.2848756613161525e-07
-2.22668043814789738e-10
2.28342297370162066e-07
2.52966521885877667e-10
2.28136905991321833e-07
7.32646750447080519e-10
2.27844840627497163e-07
1.17598552833008212e-09
2.27432720369059944e-07
1.53375312284054137e-09
2.26901694761267769e-07
1.72860856683443432e-09
1.63198918302729176e-09
2.28370941641119713e-07
-1.75753915938660835e-10
2.29235977128909095e-07
-2.31706251820646772e-10
2.30038664916375046e-07
-2.91000595681240353e-10
2.30749461998258135e-07
-3.45514772967031024e-10
2.3133951505274582e-07
-3.89275959704887412e-10
2.31767112087557289e-07
-4.02442536851755294e-10
2.32001576907227276e-07
-3.63450114263477573e-10
2.32081110805718095e-07
-2.82697265581389718e-10
2.3210209606765538e-07
-1.78925945362389172e-10
2.3211798241609202e-07
-4.18157255075193515e-11
2.32145215106974177e-07
1.49109084020018653e-10
2.32140429130524687e-07
4.10869668647812327e-10
2.32079911917021816e-07
7.16725401543523828e-10
2.31944381831403556e-07
1.02800233778114472e-09
2.31726709630966037e-07
1.28479210964498231e-09
2.31395344888869141e-07
1.43362917627648681e-09
2.30972301773769407e-07
1.43730774616264025e-09
2.30419083467432938e-07
1.27583204008878969e-09
2.29623663545746783e-07
9.85762658277761963e-10
2.28925158764533537e-07
4.27300804056102219e-10
2.28414179512401475e-07
-1.00440972750553324e-10
2.28300358809639514e-07
-5.97543371112237087e-10
2.28374951630911127e-07
-1.13643025804094007e-09
2.28505454730923867e-07
-1.5056352122355728e-09
2.28620836554545436e-07
-1.62861577394949241e-09
2.28700384467929395e-07
-1.51820366451437682e-09
2.28749169744363776e-07
-1.21645693059088316e-09
2.28862294936205488e-07
-7.94157854203724959e-10
2.29013802579939568e-07
-3.22684670871969688e-10
2.29137585194237413e-07
9.91056123851910578e-11
2.29131377378128564e-07
4.09525355875817198e-10
2.28929678237035152e-07
5.89221359324781273e-10
2.28504819466714544e-07
6.25016896689148617e-10
2.27821863506831342e-07
5.55200246068983457e-10
2.26998418880074789e-07
4.05555590436432893e-10
2.26132244896392404e-07
2.08961443122257974e-10
2.25278196425130161e-07
1.03047497104801339e-11
2.24544195094267139e-07
-1.7815607825098855e-10
2.24023760953709016e-07
-3.5781038085625856e-10
2.23570996163126577e-07
-5.21124741584984116e-10
2.2329087724051097e-07
-5.49471262145979059e-10
2.23247129683063547e-07
-4.52698956612547706e-10
2.23430951383550142e-07
-2.46946507943103556e-10
2.24005224628884342e-07
-1.73991437289689372e-11
2.24816603402011614e-07
1.26715211839310891e-10
2.25723116225960372e-07
2.791225339365054e-10
2.26631629789491847e-07
4.15747316255874791e-10
2.27488971836777132e-07
5.1937609352289551e-10
2.28265113629534314e-07
5.83844026365534429e-10
2.28951170589807363e-07
6.01994720126758751e-10
2.29551516047237976e-07
5.71817354552561877e-10
2.30086802583082298e-07
4.99303208522288522e-10
2.30580382935334809e-07
3.89956858259208624e-10
2.30988146409416714e-07
2.38282240151697354e-10
2.31173819812887998e-07
4.48135776477964042e-11
2.31270827123015059e-07
-2.44177726494247469e-10
2.31281924796166854e-07
-4.79509970891500318e-10
2.31235647482085318e-07
-6.7632849259969019e-10
2.31089471086288332e-07
-8.04383364866320339e-10
2.30806650179291951e-07
-8.64415209958084238e-10
2.3036141802121999e-07
-8.58784276500647724e-10
2.29750418111942931e-07
-8.10468343685865155e-10
2.29000790404007246e-07
-7.38705109869219807e-10
2.28157461208911386e-07
-6.40586661169957091e-10
2.27268778349507483e-07
-5.11585565141374143e-10
2.26387480230082519e-07
-3.5259277174798029e-10
2.25572005224881234e-07
-1.64912313602022399e-10
2.2488214970918257e-07
4.94577981101741293e-11
2.24363946614876145e-07
2.95530636786230563e-10
2.2404033606443921e-07
5.76573848088397797e-10
2.23909463270252382e-07
8.63517279482885676e-10
2.23957709552960448e-07
1.12773765874634057e-09
2.24143338829236738e-07
1.34812289341396417e-09
2.24379316677214629e-07
1.49263040747041242e-09
1.47378872780324307e-09
2.28451794019563583e-07
-1.08564210685161212e-09
2.29274739913630886e-07
-1.0662209472692956e-09
2.29979469196163942e-07
-1.01429735283256822e-09
2.3053428844658902e-07
-9.31049679090534797e-10
2.30938021752073589e-07
-8.24918464183757474e-10
2.3120567690916128e-07
-7.19837429132456381e-10
2.3139100184208343e-07
-6.19235693802058918e-10
2.31536907394506387e-07
-5.23796525301167279e-10
2.31661857524101567e-07
-4.27772142310754975e-10
2.31773362299372979e-07
-3.08625549711094325e-10
2.31874264521752556e-07
-1.38301624389021786e-10
2.31996596933133026e-07
7.73104781112384543e-11
2.32198186645513366e-07
2.78774764879129721e-10
2.32523978177469256e-07
4.45319729592732771e-10
2.32980728649752468e-07
5.5674434957032819e-10
2.33483453872495131e-07
6.03486362288008529e-10
2.33879052888318818e-07
5.9004827708216747e-10
2.33957053196202916e-07
5.6303410261266861e-10
2.33609959406104172e-07
2.84326444965607871e-10
2.33540167655035892e-07
1.68140404865291823e-10
2.33158903821318029e-07
-1.30622165216335789e-10
2.32535492648912386e-07
-4.00250033635836573e-10
2.31519704460673542e-07
-6.76508762518739872e-10
2.30303265149617547e-07
-8.99306929996536846e-10
2.29114106117609582e-07
-1.04583007425156483e-09
2.28167718392938285e-07
-1.11066567955203004e-09
2.27586921738278036e-07
-1.09090377218823256e-09
2.27441201046475341e-07
-9.67355958596040255e-10
2.27640193880500361e-07
-7.67855353708294051e-10
2.28042214994177585e-07
-5.16099578264288143e-10
2.28483822446730642e-07
-2.26175828029506576e-10
2.28803223293206227e-07
9.3227758910703749e-11
2.28904703696258414e-07
3.63766178499794448e-10
2.28705891315667962e-07
5.99947973539895687e-10
2.28181420911865417e-07
7.96355566310999712e-10
2.27363423977794633e-07
9.32451109613091648e-10
2.26309225193733893e-07
1.00223517989071319e-09
2.25089219263275904e-07
1.00028474689308816e-09
2.23802304139444518e-07
8.99203899200260959e-10
2.22566464505379718e-07
6.95938255685162345e-10
2.21515186193932873e-07
4.88694139266070696e-10
2.2085401505451708e-07
1.9842469563296331e-10
2.2077501105207956e-07
-1.76044947025218216e-10
2.21248981166085567e-07
-4.97812860628247999e-10
2.22076773156460493e-07
-7.05975822785770355e-10
2.23145243517336131e-07
-7.93001046692796848e-10
2.24352682107466043e-07
-7.95005764232168544e-10
2.2561810669372892e-07
-7.49210445312728615e-10
2.2688253656353072e-07
-6.8252186816331141e-10
2.28088000724843757e-07
-6.04056662930341387e-10
2.29177972575832446e-07
-5.18578457792187682e-10
2.3011701205819152e-07
-4.40121191504479668e-10
2.30899180776386667e-07
-3.92634127919310726e-10
2.31521503609980742e-07
-3.84533559027418771e-10
2.31942263948307516e-07
-3.76114435649721383e-10
2.32182982961960068e-07
-4.85001928348167978e-10
2.32319515727660084e-07
-6.16118989866851722e-10
2.32362673507408687e-07
-7.19555304500147699e-10
2.32303788406395965e-07
-7.45565738536341633e-10
2.32096380131717188e-07
-6.57055517016976196e-10
2.31677920380429039e-07
-4.40360559384024426e-10
2.3099008687792183e-07
-1.22662240476280457e-10
2.30021080112296072e-07
2.30287757562098182e-10
2.28847840539696453e-07
5.32642100839592644e-10
2.27577388563821954e-07
7.58857338698570834e-10
2.26321770808716478e-07
9.03017181392303997e-10
2.25187119523638387e-07
9.69732330654355656e-10
2.24260430203866638e-07
9.76141431988776556e-10
2.23615998141081306e-07
9.39958490442677516e-10
2.23307862685440798e-07
8.84706248783561201e-10
2.23333099390053002e-07
8.38278440232605673e-10
2.23640820874034498e-07
8.20014663315429666e-10
2.24142925535367456e-07
8.46017341499216967e-10
2.2471023894368406e-07
9.25316721456526438e-10
1.06668882083588553e-09
2.28602616449230603e-07
-1.93777067925692313e-09
2.29358353218923783e-07
-1.83162479338052583e-09
2.30007149669567277e-07
-1.68071045615813903e-09
2.3053711205550557e-07
-1.48850139003736475e-09
2.30939323831736228e-07
-1.26712651266773783e-09
2.31195640921304706e-07
-1.02627447251715576e-09
2.31282311739575524e-07
-7.7696277214852958e-10
2.31178339400049683e-07
-5.17689917414925087e-10
2.30888999842599676e-07
-2.68348753335487868e-10
2.30490661403400404e-07
-7.59617956039292157e-11
2.30150665331781465e-07
-8.12524780612801114e-13
2.29996069095393938e-07
-4.0245021061443433e-12
2.30081594951373289e-07
-6.58624883695943475e-11
2.30479587922397433e-07
-2.28121711798598597e-10
2.3122104030468539e-07
-4.74194162589128377e-10
2.32200646401911696e-07
-7.39130273241173096e-10
2.33224352342755645e-07
-9.50682088057472907e-10
2.34000509869369971e-07
-1.06033546429511043e-09
2.35049637959422557e-07
-1.06507779580184904e-09
2.35822872795216467e-07
-9.39090703777120427e-10
2.36012740738965486e-07
-7.32335257581027401e-10
2.3554743134393033e-07
-5.16674142490733543e-10
2.34537534029335381e-07
-3.04526563817295385e-10
2.33129537044436498e-07
-1.22842041748252584e-10
2.3150689452688125e-07
-1.14328996774809187e-11
2.29805673380816661e-07
5.69671018681717207e-11
2.28152740064575782e-07
9.12387658361285396e-11
2.26680401290280799e-07
1.08518119634131751e-10
2.25480985311307985e-07
1.17570317554039018e-10
2.24608718379694145e-07
1.17381438627250957e-10
2.24076582527403577e-07
1.16621032743542528e-10
2.23869717964793196e-07
1.48875564634286778e-10
2.23855182055802518e-07
2.50294595053539594e-10
2.23874973890745663e-07
4.37235064762696792e-10
2.2386410303354383e-07
6.79108044789091301e-10
2.23817676025361108e-07
8.87334632144272408e-10
2.23759592395834844e-07
1.00045692681494048e-09
2.23732167121319396e-07
9.88491596645318836e-10
2.23770678056261353e-07
8.26482205542720669e-10
2.23998658882414198e-07
4.58688196333838942e-10
2.24580723373140955e-07
-1.04150494737867891e-10
2.25248461602515272e-07
-4.78001628141947024e-10
2.25905373406874857e-07
-8.40230284595252079e-10
2.26542503143007447e-07
-1.14100798479282723e-09
2.27177349231391367e-07
-1.34571116293810552e-09
2.27812727073180171e-07
-1.43220643836239251e-09
2.28422816797334216e-07
-1.40863392524485801e-09
2.28973039337877159e-07
-1.30290772922217355e-09
2.29430973703594104e-07
-1.14296338427952614e-09
2.29771489030760161e-07
-9.45247894843967317e-10
2.29975849755528589e-07
-7.23527878943310009e-10
2.30045236126816557e-07
-5.10070393725498702e-10
2.30000196345150988e-07
-3.48283311875325746e-10
2.29885193805876154e-07
-2.69761435487580516e-10
2.29774683937590106e-07
-2.65803055108773541e-10
2.29636866778602132e-07
-3.4737285304382824e-10
2.29467638678317892e-07
-4.47067619308077101e-10
2.29251625576082708e-07
-5.03697060204723233e-10
2.28975079559202065e-07
-4.69096627295269059e-10
2.28638589574958849e-07
-3.20613045535821194e-10
2.28284325894120749e-07
-8.61264066211507538e-11
2.27938802931759784e-07
2.22847820297795509e-10
2.27586736038044862e-07
5.82342278856164309e-10
2.27220269741470687e-07
8.99097747813287701e-10
2.2688793139672297e-07
1.09118639488071415e-09
2.26656446228264518e-07
1.134494294461624e-09
2.26580479798319499e-07
1.04569191133650111e-09
2.26686016674185923e-07
8.70599355646757418e-10
2.26956062570552047e-07
6.69908637922435758e-10
2.2733178291917754e-07
5.08982811243443374e-10
2.27730044706717614e-07
4.4001437639437925e-10
2.28069771845946753e-07
4.80286026843765193e-10
2.28295922856609849e-07
6.19865434703974065e-10
2.28387050172856437e-07
8.34189057096085309e-10
1.1070971540528516e-09
2.29022708061202099e-07
-2.85042521461667823e-09
2.29819117516366772e-07
-2.63781390088466265e-09
2.30443881792905994e-07
-2.32361031906623198e-09
2.30844899782891964e-07
-1.92108103520255782e-09
2.3100070252404234e-07
-1.47094881764841763e-09
2.30976828275241744e-07
-1.0575853429956689e-09
2.30888715519373626e-07
-7.60907806268051703e-10
2.30778080358381098e-07
-5.04909584145404429e-10
2.30645701448679507e-07
-2.63009523762500124e-10
2.30481029331062017e-07
-6.96676523004073174e-11
2.30339850843665563e-07
-4.89787533852308447e-11
2.30386439888923531e-07
-2.66809520073046421e-10
2.30771505631622782e-07
-6.83490942220080421e-10
2.31507703660531425e-07
-1.20978921491629008e-09
2.32533086310789414e-07
-1.75590315115725616e-09
2.3367290089335555e-07
-2.21193680552384878e-09
2.3470335406388936e-07
-2.48377272537319126e-09
2.35276187931886496e-07
-2.48930154831279697e-09
2.35994488593636965e-07
-2.09944593839886778e-09
2.36294705918395871e-07
-1.57163788380028262e-09
2.35975028395454262e-07
-9.12308239432130732e-10
2.35063821660166341e-07
-2.17952379297843354e-10
2.33655384093354572e-07
4.56866424313544723e-10
2.31881817150302962e-07
1.0092862865990053e-09
2.29850469434925839e-07
1.40990661205966684e-09
2.27718749083275427e-07
1.63153397911722003e-09
2.25678541074291693e-07
1.64363357293741392e-09
2.23900049486602778e-07
1.46880636388589738e-09
2.22496126638532495e-07
1.1522265415121465e-09
2.21583331628819223e-07
7.59714820704488037e-10
2.2117874316044537e-07
3.47448108030138991e-10
2.21239619212226999e-07
-2.29008258153211151e-11
2.216311981217624e-07
-2.36577813532243287e-10
2.22216986597723873e-07
-2.60480161952465748e-10
2.22904521380890499e-07
-1.06329974327755474e-10
2.23616707614484769e-07
1.06311092772567773e-10
2.24291467872276997e-07
2.78696772369445902e-10
2.24881425160010182e-07
3.63875467482882646e-10
2.25358229782147585e-07
3.17501300168568542e-10
2.25643988015630367e-07
1.61999559688851348e-10
2.25873289590703456e-07
-3.44214756654606825e-10
2.26193157200302334e-07
-8.07297236478532283e-10
2.26546693773538461e-07
-1.20207653342146438e-09
2.26942262711704259e-07
-1.54374027753619239e-09
2.27354428878595515e-07
-1.76379344804794312e-09
2.27752072445541378e-07
-1.83453092851935981e-09
2.28105210852840216e-07
-1.76559444979846331e-09
2.28404221450669987e-07
-1.60532304034648103e-09
2.28660221347142072e-07
-1.40227853762256251e-09
2.28894574718063422e-07
-1.18075234678869379e-09
2.29122295522905404e-07
-9.51922290593489499e-10
2.29321935724897278e-07
-7.10186387412872127e-10
2.29457801593215351e-07
-4.84586699171106153e-10
2.29494877951655765e-07
-3.0712071550906096e-10
2.29367377442279613e-07
-1.38527563827939817e-10
2.29039155887295861e-07
-1.93687740606751842e-11
2.28610096316705868e-07
-1.82183077406903375e-11
2.28186420203220639e-07
-8.01565501505159522e-11
2.27824285113408041e-07
-1.07032314136175948e-10
2.27540106820935914e-07
-3.64608293461488586e-11
2.27333466521005874e-07
1.20495789035240055e-10
2.27196009633399245e-07
3.60290259952780316e-10
2.27116669285435279e-07
6.61670386919671559e-10
2.27058973989481234e-07
9.56782270701608039e-10
2.26988915181164973e-07
1.16123509304138849e-09
2.26885878183734196e-07
1.23752318021735286e-09
2.26740009194546882e-07
1.19155455514748218e-09
2.26543469634385273e-07
1.06713399844286708e-09
2.26285468126926214e-07
9.27906301767371585e-10
2.25965546686177017e-07
8.28901219416109809e-10
2.25603389769232885e-07
8.02169122991028268e-10
2.252322724158464e-07
8.51401913010073962e-10
2.24894281098747593e-07
9.5785592942648994e-10
2.24626695832199384e-07
1.10177414690858812e-09
1.29157569045283551e-09
2.29651852223862566e-07
-3.71728576820412644e-09
2.30347559931323797e-07
-3.3446935631063251e-09
2.30811230915093926e-07
-2.80676528737811883e-09
2.30976291331300619e-07
-2.11995835018693504e-09
2.30811022349101362e-07
-1.35912264457292919e-09
2.30345044397241687e-07
-6.64431695909796054e-10
2.29658312590624081e-07
-1.69135704327544806e-10
2.28871085593193137e-07
1.60296304705917942e-10
2.28158809608553118e-07
2.96445149327384288e-10
2.27685824168643401e-07
2.19419813409794935e-10
2.27553711693018625e-07
-1.27927392910969574e-10
2.27831661115280667e-07
-7.7504998729647213e-10
2.28557937172926816e-07
-1.64837387183071286e-09
2.29680316860081474e-07
-2.58246304084642382e-09
2.31068114910633056e-07
-3.41378785980266659e-09
2.32489519928725955e-07
-4.00108597198716775e-09
2.33750389137444324e-07
-4.22709817760919716e-09
2.34792079378728281e-07
-4.05735118773369385e-09
2.35682069303299011e-07
-3.3618147587383222e-09
2.36138644132667303e-07
-2.36269116124504582e-09
2.35983029912105541e-07
-1.21434872755208779e-09
2.35244811758550101e-07
-1.12185389996306526e-10
2.34061303637763778e-07
9.31412213145682581e-10
2.32565686400522856e-07
1.81235043487846321e-09
2.30958898553186945e-07
2.39226500344132044e-09
2.29440281341328717e-07
2.61506958791084099e-09
2.28140341762686488e-07
2.4989441726735158e-09
2.27129061666868832e-07
2.10981596279612881e-09
2.26407925196354722e-07
1.54475704731384867e-09
2.25980744118062696e-07
9.22245138185304658e-10
2.25741275469463459e-07
3.78705066422334651e-10
2.25513729514596245e-07
3.42484802064463667e-11
2.25267390675792174e-07
-1.3760080753917853e-10
2.25028489541184407e-07
-1.49850497490268063e-10
2.24872599897898102e-07
-5.29164846980228055e-11
2.24817168731020186e-07
9.28998450555305003e-11
2.24803972298475257e-07
2.46870218319517026e-10
2.2480745506708524e-07
3.27688911200329838e-10
2.24799465962406689e-07
2.94851771586504442e-10
2.25092268426966896e-07
-1.40611185402070522e-10
2.25193249828374003e-07
-4.55176869577424226e-10
2.2536589179030499e-07
-9.88689356148508378e-10
2.2567902963084329e-07
-1.52291125425240572e-09
2.26093441591273198e-07
-1.96476295498463861e-09
2.26577809416612441e-07
-2.25367036593585809e-09
2.27077104129161641e-07
-2.33824110291285275e-09
2.27535762331312719e-07
-2.22784301344429239e-09
2.27920358810094893e-07
-1.99318722157065576e-09
2.28228336939810291e-07
-1.71330521443071552e-09
2.2846976245269794e-07
-1.42326117309983282e-09
2.28611525722408864e-07
-1.09430829602941497e-09
2.28644889107288543e-07
-7.43968295858048946e-10
2.28564666962912813e-07
-4.04737034379016092e-10
2.28399622728816859e-07
-1.42330076358318259e-10
2.28203545168890839e-07
5.73624922552390829e-11
2.27953114371304668e-07
2.30895111730935822e-10
2.27574608628670109e-07
3.60128041624426005e-10
2.27091416997814214e-07
4.0288903263856839e-10
2.26626391033677232e-07
3.57946311602272206e-10
2.26324172597253331e-07
2.65729696142702254e-10
2.26244005318428844e-07
2.00643110445209999e-10
2.26374383897559123e-07
2.2989530289849399e-10
2.26643578333597976e-07
3.92462264157416628e-10
2.26997974063049179e-07
6.02375280693349621e-10
2.27367513391085152e-07
7.91686145778765291e-10
2.27681447336204628e-07
9.23582140571519195e-10
2.27893392775342441e-07
9.79603462611276137e-10
2.2796361953472201e-07
9.96902543763724813e-10
2.27865516413821124e-07
1.02600552714400756e-09
2.27599028132467689e-07
1.09538629396793711e-09
2.27187978881981403e-07
1.21321614143900625e-09
2.26666213729596439e-07
1.37316562511081674e-09
2.26073891940808459e-07
1.55017697064717108e-09
2.25472645563818991e-07
1.70302039487881719e-09
1.79670254111242284e-09
2.3087115597985389e-07
-4.82336478668646027e-09
2.31891699024513176e-07
-4.37385027414858034e-09
2.32751069721347157e-07
-3.68038360974912999e-09
2.33370806960102995e-07
-2.76327890301846814e-09
2.33699029047349466e-07
-1.72589954834720759e-09
2.33694304781019268e-07
-7.16566854339201172e-10
2.33362294513913315e-07
8.74710518749523499e-11
2.32858533500796988e-07
5.69696422395422703e-10
2.32360662495567495e-07
6.73107979597367109e-10
2.32058322864546044e-07
3.7240701727842195e-10
2.32063150163713727e-07
-3.0809664553518942e-10
2.32358694341297498e-07
-1.26741187115130092e-09
2.328361277889075e-07
-2.34888509058767376e-09
2.33410781197766415e-07
-3.40766381218047251e-09
2.33994435552308456e-07
-4.27480270867059506e-09
2.34431998403610389e-07
-4.81651032432271532e-09
2.3459726790080184e-07
-4.92349822570618069e-09
2.34409075531411238e-07
-4.53216727015446907e-09
2.34109470198216595e-07
-3.65774372541123468e-09
2.33852553571790639e-07
-2.46961667277266914e-09
2.33377990103090875e-07
-1.15665302109910129e-09
2.3253971034297719e-07
1.51429468340102486e-10
2.31491995513556368e-07
1.27013302287843679e-09
2.30496412825609989e-07
2.0956371172421815e-09
2.29682904658773894e-07
2.59525125214497e-09
2.2906773401639759e-07
2.74830759676849243e-09
2.28603055895314262e-07
2.58466055387730305e-09
2.28207672610332478e-07
2.18128053423951883e-09
2.2780787719457014e-07
1.63518971958467076e-09
2.2739890498398177e-07
1.06493965464081797e-09
2.26980224807513517e-07
5.73661861150670556e-10
2.26564065945156963e-07
2.62894503214329868e-10
2.2611428462073087e-07
1.52802188102352642e-10
2.25598659961821014e-07
2.30735493178194374e-10
2.25002323259134403e-07
4.37044482614892838e-10
2.24387414069422876e-07
6.36424392422400155e-10
2.2388179268020452e-07
7.06666562739588047e-10
2.23605148254408573e-07
5.72336061928720735e-10
2.23462357213359676e-07
4.07954647101541924e-10
2.23414226625677924e-07
-1.00808083304265525e-10
2.23803186371553724e-07
-8.5315291833843866e-10
2.244036846660481e-07
-1.59674377043720575e-09
2.25196280472713401e-07
-2.32203439238645123e-09
2.2608636500400377e-07
-2.86041999920829379e-09
2.26941841260298016e-07
-3.11370582850071552e-09
2.27653614688416245e-07
-3.05354958798693035e-09
2.28157073188231152e-07
-2.73437729278275423e-09
2.28465903531688426e-07
-2.30524774608172752e-09
2.28627934888247479e-07
-1.87780346358835703e-09
2.28704016227673416e-07
-1.50029172079950605e-09
2.28714002554913333e-07
-1.1048567137153459e-09
2.28664219094543742e-07
-6.94594522425066754e-10
2.28600462909361659e-07
-3.41366854503744863e-10
2.28444407843510638e-07
1.34915424699391469e-11
2.28143103114825305e-07
3.58517389539641444e-10
2.27731617980477778e-07
6.42256445628361235e-10
2.27224154478703555e-07
8.67468868157498442e-10
2.26646611553567897e-07
9.80298686226631766e-10
2.26066886370386774e-07
9.37635683538192143e-10
2.25575794130427247e-07
7.56788319695955178e-10
2.25274472337770429e-07
5.01939216862304447e-10
2.25212746126354418e-07
2.91599667059751238e-10
2.25405258260169831e-07
1.99937614552471258e-10
2.25764635654898065e-07
2.42986606905099499e-10
2.2618836458579987e-07
3.67946574896740563e-10
2.26515392789006061e-07
5.96546019725681396e-10
2.26622263833386615e-07
8.72726300112465858e-10
2.26441354661539107e-07
1.17780671476332319e-09
2.25978893970449033e-07
1.48846214214431671e-09
2.25319648559826391e-07
1.75462841893259865e-09
2.24589053013802409e-07
1.94380951947583763e-09
2.23906932049883874e-07
2.05528522003468001e-09
2.23354276120618549e-07
2.10283221458845977e-09
2.22961919653935911e-07
2.0953768722632445e-09
1.97686080154875795e-09
2.31579882184999839e-07
-5.90444446830879717e-09
2.3261862428239058e-07
-5.42021528460118325e-09
2.33545545612230262e-07
-4.61873388193718394e-09
2.34261231229118892e-07
-3.49705070019843882e-09
2.34702928538106013e-07
-2.19763085223555182e-09
2.34911590287235279e-07
-9.65393735197670011e-10
2.34983918818166755e-07
-5.09106026942248293e-11
2.35112614592658628e-07
3.61684794558457446e-10
2.35309952361282626e-07
3.76450612382339469e-10
2.35527330027973708e-07
3.42782272918833915e-11
2.35705342886819437e-07
-6.27586247260736854e-10
2.3585100722398501e-07
-1.59518022558700204e-09
2.35895682806203572e-07
-2.64626631782086211e-09
2.35800550297436775e-07
-3.57807635247980826e-09
2.35469392695066549e-07
-4.26032428267659192e-09
2.34814104605985007e-07
-4.56738125854742559e-09
2.33755703988241916e-07
-4.38823360883223026e-09
2.32177588422508151e-07
-3.67896824845750588e-09
2.3046017296482818e-07
-2.7589240685728942e-09
2.29014190273147654e-07
-1.5308176398573731e-09
2.27951199417251244e-07
-5.34171728562879338e-10
2.2736675002736019e-07
1.46470918046577208e-10
2.27275937471565489e-07
7.01368808090880073e-10
2.27638974955382361e-07
1.13388772052339592e-09
2.28358242109610421e-07
1.40343351455437839e-09
2.29232414265969421e-07
1.5176557535469668e-09
2.30011207338093483e-07
1.50520664613519813e-09
2.30486197202906547e-07
1.41674970397529002e-09
2.30530686687328922e-07
1.30889015553425588e-09
2.30101530679748487e-07
1.226419417185912e-09
2.29243987293149041e-07
1.18753462102704382e-09
2.28106106467055216e-07
1.18732918959880126e-09
2.26838089172328047e-07
1.23769613386452279e-09
2.25523406121534475e-07
1.39218486735519652e-09
2.24222412287114596e-07
1.62139556753683224e-09
2.23058066473186233e-07
1.72443110604993774e-09
2.22151261154717009e-07
1.56454469765602999e-09
2.21590285646311433e-07
1.10029013638592293e-09
2.22049375009933462e-07
-7.41202638501731074e-11
2.22650124116117204e-07
-7.14599950255979496e-10
2.23490353040995132e-07
-1.7021874704939755e-09
2.24549356401461405e-07
-2.66281606574038523e-09
2.25706000799041248e-07
-3.48462420782150803e-09
2.268987687859704e-07
-4.05810195511791625e-09
2.28024969484636464e-07
-4.24377323352762322e-09
2.289624523561857e-07
-3.99388130676330855e-09
2.29603469812093767e-07
-3.37803352783726016e-09
2.29894508147815743e-07
-2.59933787131460389e-09
2.29936449363107e-07
-1.92185653758035662e-09
2.29852645083008272e-07
-1.41720390413103493e-09
2.29724286411723794e-07
-9.76974903468033196e-10
2.29480104772365346e-07
-4.50801756226780498e-10
2.29215009497405577e-07
-7.66219708176099028e-11
2.28989561302154794e-07
2.38541394798989109e-10
2.28786869794392255e-07
5.61093387080051381e-10
2.28528570635443293e-07
9.00450744869352031e-10
2.28206650852689752e-07
1.18926101159355625e-09
2.2784534579449244e-07
1.34153621329367394e-09
2.27496950442930859e-07
1.28598592985350061e-09
2.2718382319862483e-07
1.06988078077001043e-09
2.26959556038485332e-07
7.26178923659734388e-10
2.26720715742525871e-07
5.30416990473940108e-10
2.26334984171595127e-07
5.85652920887270651e-10
2.25733829052409174e-07
8.44130055535360181e-10
2.2507533031574895e-07
1.02643128104082136e-09
2.24271187675059557e-07
1.40068011167539233e-09
2.23445379540381899e-07
1.69852851732343022e-09
2.22626981349786077e-07
1.99620016048113382e-09
2.21857290679997169e-07
2.2581489160104118e-09
2.21227476305747851e-07
2.38443972532532848e-09
2.2083164321909254e-07
2.33964058916932986e-09
2.20737470000516251e-07
2.14945722655497143e-09
2.20957848844966309e-07
1.88245282531588365e-09
2.21405732678167345e-07
1.64749316276959702e-09
1.57017053729603229e-09
2.3033327339953754e-07
-6.80881676210914855e-09
2.31294539807237225e-07
-6.38972568679492416e-09
2.32261963157676921e-07
-5.59670805071622343e-09
2.33168161458457975e-07
-4.41802726245755824e-09
2.33951514396974339e-07
-3.00368098437880748e-09
2.3453064575172838e-07
-1.57185049014876349e-09
2.34824328789354911e-07
-4.02043976233643429e-10
2.34869212709417686e-07
2.55865186333752918e-10
2.34758626274151674e-07
4.06197901627900499e-10
2.3458945450307533e-07
9.5708878706157184e-11
2.34393227085077157e-07
-5.89471214838972199e-10
2.34039623974574754e-07
-1.44140214077606026e-09
2.33568346314543278e-07
-2.42351929318274229e-09
2.33003483281971832e-07
-3.30242159409741032e-09
2.32379959052172681e-07
-3.97853746388719224e-09
2.3171988919840657e-07
-4.31145212075090502e-09
2.30953179287109366e-07
-4.18748671176340349e-09
2.29877526619744484e-07
-3.57482401293268381e-09
2.29211546855933433e-07
-2.48609704875519763e-09
2.28524812659502919e-07
-1.24236102282863244e-09
2.27627072380509885e-07
-1.05556233239101531e-10
2.26489244205689983e-07
7.36226689466566205e-10
2.25283485719295593e-07
1.2755429437207744e-09
2.24195417387027122e-07
1.61624425956121785e-09
2.23267681996781429e-07
1.81438291961737031e-09
2.22441638114124334e-07
1.90344570549508815e-09
2.21646417251288764e-07
1.91715941303882591e-09
2.20837998270190938e-07
1.89147291270160975e-09
2.20003766061225461e-07
1.85782488637276542e-09
2.19163665322921959e-07
1.82747875373383103e-09
2.18376287783197108e-07
1.77939856524236846e-09
2.17744623598287142e-07
1.66307623427979048e-09
2.17377135992887695e-07
1.48057501523009982e-09
2.1720581571357884e-07
1.46212458756619712e-09
2.17080037759368489e-07
1.67070154564355498e-09
2.17102593732760329e-07
1.65067571365035471e-09
2.17507156343552064e-07
1.12492334183452475e-09
2.17998729902730937e-07
5.7969213821841179e-10
2.18306556403461276e-07
-3.93283912076362413e-10
2.19090908067145463e-07
-1.50740374385437348e-09
2.19948520977262157e-07
-2.5665721929760637e-09
2.20943501893106867e-07
-3.66344800164717756e-09
2.22023566982092553e-07
-4.56935212247240281e-09
2.23083050072307638e-07
-5.12137728586365654e-09
2.24027400401661694e-07
-5.19103567423591524e-09
2.2474811224922812e-07
-4.71669513347112786e-09
2.25194443792458975e-07
-3.8266868579215526e-09
2.25400239622334178e-07
-2.80760091219581569e-09
2.25452084521800922e-07
-1.97500570768928699e-09
2.25438355087847402e-07
-1.40380206299179536e-09
2.25282239440881879e-07
-8.21231857714907747e-10
2.24968899713547369e-07
-1.37799483535560851e-10
2.2442819251215213e-07
4.63787661194004378e-10
2.23731295163245343e-07
9.35154269642584375e-10
2.22969027398983205e-07
1.32319718861294615e-09
2.22223864631987668e-07
1.64553126467548852e-09
2.21571559194488303e-07
1.84152575546981414e-09
2.21114905473020948e-07
1.79815650261318726e-09
2.21016865740780988e-07
1.3839936566112208e-09
2.21132345812950279e-07
9.54374546773579008e-10
2.21262551774560094e-07
5.95953342529130039e-10
2.21712047261388073e-07
8.09078823038934653e-11
2.22491678741159812e-07
-1.93993116758766348e-10
2.23534590089061906e-07
-1.98799147766617479e-10
2.23924130493828952e-07
6.36872409098783287e-10
2.24016691193355259e-07
1.30811062757809422e-09
2.23948915626869469e-07
1.76629981389295885e-09
2.23738061902310103e-07
2.20704982203494927e-09
2.23484415323854194e-07
2.511792123215694e-09
2.23209722867654304e-07
2.65912964533602317e-09
2.22896654429110997e-07
2.65270723973432132e-09
2.22544324201550902e-07
2.50178631912818312e-09
2.22173601024910018e-07
2.25317540561473165e-09
2.21831473173418182e-07
1.98962085804301775e-09
1.84526855890114057e-09
2.21398230425507208e-07
-6.62501796714303665e-09
2.21354592689718668e-07
-6.36947683807780245e-09
2.2150631896328638e-07
-5.7751524580142587e-09
2.21794122565848158e-07
-4.7349859892755781e-09
2.22032993218901757e-07
-3.27621480402817197e-09
2.22003041094815355e-07
-1.57297792769858539e-09
2.21858728238532598e-07
-3.19892126576696435e-10
2.2175169125532808e-07
2.44030029207610721e-10
2.21573579948107964e-07
5.41048485607319915e-10
2.21004694550875383e-07
5.20708757805374352e-10
2.20150616567712458e-07
7.44130626973699198e-11
2.19183264749189038e-07
-7.79298130482572342e-10
2.17993319377865267e-07
-1.58323404511076284e-09
2.16638574040929348e-07
-2.32800375062847506e-09
2.15201165593511234e-07
-3.00656178463691651e-09
2.13804301702495675e-07
-3.51151013858220189e-09
2.12624321304321294e-07
-3.69282623397729316e-09
2.11836347154574493e-07
-3.4640580370603313e-09
2.11560804322996931e-07
-2.65609026714523204e-09
2.11256548613554508e-07
-1.26387035203941174e-09
2.10837850375306624e-07
-2.27364184674226105e-11
2.10493454336835023e-07
6.83200077796263176e-10
2.10079502414399573e-07
1.25873551277847754e-09
2.09647444699906362e-07
1.64505407507880496e-09
2.09143990485104927e-07
1.94642126744646208e-09
2.08526863552614437e-07
2.17643748577984298e-09
2.07814742908961302e-07
2.31904550622700984e-09
2.07065310870514892e-07
2.37232326723754951e-09
2.06355696234404993e-07
2.34233043632903325e-09
2.05768953149820841e-07
2.23190288776180432e-09
2.05379890750220471e-07
2.02608996041363478e-09
2.05305896276090249e-07
1.63076105189077646e-09
2.05810206746844058e-07
8.98225676633793044e-10
2.06668032469859544e-07
5.44284056047609642e-10
2.07272713465480442e-07
1.02033405393764501e-09
2.07652277989693106e-07
1.2403925988553273e-09
2.07857042872384405e-07
8.98883412717661364e-10
2.08656119564395384e-07
-2.38691296918035498e-10
2.09243758910127571e-07
-9.86594945953573403e-10
2.09508999637425191e-07
-1.77835259207005228e-09
2.09575605264569067e-07
-2.6377406466403214e-09
2.09447868189530724e-07
-3.5393684820138136e-09
2.09281701953355337e-07
-4.40608769311300808e-09
2.09175432766156227e-07
-5.01729708388376875e-09
2.09168196812252855e-07
-5.18542319290603605e-09
2.0923514557375045e-07
-4.78538616108705927e-09
2.09211031019062595e-07
-3.8040611111062217e-09
2.08765867253234739e-07
-2.36337365737516075e-09
2.08043072462421943e-07
-1.25249060052013724e-09
2.07508705745401405e-07
-8.69651959254827247e-10
2.07323267465027625e-07
-6.35987468645949067e-10
2.0683413522148564e-07
3.51131697812060162e-10
2.06170386288148006e-07
1.12735316925248649e-09
2.05466220618993174e-07
1.63921539198167162e-09
2.04752349864519626e-07
2.03700523365178468e-09
2.04215265884267339e-07
2.1825761365516142e-09
2.03928804221516906e-07
2.1279629031506547e-09
2.03968472923867553e-07
1.7584709102334756e-09
2.04529031409650225e-07
8.23422409359208118e-10
2.05548839229516264e-07
-6.54451701608827593e-11
2.06428468153348675e-07
-2.83684883328940317e-10
2.07278307539688591e-07
-7.68933955434490462e-10
2.08342616869893557e-07
-1.25830641226239636e-09
2.09505702765513677e-07
-1.36188986811203902e-09
2.10187320566505241e-07
-4.47425225350275488e-11
2.10922210285994489e-07
5.73220217810993853e-10
2.11511184912856115e-07
1.17732190988022947e-09
2.12027046596434628e-07
1.69118508951015861e-09
2.12484908643246929e-07
2.05392749022285191e-09
2.12789450761366528e-07
2.35458551181522665e-09
2.12890754414445655e-07
2.55140219550351482e-09
2.1278457101821739e-07
2.60796885291645984e-09
2.12503269411988015e-07
2.53447660643928743e-09
2.12142268831543799e-07
2.35062138932448924e-09
2.06538636208281344e-09
1.91901412300079134e-07
-4.41223273073397487e-09
1.89728722133633994e-07
-4.28525718941232399e-09
1.87813274637537774e-07
-3.97398657840555799e-09
1.86288250163416333e-07
-3.3383608078193258e-09
1.85301665268810462e-07
-2.34193943250164897e-09
1.84693880899336584e-07
-1.01740735933648465e-09
1.84067758089640438e-07
2.18720596046759877e-10
1.83291707594477812e-07
8.78072651460558252e-10
1.82653386496563151e-07
9.72556238627252208e-10
1.81993518373359319e-07
8.93825776074827116e-10
1.81007318564134044e-07
7.06156146205966324e-10
1.79753922030685507e-07
1.58610177785016193e-10
1.78403943434002416e-07
-6.07388222433062167e-10
1.76782616203172061e-07
-1.22449450902319256e-09
1.75056373550575762e-07
-1.83172714589325584e-09
1.73359641011376506e-07
-2.31997131135313766e-09
1.71790178587270907e-07
-2.59098190287897841e-09
1.70477346091610937e-07
-2.54000180693045136e-09
1.69563489030778446e-07
-2.06802025440802081e-09
1.69138992744119888e-07
-1.13287172886957983e-09
1.68795183057124404e-07
8.0370554724828708e-11
1.68179059403011939e-07
1.07795254163645186e-09
1.67837152625665325e-07
1.39866641702584281e-09
1.67779925927951914e-07
1.52349082023453715e-09
1.68029514554093631e-07
1.53972003545108825e-09
1.68580919564308189e-07
1.48777508431517875e-09
1.69406414319669964e-07
1.37552208474687829e-09
1.70473317209745322e-07
1.20646568840899244e-09
1.71732892008673431e-07
1.00242807538248628e-09
1.73100982326099185e-07
7.99807280602234153e-10
1.74446815676439814e-07
6.29461485403335349e-10
1.75554054847776505e-07
4.83868657675723324e-10
1.76153251272532837e-07
2.70261914068579489e-10
1.76833058386766948e-07
-1.55822454036278765e-10
1.78169367677009817e-07
-3.30538233585332011e-10
1.7943296272910559e-07
-3.27771357400417323e-11
1.79897920863339008e-07
4.27431526075264136e-10
1.79422961862270377e-07
2.3072976261325712e-10
1.78827408265331894e-07
-3.92582507438631528e-10
1.77963181054589247e-07
-9.15763157973926518e-10
1.7676543856518224e-07
-1.44138036782963052e-09
1.75232551944349361e-07
-2.00769592807013538e-09
1.73375688981446207e-07
-2.55024599787821341e-09
1.71349439002730873e-07
-2.99186302881653833e-09
1.69347590224573459e-07
-3.18449066851261378e-09
1.67525169961370104e-07
-2.96358570193684503e-09
1.65932240170023921e-07
-2.21137567209733197e-09
1.64521088126988287e-07
-9.5236529863830938e-10
1.63061848889883404e-07
2.06651136228153566e-10
1.61523109303326133e-07
6.69011874945053521e-10
1.60738790073469997e-07
1.4826738548500239e-10
1.61307052478880962e-07
-2.17175806818699881e-10
1.62221068413041471e-07
2.13308435054883607e-10
1.63322934915239228e-07
5.37328374012821816e-10
1.64696395740594269e-07
6.63529762817290053e-10
1.6617893725600547e-07
7.00022384720736901e-10
1.67651243319987294e-07
6.55648625717422825e-10
1.68835981359967378e-07
5.73724880580973182e-10
1.69254310420595323e-07
4.050861531331679e-10
1.69374801630339538e-07
-1.85942033868666264e-10
1.69661183239661145e-07
-5.70074538753223995e-10
1.69611623604765966e-07
-7.19386211224439898e-10
1.6916731095403156e-07
-8.14001647971568046e-10
1.68591210361308916e-07
-7.85793526973932342e-10
1.69129900834944531e-07
-5.83437538376276516e-10
1.69369068834046683e-07
3.34046493473484655e-10
1.69475833006840854e-07
1.07055366505657593e-09
1.69773562975499888e-07
1.39345254464734545e-09
1.70229955007360589e-07
1.59753316786559032e-09
1.70880940962489627e-07
1.70359767149217815e-09
1.71644185158974672e-07
1.78815676489066939e-09
1.72407760320942392e-07
1.84439303036239851e-09
1.73104943389958344e-07
1.83729329911971086e-09
1.7372706993004161e-07
1.72849493584473137e-09
1.47063571947952262e-09
1.09593781142373303e-07
1.05078109111476889e-07
1.00828107913757927e-07
9.71647694193327192e-08
9.46555327521153554e-08
9.35020905117886305e-08
9.3571170535912537e-08
9.42525022693940217e-08
9.49718766554937957e-08
9.55647603817259975e-08
9.59413983232778003e-08
9.57694304709156964e-08
9.48395917215313903e-08
9.33012325594549821e-08
9.11879468316112153e-08
8.86438339813251366e-08
8.59043487762418026e-08
8.32701409672404176e-08
8.11375631172865459e-08
7.99579235533396044e-08
8.00003333144398243e-08
8.10412474540564717e-08
8.24040951375536393e-08
8.38952784367187399e-08
8.54070889058943851e-08
8.68712366713880858e-08
8.82272673480751291e-08
8.94182205841385814e-08
9.04088053922891811e-08
9.11999568307425667e-08
9.18233404159409719e-08
9.23031334902258327e-08
9.257080399309858e-08
9.24133538960041092e-08
9.20817169040507773e-08
9.20481631154795623e-08
9.24749796402461478e-08
9.27052934601600845e-08
9.23124966587998319e-08
9.13965382305878183e-08
8.99549742072776034e-08
8.79470929160165574e-08
8.53966705166861945e-08
8.24047025479316839e-08
7.92201562373388443e-08
7.62565304041702096e-08
7.40451242935017458e-08
7.3092740935176719e-08
7.3299378322852029e-08
7.39683776730286849e-08
7.41166320255575811e-08
7.38994445724462415e-08
7.41127444445448683e-08
7.46500655134226626e-08
7.53135885083053944e-08
7.60136046144594592e-08
7.66692474262740613e-08
7.72429667007128046e-08
7.76480464967424484e-08
7.74620965484963966e-08
7.68920138806330291e-08
7.61726190364072206e-08
7.53586089448040553e-08
7.45728069710813457e-08
7.39893603190269895e-08
7.43234007792676827e-08
7.53939510564611525e-08
7.67874008745725094e-08
7.83849317709359685e-08
8.00885276787784829e-08
8.18766832709863282e-08
8.3721075666419139e-08
8.555836875564499e-08
8.72868638456246346e-08
)
;

boundaryField
{
    reactingWall
    {
        type            calculated;
        value           uniform 0;
    }
    inertWall
    {
        type            calculated;
        value           uniform 0;
    }
    inlet
    {
        type            calculated;
        value           nonuniform List<scalar> 
20
(
-2.13293563546027541e-07
-2.13293501715360849e-07
-2.13293499264146894e-07
-2.13293473606069939e-07
-2.13293470917464174e-07
-2.1329345878062834e-07
-2.13293456949008795e-07
-2.13293451197931586e-07
-2.13293450816731317e-07
-2.13293448774158772e-07
-2.13293448667315571e-07
-2.13293450776588652e-07
-2.13293451173900415e-07
-2.13293456924505402e-07
-2.13293458751818606e-07
-2.1329347088570028e-07
-2.13293473569833737e-07
-2.13293499224671664e-07
-2.13293501672911157e-07
-2.13293563501023119e-07
)
;
    }
    outlet
    {
        type            calculated;
        value           nonuniform List<scalar> 
20
(
8.81846914231413531e-08
1.7463456535982252e-07
2.11500733367039486e-07
2.20059024582034673e-07
2.21777229400792642e-07
2.21925721801675675e-07
2.25168659283168041e-07
2.25501214944584975e-07
2.26347292799627354e-07
2.24537517559261329e-07
2.25117339230335948e-07
2.28346641931053475e-07
2.24442217783464857e-07
2.2496751909315476e-07
2.2278176222216078e-07
2.21812423905178186e-07
2.21556375325484704e-07
2.11922151151157849e-07
1.74321820881448054e-07
8.87575000541359329e-08
)
;
    }
    defaultFaces
    {
        type            empty;
        value           nonuniform List<scalar> 0();
    }
}


// ************************************************************************* //
