/*--------------------------------*- C++ -*----------------------------------*\
  =========                 |
  \\      /  F ield         | OpenFOAM: The Open Source CFD Toolbox
   \\    /   O peration     | Website:  https://openfoam.org
    \\  /    A nd           | Version:  8
     \\/     M anipulation  |
\*---------------------------------------------------------------------------*/
FoamFile
{
    version     2.0;
    format      ascii;
    class       volScalarField;
    location    "0.4";
    object      CH3CHOHCH3;
}
// * * * * * * * * * * * * * * * * * * * * * * * * * * * * * * * * * * * * * //

dimensions      [0 0 0 0 0 0 0];

internalField   nonuniform List<scalar> 
1800
(
0.0800000000000001266
0.0800000000000001682
0.0800000000000001266
0.0799999999999999878
0.0799999999999999739
0.0799999999999999184
0.0799999999999998906
0.0800000000000000433
0.0800000000000000294
0.0800000000000001682
0.0800000000000002931
0.0800000000000002792
0.0800000000000001682
0.0800000000000000711
0.0800000000000000572
0.0800000000000001404
0.0800000000000000849
0.0800000000000001266
0.0800000000000001266
0.0799999999999999462
0.0799999999999999323
0.0799999999999998906
0.0799999999999999323
0.0799999999999997796
0.0799999999999999323
0.0799999999999999323
0.0799999999999999323
0.0800000000000000155
0.0799999999999999739
0.0800000000000001127
0.0800000000000000711
0.0800000000000000572
0.0799999999999999739
0.0800000000000000017
0.0800000000000000155
0.0799999999999999462
0.0799999999999999462
0.0799999999999998074
0.0799999999999998351
0.07999999999999996
0.0800000000000000155
0.0800000000000000294
0.0799999999999999462
0.0800000000000000294
0.0799999999999999878
0.0800000000000000294
0.0800000000000000988
0.0800000000000001821
0.0800000000000000017
0.0800000000000000017
0.0799999999999999739
0.0799999999999999739
0.0799999999999998629
0.07999999999999996
0.07999999999999996
0.07999999999999996
0.0800000000000000711
0.0800000000000001266
0.0800000000000000849
0.0800000000000000155
0.0800000000000000433
0.0800000000000000572
0.0800000000000000017
0.07999999999999996
0.0799999999999998768
0.0799999999999999184
0.0800000000000000017
0.0799999999999999184
0.0799999999999999878
0.0799999999999999184
0.0799999999999999323
0.0800000000000000572
0.0799999999999999739
0.0799999999999999462
0.0799999999999999462
0.0800000000000000017
0.0799999999999999462
0.0800000000000000572
0.0800000000000000988
0.0800000000000000572
0.0800000000000000988
0.0799999999999999462
0.0799999999999998906
0.0799999999999998906
0.0799999999999999184
0.0799999999999999462
0.0799999999999998074
0.0799999999999998074
0.0799999999999998629
0.0799999999999998906
0.0800000000000000294
0.0800000000000001266
0.0800000000000000988
0.0800000000000000017
0.0800000000000001127
0.0800000000000000711
0.079999999999999849
0.0799999999999998351
0.0799999999999999184
0.079999999999999849
0.0799999999999998768
0.079999999999999849
0.0799999999999998351
0.0799999999999996547
0.0799999999999997657
0.0800000000000000988
0.0800000000000000988
0.07999999999999996
0.0800000000000000017
0.0800000000000000433
0.0800000000000000155
0.0800000000000000849
0.0800000000000000711
0.0800000000000000572
0.0799999999999999878
0.0800000000000000433
0.0800000000000000849
0.0800000000000000433
0.0799999999999999878
0.0800000000000000294
0.0799999999999999045
0.0799999999999997935
0.0799999999999998213
0.0799999999999998351
0.0799999999999999184
0.0799999999999999045
0.0799999999999999739
0.0799999999999999739
0.0799999999999998351
0.0799999999999998768
0.0800000000000000017
0.0800000000000001266
0.0800000000000001543
0.0800000000000001127
0.0800000000000001682
0.0800000000000000711
0.0800000000000001127
0.0800000000000001127
0.0800000000000000155
0.0800000000000000294
0.0800000000000000849
0.0799999999999999878
0.07999999999999996
0.07999999999999996
0.0799999999999998768
0.0799999999999999184
0.0799999999999999739
0.0799999999999999323
0.0799999999999999045
0.0799999999999998906
0.0800000000000001404
0.0800000000000000988
0.0800000000000001404
0.0800000000000001404
0.0800000000000000155
0.0799999999999999878
0.0799999999999999462
0.0799999999999998629
0.0799999999999997796
0.0799999999999998074
0.0799999999999997796
0.0799999999999997241
0.0799999999999998629
0.0799999999999998768
0.0799999999999998906
0.0800000000000001404
0.0800000000000000572
0.0800000000000001682
0.0800000000000000711
0.0800000000000000849
0.0800000000000000294
0.0799999999999999184
0.0799999999999999045
0.0799999999999998351
0.079999999999999738
0.0799999999999998629
0.0799999999999999462
0.0799999999999999462
0.0800000000000001127
0.0800000000000000572
0.0800000000000001404
0.0800000000000000711
0.0799999999999999323
0.0800000000000000294
0.0799999999999999045
0.0799999999999999045
0.0799999999999999184
0.0799999999999998768
0.0799999999999998351
0.0799999999999998213
0.0799999999999999323
0.0799999999999998768
0.0799999999999998906
0.0799999999999997657
0.0799999999999997519
0.0799999999999999878
0.0799999999999999878
0.0800000000000000433
0.0799999999999999878
0.0799999999999999045
0.0799999999999999462
0.07999999999999996
0.0799999999999999184
0.0799999999999998074
0.0799999999999998629
0.0799999999999997241
0.0799999999999996825
0.0799999999999997241
0.0799999999999998074
0.0799999999999999184
0.0800000000000000294
0.0799999999999999739
0.07999999999999996
0.0799999999999999878
0.0799999999999998768
0.0799999999999999323
0.0799999999999998768
0.0799999999999999739
0.0799999999999999462
0.0799999999999999323
0.0799999999999999739
0.0799999999999998768
0.0799999999999998351
0.0799999999999998768
0.0799999999999998074
0.0800000000000000711
0.0800000000000001682
0.0800000000000001266
0.0800000000000000849
0.0799999999999999323
0.079999999999999849
0.0799999999999999184
0.0799999999999999739
0.0799999999999999878
0.0800000000000000155
0.07999999999999996
0.0800000000000000017
0.0800000000000000294
0.0799999999999999878
0.0800000000000000988
0.0799999999999999462
0.0799999999999999462
0.0799999999999999462
0.07999999999999996
0.0799999999999998768
0.0799999999999999878
0.0799999999999999323
0.0800000000000000155
0.0799999999999999045
0.0799999999999999323
0.0799999999999998768
0.0799999999999999739
0.0799999999999999739
0.0800000000000000294
0.07999999999999996
0.0800000000000000711
0.0800000000000002098
0.0800000000000001821
0.0800000000000001821
0.0800000000000000849
0.0800000000000000711
0.0799999999999999739
0.0799999999999999739
0.0800000000000000433
0.0800000000000000294
0.0800000000000001543
0.0800000000000001127
0.0800000000000001682
0.0800000000000001543
0.0799999999999997657
0.0799999999999999878
0.0800000000000000849
0.0800000000000001404
0.0800000000000000849
0.0800000000000000017
0.0799999999999999739
0.0800000000000000294
0.0800000000000000294
0.0799999999999999462
0.0799999999999999045
0.0799999999999998906
0.0799999999999997102
0.0799999999999998213
0.0799999999999998213
0.0799999999999943812
0.0800000000000000433
0.0800000000000001543
0.0800000000000001821
0.0800000000000000433
0.0800000000000000433
0.0799999999999999323
0.079999999999999849
0.0799999999999998213
0.0800000000000000155
0.0800000000000000433
0.0800000000000001543
0.0800000000000000849
0.0800000000000001821
0.0799999999999987527
0.0799999999999012057
0.0800000000000001682
0.0800000000000001821
0.0800000000000001543
0.07999999999999996
0.0800000000000000988
0.0799999999999997657
0.0799999999999987665
0.0799999999999939371
0.0799999999999666117
0.0799999999998277644
0.0799999999991656552
0.0799999999962006242
0.0799999999837715525
0.0799999999351447277
0.0799999997581430922
0.0799999991606070715
0.0799999972959530292
0.0799999919359763723
0.0799999777984298499
0.0799999437456649226
0.079999869401692611
0.0799997201179162842
0.0799994260722812628
0.0799988586393578505
0.0799977866009777688
0.0799958031567947897
0.0799922085996450927
0.0799858271125024611
0.079974729356386387
0.0799558262564949024
0.0799242956736611193
0.0798728056315911317
0.0797905097958851173
0.0796618173581757072
0.07946497455921403
0.0791705175066982902
0.0787401317056417582
0.0781376396036187471
0.0773645421953296913
0.0764018775305513598
0.0752342137559119661
0.0739293971208558331
0.0723696030952377389
0.0706762598581260754
0.0688067359558327818
0.0668708918705312738
0.0648437540474185448
0.0628420348880619623
0.0608755677719390875
0.0589990080465600045
0.0572116986724491017
0.05554677781998478
0.0539858030030334057
0.0525764592279327897
0.0512673039788313356
0.0500312519917561344
0.0488626330206158518
0.0477795674467742099
0.046744050131585814
0.0457770221417211284
0.0448055197346469425
0.0436764861261151466
0.0424138258023056477
0.0410161026853309782
0.0396652115399415625
0.038548665362374758
0.0374286346196338257
0.0362856787805777709
0.0352378309233569442
0.034252593108078648
0.033306043221896009
0.0324148221048490628
0.0316012293301860259
0.0306612232487896187
0.0292772972176651783
0.0800000000000000294
0.0800000000000001543
0.0800000000000002098
0.0800000000000001543
0.0800000000000001266
0.0800000000000001543
0.0800000000000001404
0.0799999999999996408
0.07999999999999792
0.0799999999999891354
0.0799999999999478489
0.0799999999997654671
0.079999999999008406
0.0799999999960660513
0.0799999999853791693
0.0799999999492102265
0.0799999998354464364
0.0799999995038045836
0.079999998610323822
0.079999996394021694
0.0799999913771135968
0.0799999812094414064
0.0799999611878610961
0.079999922578618779
0.0799998496634960338
0.0799997146841057161
0.0799994695662250288
0.0799990326953889941
0.0799982683155853191
0.0799969552858803001
0.0799947410301434375
0.0799910757159676133
0.0799851212742824225
0.0799756302183107642
0.0799607910402390376
0.0799380423490996944
0.0799038679238424226
0.079853527654839801
0.0797798673414852749
0.0796836309088757716
0.0795429629217434125
0.0793846362498927677
0.0791668157364682351
0.0789216354854143098
0.0785912875996896271
0.0782331329128579389
0.0778235916892383167
0.0773145324242947157
0.0767391151194837667
0.0762409397237911041
0.0755802409322736679
0.0748686620812821918
0.0742037089359868229
0.0735645001992697029
0.0727085118965219018
0.0718767509604714971
0.0712459092902358593
0.0704707956196299889
0.0694460964893064553
0.0685778725329902195
0.0679072424238331557
0.0670468870094924618
0.0661551673468292883
0.0653633256890119585
0.0646454389901450904
0.06372832078043561
0.062630905915928875
0.0613347192696678117
0.0601119235559653547
0.0592698535642519203
0.0586122020313232864
0.0577299095034239929
0.0564509448724294857
0.0552433605291272264
0.0543925541580914315
0.0800000000000000294
0.0800000000000000572
0.0800000000000000294
0.0800000000000000017
0.0799999999999999878
0.0800000000000001127
0.0800000000000000572
0.0799999999999999184
0.0799999999999999045
0.0799999999999991968
0.0799999999999960049
0.0799999999999823491
0.0799999999999259082
0.0799999999997075412
0.0799999999989164101
0.0799999999962357489
0.0799999999877673423
0.0799999999628804581
0.0799999998950082225
0.0799999997237743621
0.0799999993276220983
0.0799999985157688054
0.0799999969160521962
0.0799999938316530296
0.0799999880103747091
0.0799999772410729393
0.0799999576895467635
0.0799999228285784014
0.0799998617522655053
0.0799997565821982531
0.0799995785740212489
0.0799992824242903161
0.0799987981721604902
0.0799980200001383923
0.0799967911361565559
0.0799948837508972083
0.0799919714650468988
0.0799875871280130435
0.0799810376681418661
0.079972111988955652
0.0799591200619303166
0.0799424274988898148
0.0799188668919660478
0.0798879120976378893
0.0798543271114629666
0.0798087089280793555
0.0797441296442441827
0.0796823635070779412
0.079596781630175209
0.0795095058770824148
0.0793943909799552788
0.0792839122840574978
0.0791330693457178158
0.0789800052699673599
0.0788294647097712298
0.0786227270525423766
0.0784325438536692815
0.0782362506963943383
0.0779727162621801917
0.0776961374820994699
0.0775065095942899795
0.0772868800630588659
0.0770795423940229818
0.0768700643177702009
0.0765902469003277298
0.0762048424246154071
0.0758119752460068852
0.0754548983127892176
0.0749809448179159233
0.0745326186203101593
0.0741654714643394525
0.0737615523412336743
0.0732195342538974892
0.072676296434696655
0.0721908436942559073
0.0800000000000000572
0.07999999999999996
0.0799999999999999184
0.0799999999999999323
0.0799999999999998351
0.0799999999999997796
0.0799999999999998906
0.07999999999999996
0.0799999999999998768
0.0799999999999998768
0.079999999999999738
0.0799999999999988498
0.0799999999999949363
0.0799999999999800593
0.0799999999999262551
0.0799999999997445255
0.0799999999991693189
0.0799999999974682352
0.0799999999927792083
0.0799999999807631951
0.0799999999524010214
0.0799999998935478768
0.0799999997774743787
0.0799999995536876535
0.0799999991316795722
0.079999998351824253
0.0799999969372851977
0.0799999944159981019
0.0799999899965479211
0.0799999823746736644
0.0799999694379759096
0.0799999478251832707
0.0799999122834635784
0.0799998547536340532
0.0799997630999503134
0.0799996193897138386
0.0799993976209057572
0.0799990608114264368
0.0799985575524717191
0.0799978195579967022
0.0799967431608601676
0.0799952440722433711
0.0799930878600833423
0.0799899648423979814
0.0799864735893243139
0.0799816591991419218
0.0799746304351241083
0.079967267974628331
0.0799568350210231732
0.0799456063988840115
0.0799297055587211147
0.0799144750888827055
0.0798943080561314439
0.0798685111740290027
0.0798445680228417054
0.0798108674909571297
0.0797795283409499928
0.0797389979978803676
0.0796923846788018253
0.0796472776586663045
0.0795925971606225302
0.0795335271477313199
0.0794840311393113369
0.0794174168501070865
0.0793532069076564456
0.0792828209601971617
0.0791878488694408716
0.0790938122386146969
0.0789962343870673628
0.0788757866596525442
0.0787611562718643771
0.0786520849617273754
0.0785058224720617537
0.0783364809685272862
0.0781885953673247952
0.079999999999999849
0.0799999999999999184
0.0799999999999998768
0.0799999999999997935
0.0799999999999998074
0.0799999999999999462
0.0800000000000000017
0.0800000000000001543
0.0800000000000001404
0.0800000000000000988
0.0800000000000000433
0.0800000000000000155
0.0799999999999997657
0.0799999999999988082
0.0799999999999952138
0.0799999999999831263
0.0799999999999444905
0.0799999999998298877
0.0799999999995109623
0.0799999999986822363
0.0799999999966915648
0.0799999999924916327
0.0799999999841884551
0.0799999999681499513
0.0799999999378714216
0.0799999998818810704
0.0799999997802680329
0.0799999995990204882
0.0799999992809503069
0.079999998731409297
0.0799999977962198711
0.0799999962282298693
0.079999993637629524
0.0799999894196335853
0.0799999826513494855
0.0799999719475946169
0.0799999552630743238
0.0799999296264004844
0.0799998907949814458
0.0799998328515037355
0.0799997474051376695
0.0799996227440221974
0.0799994410673089823
0.079999174127641598
0.0799988416385787882
0.0799983855448623132
0.0799977151228507127
0.0799969295218950216
0.0799958250528021025
0.0799945762497156626
0.0799927979410870182
0.0799909122423964336
0.0799884924284903348
0.0799851244750747759
0.0799818791042605504
0.0799773437278628596
0.0799725963549671598
0.0799669387848674085
0.0799590569895679698
0.0799523539404640715
0.0799444677590202685
0.0799337553304254322
0.0799251109975341184
0.0799136436813423917
0.0798997171935553335
0.0798856507313542019
0.0798672193829312177
0.0798477789334814253
0.0798268395404298919
0.0798031992693720854
0.0797790551527716718
0.0797530457124252662
0.0797241347510926068
0.079687358602493541
0.0796479011237597873
0.0799999999999997935
0.0799999999999999184
0.0799999999999999323
0.07999999999999996
0.0800000000000000711
0.0800000000000000849
0.0800000000000000572
0.0799999999999999878
0.0799999999999999878
0.0800000000000000155
0.0800000000000000017
0.0799999999999999878
0.0800000000000000294
0.0799999999999999045
0.0799999999999996131
0.0799999999999988637
0.0799999999999963241
0.0799999999999890105
0.0799999999999683464
0.079999999999913779
0.0799999999997804273
0.0799999999994932542
0.0799999999989237653
0.079999999997820273
0.0799999999957316799
0.0799999999918617338
0.0799999999848261811
0.0799999999722550426
0.0799999999501499609
0.0799999999118656685
0.0799999998465184964
0.0799999997365426346
0.0799999995540047748
0.0799999992551397449
0.0799999987723936518
0.0799999980030381419
0.0799999967931499106
0.0799999949154247408
0.0799999920388599628
0.0799999876874183807
0.0799999811805806454
0.0799999715494049274
0.079999957399895405
0.0799999368245847553
0.0799999081516923061
0.0799998681928482946
0.0799998118127651925
0.0799997367739582188
0.0799996374072561578
0.0799995104094380349
0.0799993349514678403
0.0799991194619877471
0.079998865451947232
0.0799984984955473405
0.0799981154700356994
0.0799975870621449092
0.0799970031430579237
0.0799962886112067506
0.0799952806987983128
0.0799943546086139129
0.079993210422137237
0.079991634258260419
0.0799902815717632859
0.079988495414129418
0.0799863621312379286
0.0799839635814241084
0.0799812190555618668
0.0799780950555415149
0.0799743969122590492
0.0799702396897822437
0.0799661310409751774
0.0799612536037724586
0.0799558728500452398
0.0799488701133901636
0.0799405356081913376
0.0799999999999997935
0.0799999999999998213
0.0799999999999997657
0.0799999999999998213
0.07999999999999996
0.0799999999999999045
0.079999999999999849
0.0799999999999999184
0.0799999999999999739
0.0800000000000000572
0.0800000000000000711
0.0800000000000000433
0.0800000000000000433
0.0800000000000000017
0.0799999999999998906
0.0799999999999998213
0.0799999999999997519
0.0799999999999993217
0.0799999999999980171
0.0799999999999946726
0.0799999999999860684
0.079999999999967264
0.0799999999999299605
0.0799999999998573103
0.0799999999997192124
0.0799999999994624178
0.0799999999989941951
0.0799999999981550747
0.0799999999966753417
0.0799999999941040096
0.0799999999896989361
0.0799999999822543634
0.079999999969838545
0.0799999999493979513
0.0799999999161712522
0.0799999998628344311
0.0799999997782701172
0.079999999645823508
0.0799999994408580467
0.0799999991273602634
0.0799999986532094892
0.0799999979436237657
0.0799999968921567967
0.0799999953499754834
0.0799999931181104573
0.0799999899084215815
0.0799999852887756518
0.0799999785564817351
0.0799999705519631454
0.0799999594251288304
0.0799999441118094262
0.0799999226589957202
0.0799998979981886155
0.0799998624928926205
0.0799998220321486292
0.0799997661878508876
0.0799997046655908511
0.0799996235761669255
0.079999509610784697
0.0799994015811703596
0.0799992611859580982
0.0799990717373652571
0.0799989002653508086
0.0799986683751648664
0.0799983880145318238
0.0799980281892813672
0.0799976338294596523
0.0799972030078160978
0.0799966317999135507
0.0799959788912284475
0.0799953657778326443
0.0799946314287713484
0.0799937497577417611
0.0799926463196142384
0.0799911942741776127
0.0799999999999999739
0.0799999999999998906
0.07999999999999996
0.0799999999999999184
0.07999999999999996
0.0800000000000000433
0.0800000000000000155
0.0800000000000000711
0.0800000000000000849
0.0800000000000000849
0.07999999999999996
0.0799999999999998629
0.0799999999999999323
0.0799999999999999184
0.0799999999999999323
0.0799999999999999323
0.0799999999999999739
0.0799999999999998351
0.0799999999999998351
0.0799999999999997102
0.0799999999999993633
0.0799999999999981282
0.0799999999999957134
0.0799999999999911199
0.0799999999999824324
0.079999999999966237
0.0799999999999365108
0.079999999999882998
0.079999999999788185
0.0799999999996227201
0.0799999999993383226
0.0799999999988554727
0.0799999999980460924
0.0799999999967061504
0.0799999999945142093
0.079999999990970988
0.0799999999853101551
0.0799999999763692377
0.0799999999624056712
0.0799999999408363832
0.0799999999078720853
0.0799999998580064181
0.0799999997833106685
0.0799999996724975043
0.0799999995097426808
0.0799999992725003162
0.0799999989276629908
0.0799999984214854465
0.079999997772697326
0.0799999968510131526
0.0799999955631378878
0.0799999937473270389
0.0799999915499379488
0.0799999884112840287
0.0799999846536752351
0.0799999794359107091
0.0799999735889832669
0.079999965664466377
0.0799999544384333294
0.0799999425971018724
0.0799999264030574475
0.0799999071895525077
0.0799998864432241302
0.0799998583352424519
0.0799998257131323692
0.0799997830590484516
0.0799997352446813192
0.0799996813268089441
0.0799996089952309392
0.0799995221469359113
0.0799994375362681198
0.0799993440953965795
0.0799992177146265776
0.079999061340720462
0.0799988353181441542
0.0800000000000000849
0.0800000000000001266
0.0800000000000001543
0.0800000000000001543
0.0800000000000000988
0.0800000000000000988
0.0799999999999999878
0.0800000000000000849
0.0799999999999998629
0.0799999999999998074
0.0799999999999998074
0.0799999999999997519
0.079999999999999738
0.0799999999999998768
0.0799999999999999739
0.0800000000000000711
0.0800000000000000572
0.0800000000000000017
0.0799999999999999184
0.0799999999999999739
0.0800000000000000572
0.0799999999999998074
0.0799999999999996825
0.0799999999999994882
0.0799999999999991135
0.0799999999999980865
0.0799999999999962408
0.079999999999992924
0.0799999999999871231
0.07999999999997702
0.0799999999999593675
0.0799999999999294886
0.07999999999987914
0.0799999999997951516
0.0799999999996570399
0.0799999999994321781
0.0799999999990703425
0.0799999999984940258
0.0799999999975861964
0.0799999999961711339
0.0799999999939874362
0.0799999999906511189
0.0799999999856024352
0.0799999999780336701
0.079999999966790275
0.0799999999502342268
0.0799999999260660871
0.0799999998911343491
0.079999999841513833
0.0799999997716758088
0.0799999996742910557
0.0799999995392009638
0.079999999355841761
0.0799999990995221427
0.0799999987884895125
0.079999998368444819
0.0799999978462509337
0.0799999971327457204
0.0799999961344718818
0.0799999949467672111
0.0799999933403049701
0.0799999916103412007
0.0799999894929942362
0.0799999866440967156
0.079999983188711335
0.0799999786142777114
0.0799999735187767874
0.0799999672014818503
0.0799999587616381791
0.0799999482221792069
0.079999937994942677
0.0799999267571244316
0.0799999115164974628
0.0799998924669243217
0.079999862475877398
0.0799999999999998351
0.0799999999999998629
0.0799999999999998213
0.0799999999999998351
0.0799999999999998351
0.0799999999999998351
0.0799999999999997519
0.0799999999999998629
0.0800000000000000017
0.0799999999999999878
0.0799999999999999323
0.0800000000000000711
0.07999999999999996
0.0799999999999998906
0.0799999999999998906
0.0799999999999999184
0.0799999999999999323
0.0799999999999998629
0.0799999999999998629
0.0799999999999999462
0.0799999999999999462
0.07999999999999996
0.0799999999999999045
0.0800000000000000294
0.0800000000000001127
0.0800000000000001266
0.0800000000000000849
0.0799999999999999878
0.0799999999999996964
0.0799999999999990857
0.0799999999999979755
0.0799999999999961992
0.0799999999999932154
0.0799999999999881084
0.0799999999999794903
0.0799999999999654876
0.0799999999999428252
0.0799999999999066735
0.0799999999998491501
0.0799999999997587363
0.0799999999996179739
0.0799999999994009253
0.079999999999069385
0.0799999999985676336
0.079999999997814833
0.0799999999966957975
0.0799999999950467555
0.0799999999926395006
0.079999999989167167
0.079999999984206302
0.0799999999771901227
0.0799999999673702694
0.0799999999537910067
0.079999999935209759
0.0799999999104724913
0.0799999998775941662
0.0799999998333987689
0.0799999997724920031
0.0799999996893186877
0.0799999995880425196
0.079999999444999928
0.0799999992760754841
0.0799999990681056344
0.0799999987855327666
0.0799999984370806244
0.0799999980129271204
0.0799999975132066471
0.0799999968321333244
0.0799999959255587451
0.0799999947490038221
0.0799999936144241697
0.0799999923408464819
0.0799999906071613837
0.0799999883264419093
0.0799999846111794782
0.0800000000000000294
0.0799999999999999462
0.07999999999999996
0.0800000000000000294
0.0800000000000000572
0.0799999999999999184
0.0800000000000000155
0.0799999999999999878
0.0800000000000000572
0.0800000000000001404
0.0800000000000001266
0.0800000000000000711
0.0800000000000000572
0.0800000000000000017
0.0800000000000000572
0.0800000000000000849
0.0800000000000000294
0.07999999999999996
0.0799999999999998213
0.0799999999999997657
0.0799999999999997796
0.079999999999999849
0.0799999999999999462
0.0799999999999999184
0.0799999999999999462
0.0799999999999999739
0.0800000000000000849
0.0800000000000001127
0.0800000000000000017
0.0799999999999998213
0.0799999999999994466
0.0799999999999986139
0.0799999999999971567
0.0799999999999947004
0.0799999999999907452
0.079999999999984292
0.079999999999974078
0.0799999999999579381
0.0799999999999325695
0.0799999999998936284
0.0799999999998337458
0.0799999999997428601
0.0799999999996060807
0.0799999999994023686
0.0799999999991025529
0.0799999999986653748
0.0799999999980342547
0.0799999999971315739
0.0799999999958511537
0.0799999999940483042
0.0799999999915278759
0.0799999999880292162
0.0799999999832104874
0.0799999999766217024
0.0799999999676390822
0.0799999999553397123
0.0799999999382426247
0.0799999999141344093
0.079999999884525233
0.0799999998432259218
0.0799999997862586298
0.0799999997083905151
0.0799999996016651782
0.0799999994504743406
0.0799999992754411859
0.0799999990626179408
0.0799999987746944641
0.0799999983914738283
0.0799999978744855011
0.079999997252432245
0.0799999965201878688
0.0799999956050615607
0.0799999944370335114
0.0799999929508124624
0.0799999904932816724
0.0800000000000000017
0.0800000000000000155
0.0800000000000000155
0.0800000000000000017
0.0800000000000000711
0.0799999999999999878
0.0799999999999999739
0.0800000000000000849
0.0800000000000000017
0.0799999999999999878
0.0800000000000001266
0.0800000000000001127
0.0800000000000000711
0.0800000000000000572
0.0800000000000000572
0.0800000000000000017
0.0799999999999999878
0.0799999999999999184
0.0799999999999998906
0.0799999999999999739
0.07999999999999996
0.0799999999999999739
0.0800000000000000988
0.0800000000000000017
0.0799999999999997519
0.0799999999999992661
0.0799999999999984057
0.0799999999999968792
0.0799999999999942424
0.0799999999999897599
0.0799999999999821132
0.0799999999999690126
0.079999999999947155
0.0799999999999110867
0.0799999999998523975
0.0799999999997582367
0.0799999999996086758
0.0799999999993741967
0.0799999999990110289
0.0799999999984553067
0.0799999999976142712
0.0799999999963550146
0.0799999999944904366
0.0799999999917622856
0.0799999999878207024
0.0799999999821966457
0.0799999999742648654
0.0799999999631899467
0.079999999947849551
0.0799999999267392153
0.0799999998978657978
0.0799999998586729405
0.0799999998060267753
0.0799999997365133247
0.0799999996438740396
0.0799999995192366836
0.0799999993495990602
0.079999999118941581
0.0799999988097045839
0.0799999983976261986
0.0799999978481957391
0.0799999971112520386
0.0799999961158841671
0.0799999947647592746
0.0799999929297641882
0.0799999908873148396
0.0799999881892111964
0.0799999845041505508
0.0799999793171683737
0.0799999716274453765
0.0799999663799643851
0.0799999612070463884
0.079999953777136229
0.0799999433034545016
0.0799999256049251789
0.0799999999999999184
0.0800000000000000017
0.0800000000000000988
0.0800000000000001404
0.0800000000000001127
0.0800000000000000711
0.0800000000000000017
0.0800000000000001127
0.0800000000000001821
0.0800000000000002237
0.0800000000000002376
0.0800000000000003209
0.0800000000000001821
0.0800000000000000433
0.0799999999999999739
0.0799999999999999323
0.0799999999999999045
0.07999999999999996
0.0799999999999999462
0.0799999999999999462
0.0799999999999998351
0.0799999999999993078
0.0799999999999980865
0.0799999999999958106
0.0799999999999915778
0.0799999999999836259
0.0799999999999691513
0.0799999999999432276
0.0799999999998977224
0.0799999999998190769
0.0799999999996851008
0.0799999999994608635
0.0799999999990896882
0.0799999999984827986
0.0799999999975021109
0.0799999999959367658
0.0799999999934724454
0.0799999999896485042
0.0799999999837954778
0.0799999999749475138
0.0799999999617211771
0.0799999999421580205
0.0799999999135442147
0.0799999998722442929
0.0799999998135290519
0.0799999997312977607
0.0799999996177594153
0.079999999462368479
0.0799999992506083141
0.0799999989623607216
0.0799999985702087579
0.079999998042339468
0.0799999973581756729
0.0799999965339858732
0.0799999954553115705
0.0799999940069203719
0.0799999920395090824
0.0799999893572966719
0.0799999857869300723
0.079999981186193822
0.0799999750053095454
0.079999966447164006
0.0799999538448050718
0.0799999330143718046
0.0799999150435399681
0.0799998976407800405
0.0799998750865000691
0.0799998487909295841
0.0799998185287145031
0.0799997771369395788
0.0799997197146835592
0.0799996631649348422
0.079999590486361738
0.0799994915125965683
0.0799993348457385539
0.07999999999999996
0.0799999999999999739
0.0800000000000000155
0.0800000000000001127
0.0800000000000000711
0.0799999999999999045
0.079999999999999849
0.079999999999999849
0.0799999999999998768
0.0799999999999999878
0.0800000000000000711
0.0800000000000001127
0.0799999999999999323
0.0799999999999997657
0.0799999999999997935
0.0799999999999996964
0.0799999999999994743
0.0799999999999991968
0.0799999999999986972
0.0799999999999970873
0.0799999999999931322
0.0799999999999838063
0.0799999999999643219
0.0799999999999259914
0.0799999999998524114
0.0799999999997149935
0.079999999999464555
0.0799999999990183286
0.0799999999982398818
0.0799999999969074477
0.0799999999946650886
0.0799999999909439263
0.0799999999848388099
0.0799999999749248097
0.0799999999589962735
0.0799999999337292211
0.0799999998942879931
0.0799999998337720258
0.0799999997423212483
0.0799999996057709495
0.0799999994036965506
0.0799999991068725269
0.0799999986755934173
0.0799999980623552348
0.0799999972168506518
0.0799999960725449738
0.0799999945434797521
0.0799999925195408607
0.079999989819348763
0.079999986202992035
0.079999981315934568
0.0799999747212738199
0.0799999671076384866
0.0799999579721041576
0.07999994571100838
0.0799999285798340676
0.0799999031234279873
0.0799998610852444419
0.07999982587093106
0.0799997874040885848
0.0799997384866217437
0.0799996669077348288
0.0799995660494880051
0.079999458249700714
0.0799993261649349502
0.0799991465012035857
0.0799988961218737471
0.0799986390308908141
0.0799983448973723421
0.0799979504277459758
0.0799974806846874831
0.0799970192653580298
0.0799964590439661977
0.0799956882692980931
0.0799944806089216698
0.0799999999999997241
0.079999999999999738
0.0799999999999998213
0.0799999999999998768
0.0799999999999999323
0.079999999999999738
0.079999999999999738
0.0799999999999997935
0.0799999999999997241
0.0799999999999996547
0.0799999999999995159
0.0799999999999993078
0.0799999999999989331
0.0799999999999986694
0.0799999999999981837
0.0799999999999971706
0.0799999999999950889
0.0799999999999906064
0.079999999999979976
0.0799999999999528866
0.079999999999884594
0.0799999999997214051
0.0799999999993844246
0.0799999999987228982
0.0799999999974603943
0.0799999999951173518
0.0799999999908794501
0.0799999999833939518
0.0799999999704596176
0.0799999999485636465
0.0799999999121229211
0.0799999998521926936
0.0799999997543958258
0.0799999995957593607
0.079999999340333583
0.0799999989348039869
0.0799999983108583418
0.0799999973786128526
0.0799999960049384562
0.0799999939957311834
0.0799999910698591526
0.0799999868249498119
0.0799999807242534611
0.0799999721703965883
0.0799999606574495342
0.079999945264196945
0.0799999266279318028
0.0799999018544689938
0.0799998682061747457
0.0799998199798507559
0.0799997415949207091
0.0799996786025997664
0.0799996135663772479
0.0799995343108155094
0.0799994399916957727
0.0799993103157522617
0.0799991356326904685
0.0799989017085164372
0.0799985892393968445
0.0799981714163831154
0.0799976178315454367
0.0799969374130875127
0.0799961199824922448
0.0799951659846164093
0.0799939396601209718
0.0799923078857441017
0.0799901632910090254
0.0799881857049578732
0.0799858469468592431
0.0799829375968901801
0.0799799583058381086
0.0799767318922513376
0.0799724539570306203
0.0799670374276914842
0.079958835404514414
0.0799999999999999739
0.0799999999999999323
0.0799999999999998629
0.0799999999999997102
0.0799999999999995159
0.0799999999999991829
0.0799999999999987527
0.0799999999999980727
0.0799999999999969902
0.0799999999999954081
0.0799999999999933681
0.0799999999999907729
0.0799999999999867623
0.0799999999999815581
0.0799999999999729816
0.0799999999999577022
0.0799999999999281702
0.0799999999998602662
0.079999999999683602
0.0799999999992204031
0.0799999999980424842
0.0799999999952378388
0.0799999999895029401
0.0799999999782785853
0.0799999999569517145
0.0799999999176001508
0.0799999998469160395
0.0799999997229774995
0.0799999995107876366
0.079999999158600163
0.0799999985865279262
0.0799999976613691988
0.0799999961650908475
0.0799999937454708848
0.0799999898486129651
0.0799999836663896902
0.0799999742733499414
0.0799999605352920695
0.0799999406435190491
0.0799999117477555449
0.0799998690839619914
0.0799998042121262687
0.0799997048020412993
0.0799995550987150361
0.0799994315586959048
0.0799992871735511757
0.0799991089344837952
0.0799988606728624235
0.0799985326267503849
0.0799981697556607779
0.0799977099217795001
0.0799971046653313866
0.0799963838754017414
0.0799955872492653236
0.0799946525025108102
0.0799934378276697111
0.0799918166168902267
0.0799896718255169864
0.0799868628539357751
0.0799830952446326654
0.0799785476027492503
0.0799733416098879213
0.0799671994359069799
0.0799595770830416885
0.0799493485807433041
0.0799363348443510036
0.0799232097735670388
0.0799104213386221812
0.0798950375484414749
0.0798787131676489404
0.0798606368808042616
0.0798356778999931987
0.0797973713089723258
0.0797633233463033026
0.0797348279483222622
0.0799999999999996825
0.0799999999999990857
0.0799999999999976702
0.0799999999999951028
0.0799999999999914113
0.0799999999999856243
0.0799999999999769923
0.0799999999999658484
0.0799999999999501388
0.0799999999999308764
0.0799999999999060629
0.0799999999998724926
0.0799999999998300682
0.079999999999766841
0.0799999999996625355
0.0799999999994708694
0.0799999999990625293
0.079999999997982546
0.0799999999950438967
0.0799999999872268025
0.0799999999673589729
0.0799999999203662437
0.0799999998254794092
0.0799999996405552083
0.0799999992917408975
0.079999998655007884
0.0799999975264217567
0.0799999955737473456
0.0799999922714596939
0.0799999868842618811
0.0799999782761757899
0.079999964398809284
0.0799999416440584088
0.0799999034738435727
0.0799998372867883056
0.0799997166869671067
0.0799995654339004797
0.0799994009743845297
0.0799991574728465132
0.079998799941724999
0.0799982908996923758
0.0799975899351604014
0.0799966429173725874
0.0799954393350122694
0.0799939789785664296
0.0799922099718445023
0.0799900186303416222
0.079987425787303057
0.0799846814311318266
0.0799816156748630047
0.0799775558208406095
0.0799723013202500582
0.0799663562099700159
0.0799600732326739422
0.0799527272757239588
0.0799430254370930987
0.0799300168527122268
0.0799123893712364169
0.0798907903042320455
0.0798616678376920935
0.0798292769603778235
0.079796210404725329
0.0797502042937821565
0.079683522345400673
0.0795912728990495755
0.0795410299785908326
0.0794998674784459097
0.0794361121174331913
0.0793705252713879233
0.0792824243392231121
0.0791804703848009162
0.0790733715736447879
0.0789304695419216634
0.0787574193798228073
0.0785961339970054768
0.0799999999999927713
0.0799999999999768535
0.0799999999999484734
0.0799999999999030376
0.0799999999998413092
0.079999999999751617
0.0799999999996361399
0.0799999999994885497
0.0799999999992913324
0.0799999999990659016
0.0799999999988230265
0.079999999998497745
0.0799999999980789966
0.0799999999974251863
0.0799999999962646285
0.0799999999939679102
0.0799999999877613333
0.0799999999701062198
0.0799999999208157592
0.0799999997892095749
0.0799999994567996003
0.0799999986756409764
0.0799999970951951606
0.0799999940123647391
0.0799999882018072456
0.0799999776768149651
0.0799999591308009211
0.0799999262568742153
0.0799998654794499275
0.0799997820165851969
0.0799996754154827794
0.0799994930001117766
0.0799991907226402649
0.0799987000521011488
0.0799979167338650821
0.0799967125278182173
0.0799949335130627215
0.0799923768066389956
0.0799887782110399737
0.0799838567140561674
0.0799772454402639388
0.0799683780143524564
0.0799578533740344655
0.079946698098916899
0.0799335717455678663
0.0799172875976107422
0.0799005650016944569
0.0798847405449758102
0.0798653640939280124
0.0798382340521974626
0.0797946569001850015
0.0797599327902292071
0.0797258599080710728
0.0796896092438003217
0.0796483111139645455
0.0795871918977602288
0.0794947358497062745
0.0793540690879977612
0.0792050395041654642
0.0790888321203390421
0.0789235312256800214
0.0786756346968138648
0.0784261349983366718
0.0782239586788004426
0.078036887606220795
0.0778068679681690745
0.0774943910344276649
0.0771617632615213961
0.0767302411593922123
0.0762314866515240164
0.0758421309775935276
0.0754598599597763459
0.0749314812256099971
0.0744165429524457495
0.0739621394869429544
0.0799999999998307759
0.0799999999995200939
0.0799999999990095301
0.0799999999982638904
0.0799999999973321496
0.0799999999960865349
0.0799999999946359452
0.0799999999931002292
0.0799999999912718862
0.0799999999893498126
0.0799999999872904877
0.0799999999848378524
0.0799999999812362889
0.0799999999751924568
0.0799999999636132192
0.0799999999321912153
0.0799999998381089872
0.0799999995617017706
0.0799999987865764317
0.079999996731569753
0.0799999916050084248
0.0799999796696914539
0.0799999560445768948
0.0799999103590794958
0.0799998259053588262
0.0799996796851484004
0.0799994414836207035
0.0799990623850927313
0.0799984575857043689
0.0799974861266956327
0.0799959137790909464
0.0799933423344722783
0.0799890608398934194
0.0799816917105343195
0.0799682563097646598
0.0799501166014968817
0.0799283523299864629
0.0798997290321188935
0.0798584086945452326
0.0798029767842041299
0.0797262325291693136
0.0796462796597763728
0.079569008316280318
0.0794825923219839997
0.0793980821861279135
0.0793260384349568776
0.0792497152751360373
0.0791666830757183637
0.0790787328564926673
0.0789874889684873543
0.0788844445071974348
0.0787502878491676689
0.0785694221021058792
0.0783433004277200584
0.0780889441641648002
0.077761645199923235
0.0773229980457299099
0.0768425838319999194
0.0764122675974146931
0.0759767901012953356
0.0754044818407947487
0.0746182943743802368
0.0737028981570840153
0.0732077313361946813
0.0727560711197374199
0.0720517984917424109
0.070943626150407002
0.0699033445510383461
0.0692586320613561707
0.0686751491826041865
0.0681970002322702523
0.0676414073924371528
0.0668029460313959988
0.0658407045205535724
0.0653753583120498805
0.0799999999942682533
0.0799999999863764688
0.0799999999771205395
0.0799999999683650431
0.0799999999591354399
0.0799999999498347686
0.0799999999410143797
0.0799999999319511712
0.0799999999223366121
0.0799999999136090933
0.0799999999038796539
0.0799999998895302017
0.0799999998653030259
0.0799999998181331884
0.0799999996723823326
0.0799999991991203613
0.0799999977137619972
0.0799999933013184339
0.0799999809727433009
0.0799999486674890375
0.079999869516901162
0.0799996889986533261
0.0799993090937769491
0.0799985444156149916
0.0799970191134388581
0.0799946213802104761
0.0799916369620516932
0.0799873325526549994
0.079980065332263095
0.0799681465132229263
0.079948875282614823
0.0799180624006433638
0.0798693164140581308
0.0797930428572110328
0.0796751456120615986
0.0794955369199727285
0.0792268040507042581
0.0788341676595723101
0.0782668652493797162
0.0778130325284414753
0.0775430438981520309
0.0773958538328212153
0.0773102695144949059
0.0772540537345922929
0.0771996055959679045
0.0771408945056922535
0.0770647592896136074
0.0769858269580854238
0.0768841666824345293
0.0767653924252135883
0.0766286708837030511
0.0764850975807062766
0.0763128090081297977
0.0761294293276137957
0.075936060711702294
0.0757172528834120506
0.075478300549836938
0.0752350782082976677
0.0749686571591548639
0.0746377909263337691
0.0742931331153954405
0.0739760022416510871
0.0736971995136231073
0.0734378841021025019
0.0731992793901841826
0.0729971651795293663
0.0727392082014578917
0.0724900620989268191
0.0722849933986486753
0.0720422658011158207
0.0717327198804488253
0.071472647455849872
0.0711891928181491995
0.0708886160123484571
0.0704901158349544726
)
;

boundaryField
{
    reactingWall
    {
        type            catalyticWall;
        gradient        uniform 0;
    }
    inertWall
    {
        type            zeroGradient;
    }
    inlet
    {
        type            fixedValue;
        value           uniform 0.0800000000000000017;
    }
    outlet
    {
        type            zeroGradient;
    }
    defaultFaces
    {
        type            empty;
    }
}


// ************************************************************************* //
