/*--------------------------------*- C++ -*----------------------------------*\
  =========                 |
  \\      /  F ield         | OpenFOAM: The Open Source CFD Toolbox
   \\    /   O peration     | Website:  https://openfoam.org
    \\  /    A nd           | Version:  8
     \\/     M anipulation  |
\*---------------------------------------------------------------------------*/
FoamFile
{
    version     2.0;
    format      ascii;
    class       volScalarField;
    location    "0.4";
    object      CH3COCH3;
}
// * * * * * * * * * * * * * * * * * * * * * * * * * * * * * * * * * * * * * //

dimensions      [0 0 0 0 0 0 0];

internalField   nonuniform List<scalar> 
1800
(
1.12069355607380964e-69
6.82594123084141393e-68
3.82519741732278213e-66
2.04111444968953835e-64
1.04012903713610939e-62
5.03458528346515015e-61
2.28867679969211874e-59
9.6508985203552679e-58
3.72825944499537266e-56
1.30027800004163806e-54
4.01419481177692597e-53
1.066829229769338e-51
2.34138440651369343e-50
3.9599490545139716e-49
4.49300263204172968e-48
4.96174422768947272e-68
2.91614936493356163e-66
1.58800470612713696e-64
8.26276049798238367e-63
4.10702427267255939e-61
1.94543353039760571e-59
8.70140731851465917e-58
3.63028756225094231e-56
1.39511579652988423e-54
4.86769321512762793e-53
1.51182274289673347e-51
4.06309772991252476e-50
9.06143324824893991e-49
1.56291591255928316e-47
1.81374386798471785e-46
2.4180808562024913e-66
1.46049325130156976e-64
8.16297904628951482e-63
4.36442916300993685e-61
2.22498344146332351e-59
1.07887037256048436e-57
4.93837943081614156e-56
2.10988157740537427e-54
8.30937625098589192e-53
2.97310312537832337e-51
9.47337363361971087e-50
2.61203301993797651e-48
5.97572031099808284e-47
1.0553650856866758e-45
1.24783943356417873e-44
1.13950245925081372e-64
7.16591608314298621e-63
4.16477511555142506e-61
2.31588667299454634e-59
1.22685872272815297e-57
6.17068186327221604e-56
2.92723749814895559e-54
1.29637743622223999e-52
5.29403022377959708e-51
1.96387654967739197e-49
6.48387125301046454e-48
1.85048626791900614e-46
4.37947200595059179e-45
7.98300890199342715e-44
9.6720092406733392e-43
5.12508196824005003e-63
3.36344195724167884e-61
2.03950664949517888e-59
1.18365973501644428e-57
6.54580284747333719e-56
3.43408034931655839e-54
1.69822900445684547e-52
7.84260045684720673e-51
3.34053216916775774e-49
1.29178036043986255e-47
4.44128212446988241e-46
1.3182660373849788e-44
3.24501063828017506e-43
6.14462856844597793e-42
7.67444180613727233e-41
2.20332846287552504e-61
1.51366710872223455e-59
9.61335598266429773e-58
5.84086390138938515e-56
3.38125075504233166e-54
1.85573767053946791e-52
9.59554311953570488e-51
4.63456015173767536e-49
2.06451812916912384e-47
8.33877151821375185e-46
2.99058821842443873e-44
9.24851658618769488e-43
2.37526299327169014e-41
4.69564831075750745e-40
6.08222328177423513e-39
9.02617226946284665e-60
6.50783307763702955e-58
4.34023325421138818e-56
2.76738633227084822e-54
1.6811057638416488e-52
9.67671145915981935e-51
5.24583198348515699e-49
2.65713993829910214e-47
1.24070837128235829e-45
5.24214267101229151e-44
1.96337227110616261e-42
6.33457545063597551e-41
1.70245747400399811e-39
3.53103211152205313e-38
4.7809297273832114e-37
3.50536241416373422e-58
2.66361595116286708e-56
1.87363447281755469e-54
1.25861184774202795e-52
8.05088495090581124e-51
4.87343810352718062e-49
2.77606924069534557e-47
1.47768354340171147e-45
7.24302237261501069e-44
3.20541968742070258e-42
1.25517283970018977e-40
4.22984111763311605e-39
1.19319777377819625e-37
2.6076612484893585e-36
3.72707963041895615e-35
1.28174499693598437e-56
1.03306999041039218e-54
7.70274006408092631e-53
5.47273629495954982e-51
3.69892398558716709e-49
2.35986104750318669e-47
1.41457706251232751e-45
7.92471912267149213e-44
4.08059363230989611e-42
1.89606460611952093e-40
7.78198678429705991e-39
2.74388455375692788e-37
8.14752712372255025e-36
1.88511279739087844e-34
2.87555010502260702e-33
4.35781503066897473e-55
3.76394828612241027e-53
2.99767154590904975e-51
2.26412677310598451e-49
1.62511070786011067e-47
1.09691764539597053e-45
6.92756010015838576e-44
4.09294763196870887e-42
2.21265861947302742e-40
1.08313037262955759e-38
4.68090130380044995e-37
1.7296832809699504e-35
5.39861150624184518e-34
1.33520752148180477e-32
2.19042518755624799e-31
1.34720835766616269e-53
1.26970674779527848e-51
1.09417294087270703e-49
8.78712794617919822e-48
6.76369561197042243e-46
4.86416632470736042e-44
3.23308660832167564e-42
2.02744964905372102e-40
1.1492281549342816e-38
5.95317947011339618e-37
2.73124645345307753e-35
1.05730065133744758e-33
3.43634428061348497e-32
9.30268440959387134e-31
1.63822790713609872e-29
3.27180079092866058e-52
3.2468937968712101e-50
3.01407339033380168e-48
2.57452540673487056e-46
2.07365182732403287e-44
1.55258553854642839e-42
1.07620101761666067e-40
7.12470521905769927e-39
4.20596908432815938e-37
2.3226587571807425e-35
1.13787957815110889e-33
4.50268692188417477e-32
1.53357608807221077e-30
4.7137749696381676e-29
8.87210083734917251e-28
6.48991461905798527e-51
6.76870622266387966e-49
6.39067334163984981e-47
5.68667082710467184e-45
4.8137339274864392e-43
3.78287505338982749e-41
2.78121666493806271e-39
1.93288065156861835e-37
1.21744755637431384e-35
7.36070711112038548e-34
3.8201776707861902e-32
1.65046276043348193e-30
6.26835620513742418e-29
1.84505092399005228e-27
3.76455427421577314e-26
1.04748007249845595e-49
1.12276964383885253e-47
1.09000631119776604e-45
9.91056738788020444e-44
8.72018840790125746e-42
7.03369454082372387e-40
5.64416715683925537e-38
4.24209152812282153e-36
2.72479146416792881e-34
1.70318653098196414e-32
9.84430956707957135e-31
4.4073859568484111e-29
1.89313280356753951e-27
6.04556497074776183e-26
1.32473124734823712e-24
1.41504554376508197e-48
1.56662547160494372e-46
1.56578308670248211e-44
1.4866296621599374e-42
1.34483686912630863e-40
1.17259997519423277e-38
9.5354751129994181e-37
7.72682590972155126e-35
5.60837552081761998e-33
3.63796378534511567e-31
2.09346950420036673e-29
1.1956963215070476e-27
5.45968569051864401e-26
1.76439219309493873e-24
4.10302501680395935e-23
1.57604302750530435e-47
1.78457276801319137e-45
1.83797766331072287e-43
1.82064536215779365e-41
1.73261807235505939e-39
1.58277605976626407e-37
1.34734863136286673e-35
1.16136153832564067e-33
9.11797308974744645e-32
6.50126664782049097e-30
4.12116800002033156e-28
2.43924296885059862e-26
1.26866231081803294e-24
4.57815340381075121e-23
1.18744490148011677e-21
1.42679380537575518e-46
1.64229806853309596e-44
1.75160434840460592e-42
1.83261754769183803e-40
1.85267333721398315e-38
1.7769370898885539e-36
1.61965481944101707e-34
1.41215343434102928e-32
1.22475267656812823e-30
9.60354587974207934e-29
6.96810972893383362e-27
4.59045303791648704e-25
2.65942600984096042e-23
1.14716488283738455e-21
3.68520905610660609e-20
1.04291349609143786e-45
1.21578711089643045e-43
1.33570705349719003e-41
1.47373370651053047e-39
1.56430395858702419e-37
1.57441403595009464e-35
1.56850797049029213e-33
1.48144289217665547e-31
1.34831355423442025e-29
1.16429485074666258e-27
9.49175852280857674e-26
7.15431257519641752e-24
4.73989883212304517e-22
2.34610703565260928e-20
1.19479914995058925e-18
5.84310802270789467e-45
7.19046262949038637e-43
8.48387934322505045e-41
9.86343340336418657e-39
1.11304351279181679e-36
1.21290034612850851e-34
1.27167948822638722e-32
1.29120069665570309e-30
1.26322835521651059e-28
1.18965568924260923e-26
1.07416203010091275e-24
9.25438944333131387e-23
7.53077549406799153e-21
5.65804148698519542e-19
3.59231826770991069e-17
2.13972225361475177e-44
2.98980653754255192e-42
3.98979110032740248e-40
5.13656406344742772e-38
6.39305734568081223e-36
7.67302130607079666e-34
8.85818172599630377e-32
9.82812210181805506e-30
1.0481108087386268e-27
1.07478690455618296e-25
1.06028746330513757e-23
1.00673128503023169e-21
9.19924694016166358e-20
8.07882487851359697e-18
6.80116382627989582e-16
1.86147703178985285e-47
8.09972352026510484e-47
3.61176589818578609e-46
1.57511341180120286e-45
6.49251374610724325e-45
2.48726343302260218e-44
8.80931885601035162e-44
2.88844484097797627e-43
8.81138269146569405e-43
2.5170342348119829e-42
6.77925604623864266e-42
1.73264719546849751e-41
4.22858678269603372e-41
9.90352440464387408e-41
2.23404870089236255e-40
4.86829758297994157e-40
1.02740038045605402e-39
2.10400501441945306e-39
4.18648447438567471e-39
8.08743057117598527e-39
1.50446051834426272e-38
2.66551386030861665e-38
4.57382902106024401e-38
7.65294010086990507e-38
1.25258817809055038e-37
2.00980573160045781e-37
3.16684896766320458e-37
4.90802819698728694e-37
7.49150660784477108e-37
1.12772130501966826e-36
1.67568194319730775e-36
2.46093925551471613e-36
3.57503173449766112e-36
5.13570917223504174e-36
7.30970545786928783e-36
1.0295082408612429e-35
1.43628928483290448e-35
2.00982032860860515e-35
2.808063787464072e-35
3.912114736861894e-35
5.40638357650643622e-35
7.42752406803747027e-35
1.0143225984989584e-34
1.37853711585339357e-34
1.86552507671134805e-34
2.51280605136171549e-34
3.37312310876155341e-34
4.51329753167929597e-34
5.98500645155681933e-34
7.95628068823436836e-34
1.04356537731100463e-33
1.3716944329372741e-33
1.78573957578278618e-33
2.32751626958024548e-33
3.00579215811721674e-33
3.88919481015141558e-33
5.01223543769710035e-33
6.41449790563959247e-33
8.26465023493300208e-33
1.07475773517855193e-32
1.41058533014142659e-32
1.83955466340734916e-32
2.3050157776595333e-32
2.77642433332644942e-32
3.27022440213822655e-32
3.93334014319376467e-32
4.86341794895614859e-32
6.09478709821197386e-32
7.61136968671079631e-32
9.50322614480607847e-32
1.18450530226083466e-31
1.4702063194323015e-31
1.84690796769728868e-31
2.37061971523783131e-31
3.188388040996877e-31
7.34026212092459552e-46
3.13307205997385846e-45
1.36130390143119515e-44
5.71850342259398373e-44
2.24987379386392319e-43
8.19097551813476818e-43
2.7534339091334482e-42
8.56599593686284681e-42
2.47782114881627175e-41
6.70313728258094452e-41
1.70720444927720316e-40
4.11924340710543717e-40
9.48805056742755038e-40
2.09930855516643207e-39
4.48107413871748549e-39
9.25826785248838311e-39
1.85768505167569754e-38
3.62991743730872465e-38
6.92317048482402488e-38
1.29114517601800594e-37
2.35038592608478282e-37
4.09627881532394633e-37
6.92621402522835054e-37
1.14464571650716713e-36
1.85413104708582228e-36
2.94809794575785504e-36
4.60660066901236692e-36
7.08214016383659913e-36
1.07251147927309854e-35
1.60165346552605626e-35
2.36089883806531973e-35
3.43676098814957238e-35
4.94736171921640897e-35
7.04500525589135661e-35
9.90595134541989948e-35
1.38499911841546897e-34
1.92368911623613616e-34
2.61895914607361984e-34
3.57154621364848277e-34
4.9751596648453755e-34
6.62160479200451481e-34
8.95362095498348265e-34
1.18955192711267644e-33
1.58734446649000372e-33
2.11523242707392254e-33
2.78748430805536984e-33
3.66136565090050421e-33
4.8464237861872263e-33
6.27473850237000639e-33
8.19980114210015071e-33
1.05154990543793805e-32
1.3622357417717067e-32
1.7353490822826577e-32
2.23412280555189268e-32
2.84006985984813413e-32
3.58102055831322168e-32
4.58280777692258359e-32
5.74816602639981079e-32
7.09920820342063899e-32
8.90308581802650401e-32
1.11363669185551483e-31
1.36545749337870486e-31
1.68759434712934307e-31
2.11834618113002882e-31
2.64575978199967532e-31
3.20505532706308154e-31
3.91947926132290157e-31
4.74572698366405181e-31
5.67846158685776942e-31
6.90236657010084947e-31
8.58688713297821166e-31
1.03857908158407156e-30
1.23508241469328883e-30
1.53103487850296226e-30
2.02831589452269673e-30
5.06846668929855594e-44
2.1747857771239213e-43
9.39649555398664029e-43
3.86706579741394872e-42
1.47357184518648935e-41
5.16301874534457326e-41
1.6658614188351258e-40
4.97082032198158033e-40
1.37898062245893652e-39
3.57696237060238044e-39
8.73416272632912316e-39
2.01901960148232668e-38
4.45958761886103445e-38
9.47755505397320104e-38
1.94484655712365633e-37
3.86367515476730834e-37
7.45932301735615692e-37
1.40335930693779777e-36
2.5787818771186672e-36
4.63924308622623981e-36
8.17576204349773811e-36
1.38674956666005376e-35
2.28597265557410494e-35
3.69164196140478619e-35
5.85643713131708593e-35
9.13624888859760208e-35
1.40250834236071486e-34
2.12025896625319568e-34
3.15979764026515635e-34
4.64694530639376286e-34
6.7502197445397277e-34
9.69152118912796152e-34
1.37567044635992059e-33
1.93284430879165836e-33
2.68765934278106401e-33
3.69369778186917872e-33
5.04682462027629874e-33
6.89966768806044781e-33
9.13461398693833387e-33
1.24089453466360584e-32
1.63202002719333842e-32
2.19720617657093002e-32
2.83186249686650993e-32
3.69765321601716452e-32
4.89399304290197153e-32
6.409475942902845e-32
8.17111708194569467e-32
1.06951529016165777e-31
1.34121809111465734e-31
1.70784509909067184e-31
2.15609957099503726e-31
2.77485511696488514e-31
3.44110691565063217e-31
4.3176567888733307e-31
5.51970024386552875e-31
6.72753652149094901e-31
8.34442385422379196e-31
1.04193751294609322e-30
1.26466077085249001e-30
1.56164966476387529e-30
1.9306062174741341e-30
2.34473113809118627e-30
2.87407173650598915e-30
3.51877111289687044e-30
4.36981672748556226e-30
5.13306084630880522e-30
6.13683272187866344e-30
7.44352959034599913e-30
8.79238577994844526e-30
1.04515083501270965e-29
1.26994159197309095e-29
1.49283970251138683e-29
1.76085026019806852e-29
2.13154122972320953e-29
2.72557935234029828e-29
3.98246603393979387e-42
1.73275630815737347e-41
7.48715383947054732e-41
3.0310556232978765e-40
1.1224020649207079e-39
3.79507053656124553e-39
1.17779540160419839e-38
3.37703740736403796e-38
9.00052906587155207e-38
2.24268251887823143e-37
5.2624571878211283e-37
1.16824166663074813e-36
2.48431446651035534e-36
5.0987874196344652e-36
1.01170964027450513e-35
1.94308904901539928e-35
3.63005140566901542e-35
6.61213410845336405e-35
1.17662221893241225e-34
2.05090580289641161e-34
3.50686341304520587e-34
5.79661409454669395e-34
9.32453290539757866e-34
1.47248649570966281e-33
2.28866057899377573e-33
3.5031673362282869e-33
5.28177120947377871e-33
7.84824604549020049e-33
1.15042275604767848e-32
1.66523548299327202e-32
2.38227883660981995e-32
3.37038940195660657e-32
4.71698317536597142e-32
6.53208114954666184e-32
8.95685241025634855e-32
1.21577397538534444e-31
1.63161683001350553e-31
2.18814838869396952e-31
2.88283640929369035e-31
3.79739365332138329e-31
4.93833182177639553e-31
6.60156166758534847e-31
8.43552456316785067e-31
1.06648437096829025e-30
1.38236121056148006e-30
1.83667969528088109e-30
2.26586999875572697e-30
2.88110731335758806e-30
3.56586918288183886e-30
4.53596158548593617e-30
5.55728849022081535e-30
6.96824757124333593e-30
8.59685528499672155e-30
1.05466263798309053e-29
1.32688656208526734e-29
1.59123112757900712e-29
1.95115764736225321e-29
2.38185473140676196e-29
2.85817244350323246e-29
3.49971993328012958e-29
4.22092462333756302e-29
5.05019212092923067e-29
6.18199161764510566e-29
7.3362398997715949e-29
8.80271358524540712e-29
1.05099024761582791e-28
1.23293671230378139e-28
1.47853482501850991e-28
1.72908865448172323e-28
2.01815142790784565e-28
2.40864272593284658e-28
2.84766760027204234e-28
3.28452178980550705e-28
3.89598094216848477e-28
4.88453454121308386e-28
3.22250301663493702e-40
1.42725534854188646e-39
6.17304627863908041e-39
2.45860720179763591e-38
8.84625277503223708e-38
2.88524317413296741e-37
8.60396776808309438e-37
2.36721848538828459e-36
6.05148505878964303e-36
1.44583464466000172e-35
3.25571282518603681e-35
6.94028012723927746e-35
1.42311713347895814e-34
2.82624958739595575e-34
5.43601246067404259e-34
1.01206414630137566e-33
1.83492205027200455e-33
3.24573987792884094e-33
5.60905435365082424e-33
9.50242506134959725e-33
1.57976697173869816e-32
2.54864651565668649e-32
4.00474878829220233e-32
6.18990030506092134e-32
9.43429156950142984e-32
1.41756332178204333e-31
2.09939899673263478e-31
3.06612408359916271e-31
4.42089005744821095e-31
6.29873092874909246e-31
8.87348623253154801e-31
1.23667913113127118e-30
1.70559307081840965e-30
2.32792531283852559e-30
3.14505262036859859e-30
4.20813071795914632e-30
5.5718950601685987e-30
7.32797205625356984e-30
9.56944239233715544e-30
1.23870546165005145e-29
1.58353092951392119e-29
2.06769289754193203e-29
2.63111042255366618e-29
3.2459650081903954e-29
4.12339224733878252e-29
5.4197393499992083e-29
6.56481176390237545e-29
8.16482895738914414e-29
9.96790503075890975e-29
1.25501778960270211e-28
1.50590171456226436e-28
1.84476135202152324e-28
2.28873931332796406e-28
2.74609512533995405e-28
3.39762958478494379e-28
4.01132445797670417e-28
4.82546862322209268e-28
5.91250530735041888e-28
6.93052095992620404e-28
8.32713344006442875e-28
9.93563173315361799e-28
1.17293513129085497e-27
1.41843414779220249e-27
1.67124179765124602e-27
1.9394894015344345e-27
2.29992484820214135e-27
2.68554034424930512e-27
3.17580375663870302e-27
3.66552835486819349e-27
4.22550046917154771e-27
4.98239133934940266e-27
5.80430339427843717e-27
6.63064297086693163e-27
7.76789202485064691e-27
9.57609798495323541e-27
2.61551709240363811e-38
1.18045829674019112e-37
5.10017986892335206e-37
1.99450786351975628e-36
6.96036338584518474e-36
2.18579601439073103e-35
6.24709826987270299e-35
1.64390293219290299e-34
4.01482445022810578e-34
9.15628594009323936e-34
1.96860418283577888e-33
4.03940560981209623e-33
8.00075276818754433e-33
1.53219954573627857e-32
2.84999346131923959e-32
5.16686386408333641e-32
9.09349539784810343e-32
1.5630059265733099e-31
2.62770070000133426e-31
4.34570464733966136e-31
7.03831321524223175e-31
1.10789431712334278e-30
1.7009564701741714e-30
2.5754319379267298e-30
3.85185460059631064e-30
5.67980424588155233e-30
8.25707827884257808e-30
1.18466310200686145e-29
1.68001291365775849e-29
2.355715497852969e-29
3.26601392541566191e-29
4.47943905650512619e-29
6.08101608551580282e-29
8.17183054864203478e-29
1.08699731988274292e-28
1.43168994728642418e-28
1.86747313394412765e-28
2.41502366937439785e-28
3.10360427160307245e-28
3.95801455807117311e-28
4.99198656324840793e-28
6.34221918598013263e-28
7.97745092130906647e-28
9.70871399558111447e-28
1.2128486353578857e-27
1.56104311537051993e-27
1.85831910072253133e-27
2.24881024409018322e-27
2.73761810887311015e-27
3.41080181429379863e-27
4.03116896695324829e-27
4.85215469792280107e-27
6.00943640967329391e-27
7.06676308650155467e-27
8.56392901863082096e-27
9.98938946458258452e-27
1.18571083950305144e-26
1.44321637252219399e-26
1.66413557830585517e-26
1.96430683047981789e-26
2.31399296229925718e-26
2.69050640189949089e-26
3.20884242018014331e-26
3.7482005441686306e-26
4.28828895593070282e-26
5.00412938409973887e-26
5.80253207098530806e-26
6.82180783144566868e-26
7.7895839534575994e-26
8.90013840482238004e-26
1.0340273203065261e-25
1.188342466660879e-25
1.33960985813251998e-25
1.54694520464143645e-25
1.87537778801759832e-25
2.11379047115470362e-36
9.71377806401062526e-36
4.17457575565406695e-35
1.59804142014710564e-34
5.39484291904511102e-34
1.62791668776640215e-33
4.44719230853410196e-33
1.11475418967986595e-32
2.5876037456632306e-32
5.60452970145567176e-32
1.14053783283892222e-31
2.28169314876365591e-31
4.35028322816761092e-31
7.95976721636236052e-31
1.40461727663995834e-30
2.55582338785868587e-30
4.32676221464385136e-30
7.16075115371724628e-30
1.1738939162600431e-29
1.91979434334127885e-29
3.03528777256733473e-29
4.64139805288380455e-29
6.96965515367474133e-29
1.03676610697395216e-28
1.52353599858778973e-28
2.19944290644132558e-28
3.1307815694518898e-28
4.40630297711902827e-28
6.1462374197993455e-28
8.47877510955584013e-28
1.15489894014099573e-27
1.55501669882261663e-27
2.07304317864343375e-27
2.73743514285676892e-27
3.57987376441810131e-27
4.63622895186661724e-27
5.9480006006651429e-27
7.56533258545332434e-27
9.55470648817170794e-27
1.1988306555676757e-26
1.4916115153189187e-26
1.85308321639896285e-26
2.29317705906914338e-26
2.77969842013981971e-26
3.40078675744083274e-26
4.24549507589342434e-26
5.05361961548079689e-26
5.96994970923747651e-26
7.29772248568186217e-26
8.71707197613975532e-26
1.03204537840892801e-25
1.2198092729635439e-25
1.49156425802922308e-25
1.72865235935589304e-25
2.05961282020198174e-25
2.37456429884757475e-25
2.7928395838107833e-25
3.33984649406270639e-25
3.79414754750195642e-25
4.4185077640408982e-25
5.11430721468064818e-25
5.90345438585628428e-25
6.99369274431021622e-25
8.0259871955202795e-25
9.07639271481888651e-25
1.04059704814124673e-24
1.19755679852103182e-24
1.40378333084097134e-24
1.59138403985249114e-24
1.80403704506004036e-24
2.05677433667829639e-24
2.32370389630292642e-24
2.58699883013387189e-24
2.94846383750588363e-24
3.52202702125272368e-24
1.7017980763406789e-34
7.94236347770578908e-34
3.37064580765360269e-33
1.25712383825123314e-32
4.09070507619189875e-32
1.18378633834198882e-31
3.08416405554254272e-31
7.32329054766410207e-31
1.60641503816924262e-30
3.30683319967921548e-30
6.38948016054951122e-30
1.24123396082074198e-29
2.24635207428062848e-29
3.91074644417217492e-29
6.89490711658537724e-29
1.19344259384411835e-28
1.97194412177087961e-28
3.01041536148012824e-28
4.92805384010770942e-28
8.18457794298279456e-28
1.2589559181343404e-27
1.83976111314968535e-27
2.71907734403729205e-27
4.02161548061147395e-27
5.82147196521169168e-27
8.16339815950923704e-27
1.13172350718906051e-26
1.55861479155415706e-26
2.14208282857091885e-26
2.9058136312832085e-26
3.87446537790038952e-26
5.09947577092826457e-26
6.65343140324071645e-26
8.61126432769554405e-26
1.10514409006395057e-25
1.40572218276837753e-25
1.77210086852352407e-25
2.21545735935309772e-25
2.74981223599516501e-25
3.39165802581974151e-25
4.15582609108905611e-25
5.0698993221356744e-25
6.16368389233814055e-25
7.41048361446812651e-25
8.90259203574040205e-25
1.07948515948227364e-24
1.27391268431102211e-24
1.48823963174784876e-24
1.80270077315350333e-24
2.10101920014490769e-24
2.47893041768517438e-24
2.87804971173853693e-24
3.45048259564301478e-24
3.93996968871949162e-24
4.61909250003951292e-24
5.27534747724740562e-24
6.17243825075184825e-24
7.17934195893404993e-24
8.07812983327231839e-24
9.34248340562721868e-24
1.06047934416369135e-23
1.21464722417109913e-23
1.42617641194068895e-23
1.59851026084504219e-23
1.78993360076129863e-23
2.01961888411795452e-23
2.31340034560750421e-23
2.7136287753710878e-23
3.06847718250733139e-23
3.43665254175434788e-23
3.83415174869279997e-23
4.265601918450327e-23
4.67966589342592405e-23
5.25918415878525078e-23
6.19272523439576513e-23
1.3656856440351585e-32
6.45589167639928261e-32
2.67543778907297981e-31
9.64139797665212993e-31
3.00864153504608384e-30
8.33508494005426665e-30
2.06803834971442721e-29
4.61371758770917899e-29
9.46227526056628809e-29
1.8710802644792974e-28
3.57190161318300967e-28
6.57610640956856808e-28
1.11829106028423602e-27
1.81353980100583282e-27
3.06731840855200474e-27
5.35755559861133736e-27
8.5084285910400709e-27
1.28922163131350587e-26
2.10510669519667365e-26
3.18766343615845492e-26
4.94480162338580511e-26
6.81715196269671156e-26
1.00822258576862959e-25
1.51082602462476895e-25
2.1190809946170799e-25
2.87314394192804117e-25
3.8623733351247107e-25
5.21673029390481784e-25
7.09147266833225368e-25
9.42008072147237079e-25
1.21940943019427692e-24
1.56149186470372856e-24
1.98761695701227167e-24
2.51702371794676225e-24
3.16504454931564537e-24
3.95188761335558362e-24
4.89368919649423338e-24
6.01175399160250495e-24
7.33307998183779846e-24
8.88927076115433247e-24
1.07138896032122363e-23
1.28506184276898842e-23
1.5349649396310194e-23
1.82134387019427999e-23
2.15479762630230032e-23
2.54830749558484147e-23
2.97956052926315877e-23
3.44675756101659522e-23
4.10033551775820587e-23
4.69688933995789058e-23
5.44150712962250528e-23
6.24437799292436249e-23
7.3692162760433636e-23
8.28558921360957447e-23
9.52103951864529264e-23
1.07996730207765398e-22
1.25471405024429474e-22
1.41790527427155181e-22
1.58698977058704194e-22
1.8220471252569993e-22
2.07414350768850274e-22
2.36158642611813339e-22
2.68543515894620138e-22
2.94155815955197828e-22
3.24176230943309216e-22
3.62843707037464416e-22
4.14711599044196681e-22
4.82566029016488638e-22
5.47223809931517313e-22
6.03920270550087341e-22
6.55767489536420961e-22
7.20438979893349492e-22
7.81735030700265432e-22
8.67660957638433497e-22
1.00585353928083898e-21
1.09512163725873733e-30
5.25250738607776253e-30
2.09361071889670852e-29
7.1702554727418888e-29
2.12667742109035085e-28
5.63431319793179061e-28
1.33061262168762519e-27
2.80541895180745519e-27
5.56810128163436867e-27
1.00463431296684012e-26
1.86403515220601029e-26
3.24151378925822646e-26
5.20269482509949299e-26
8.81750557218591652e-26
1.37096451332290557e-25
2.17047715316325398e-25
3.45412191050563209e-25
5.33671483933633178e-25
8.04900408207527619e-25
1.24752639932124768e-24
1.76828821041658275e-24
2.606667973080371e-24
3.75158066116347716e-24
4.94472450567417593e-24
6.94635429739450456e-24
9.58098078833184313e-24
1.2759630263048611e-23
1.63764101508404934e-23
2.20124753391576124e-23
2.86111022819141954e-23
3.50740546539163478e-23
4.43572827751231757e-23
5.46774831050912427e-23
6.76771007105338831e-23
8.33907415065229523e-23
1.02284812007631363e-22
1.2451417248690125e-22
1.50298887796622189e-22
1.80040395545152765e-22
2.14404825857001632e-22
2.53960151161327263e-22
2.9942440962137977e-22
3.51533768740749402e-22
4.10515904228627592e-22
4.78088895038667116e-22
5.54351713238361276e-22
6.39603411454401116e-22
7.34373264924049311e-22
8.48954788862847348e-22
9.61272608242699456e-22
1.09853838371615438e-21
1.25039058582342364e-21
1.42978619474616984e-21
1.59283188301235615e-21
1.80650148536880222e-21
2.05839845565814643e-21
2.32340352702369407e-21
2.5580916225416316e-21
2.87811750680862194e-21
3.33678887718647729e-21
3.85911551065712017e-21
4.28628666800751632e-21
4.60282018469115028e-21
4.91654598081284695e-21
5.34449518219598053e-21
5.93413913375095143e-21
6.7601526222355104e-21
7.7221319622685302e-21
8.74157653926966519e-21
9.58729080812598388e-21
1.02407635363058496e-20
1.10735879821735345e-20
1.19178483977011134e-20
1.31258004955579083e-20
1.49055317005502337e-20
8.77122017076619049e-29
4.31797488190906071e-28
1.63176980891077258e-27
5.17636601921900262e-27
1.42145931609959195e-26
3.62745484567544955e-26
8.11098606683733783e-26
1.66171834446925053e-25
3.05385883775713536e-25
5.23913553397072689e-25
9.05538665535848654e-25
1.53108391878966295e-24
2.38933672732779049e-24
3.64475102852256187e-24
5.46923993180018717e-24
8.53960461753168292e-24
1.31704089170790292e-23
1.96953035302656307e-23
3.14762397569690524e-23
4.47651520015732984e-23
6.40851384821966679e-23
8.86692711934674206e-23
1.24571224128857504e-22
1.6149746162560868e-22
2.19622645237830333e-22
2.92101662965106641e-22
3.75888050368625862e-22
4.84378171037802856e-22
6.15380719064916817e-22
7.66444284627887118e-22
9.48456360132227202e-22
1.13799748891657744e-21
1.36891713429005737e-21
1.66932906660466278e-21
2.02480750958666045e-21
2.43185584861280419e-21
2.90217015054027739e-21
3.43720405144572131e-21
4.04100198470569558e-21
4.72241165790538073e-21
5.49107091742184777e-21
6.35825472223523771e-21
7.33316089902875963e-21
8.4171373699199115e-21
9.63716934979342713e-21
1.09839634749434123e-20
1.24611737147020553e-20
1.41439632323761243e-20
1.59767683699819435e-20
1.79117914302203713e-20
2.02340181412425202e-20
2.27026774620383226e-20
2.52292917040011488e-20
2.82358320849124572e-20
3.17150183366475085e-20
3.50238224112432344e-20
3.7943525737848075e-20
4.14234836650335115e-20
4.63895715573639517e-20
5.27841297759702531e-20
5.89839233156504248e-20
6.4240793724404865e-20
6.82542640795622671e-20
7.27848713321753227e-20
7.91235476199053117e-20
8.79002698766167011e-20
9.84417343414395483e-20
1.10431036444870349e-19
1.23575904616748478e-19
1.36246954088512747e-19
1.45859566744005784e-19
1.53514432590025531e-19
1.63226433374781028e-19
1.7732515600235291e-19
1.96137139981744605e-19
5.21914819471711571e-27
2.67183088567619131e-26
9.56526786166468321e-26
2.77781133050023231e-25
7.41784216505010418e-25
1.78256631835077516e-24
3.69734039329976996e-24
6.99920573784626771e-24
1.24246605889095974e-23
2.01136207184259117e-23
3.15764724261335952e-23
5.2699859225308427e-23
7.87455039929760937e-23
1.13763088969722526e-22
1.71618516873684141e-22
2.7279458691505681e-22
4.05485143474919553e-22
6.424133438181235e-22
9.12490216177106205e-22
1.21479489441476382e-21
1.7383212281852088e-21
2.43692525689054509e-21
3.28366969320902471e-21
4.32043975794455958e-21
5.52657564595682177e-21
7.30490899624329006e-21
9.03830060870494711e-21
1.1338602146633181e-20
1.40710105505881619e-20
1.72360162360590617e-20
2.08586465945700829e-20
2.50939665000403632e-20
3.00549772549726319e-20
3.57359296170266453e-20
4.2215234629614132e-20
4.95544297523293538e-20
5.77937553775331041e-20
6.70289697276659191e-20
7.73424009278918519e-20
8.88012032906874294e-20
1.01493719220882874e-19
1.15575795635536276e-19
1.3101589613816873e-19
1.47875244450549669e-19
1.6644662547195816e-19
1.86579738390020612e-19
2.08358974197594668e-19
2.3286452303739523e-19
2.58757282277096012e-19
2.86565373599582463e-19
3.18957882147846565e-19
3.50741064173335058e-19
3.87176762153775082e-19
4.27090046853123549e-19
4.65037232640295957e-19
5.11090725130398074e-19
5.58358985964006334e-19
6.06054653085837918e-19
6.64315072635181839e-19
7.18061639867385409e-19
7.71475455152569324e-19
8.40330291114031128e-19
9.1367820555830509e-19
9.97415062037133985e-19
1.09908060756553864e-18
1.18318185012512581e-18
1.27097299296084768e-18
1.38172203003511416e-18
1.5037411089417551e-18
1.64879758166189417e-18
1.73444202140714842e-18
1.81561221469653776e-18
1.91584007664144033e-18
2.04352746648723355e-18
2.19833441602262411e-18
2.52996595099579424e-25
1.29349441615671906e-24
4.38041044688982071e-24
1.16499579941116757e-23
2.75693620409694344e-23
6.15464464081358545e-23
1.30825373370454894e-22
2.25415991541236195e-22
3.89555244282830383e-22
5.84163405199859258e-22
8.85874061916919969e-22
1.38165069808025235e-21
1.98034813162314815e-21
2.97495772866022654e-21
4.71151476323697898e-21
7.70859638024340162e-21
1.11287051475030622e-20
1.65993919319225998e-20
2.29407922301467989e-20
3.30190622833460425e-20
4.48574947527420022e-20
5.9883371452450662e-20
7.75143175691715624e-20
9.96000621894376835e-20
1.2578233934854479e-19
1.56183196899382392e-19
1.91981168810952289e-19
2.33662028823111897e-19
2.8148365318666084e-19
3.36372145756718574e-19
3.99147004634531559e-19
4.70413847216390931e-19
5.50833407644814994e-19
6.40991519948271037e-19
7.41356938386575263e-19
8.52125567077412603e-19
9.73926961679083749e-19
1.10731136305718391e-18
1.25345872274433498e-18
1.41301843545180881e-18
1.58613717435904933e-18
1.77608673874969761e-18
1.9784228606267467e-18
2.19620813952292233e-18
2.42825700918505709e-18
2.67525228413667814e-18
2.94777172318686141e-18
3.23804347126361412e-18
3.54883135592245811e-18
3.87795492705219024e-18
4.24352966476971781e-18
4.62067639733127959e-18
5.026422190490458e-18
5.43712563374129619e-18
5.87577082020040069e-18
6.38550067964738965e-18
6.89577746234641881e-18
7.41494269567553523e-18
7.98262246599015563e-18
8.49374927595928996e-18
9.05346710139909101e-18
9.76873087427684914e-18
1.05857841849893503e-17
1.15608952864416601e-17
1.22763881533413097e-17
1.28598006544827378e-17
1.34580686731429525e-17
1.41028513405599148e-17
1.49478906439557626e-17
1.57565075150857502e-17
1.65952093094410095e-17
1.76115737361566972e-17
1.86089591207099366e-17
1.97704673399971339e-17
2.09565815757569047e-17
1.14060773110789047e-23
5.82300861138239704e-23
1.96614783345111793e-22
4.60625258902476733e-22
9.23903594921524658e-22
1.81776571828622962e-21
3.55796704358087733e-21
6.05645628343479128e-21
1.01753714599159999e-20
1.60701790616451118e-20
2.59295872436483941e-20
3.8697483573468158e-20
5.51087588835421394e-20
8.22512256263541571e-20
1.29308074119162626e-19
1.97329552418606138e-19
2.7582913613287227e-19
4.16688835601107218e-19
5.67609787644976385e-19
7.53417532838664593e-19
9.81457504098854706e-19
1.25777577872610414e-18
1.57958822387045413e-18
1.94950873497577955e-18
2.3772585712671547e-18
2.86703640420615098e-18
3.42463062854041095e-18
4.0551997945900972e-18
4.76310124318828726e-18
5.55419368585285225e-18
6.43506902816351478e-18
7.41146047941678495e-18
8.4869989239727723e-18
9.66474827722186789e-18
1.09451358859244482e-17
1.2315995836916847e-17
1.37866282343526319e-17
1.53661021060220082e-17
1.70665690492785656e-17
1.88976122121924846e-17
2.08376659191013274e-17
2.2958200543679252e-17
2.51113294017421388e-17
2.73793132676892171e-17
2.97136177856239175e-17
3.22730100934341329e-17
3.51294214741249324e-17
3.79211979370563068e-17
4.09302048976163072e-17
4.423411612658515e-17
4.7781629487888836e-17
5.14963453110417324e-17
5.49884166996753766e-17
5.85448799007370477e-17
6.26895579944663673e-17
6.71619386866307534e-17
7.16479032330291254e-17
7.68753271616519317e-17
8.04571778022545286e-17
8.3749113581098623e-17
8.74002720185601252e-17
9.18165997959381655e-17
9.64878856306540517e-17
1.01285198265802173e-16
1.06839592722112651e-16
1.11649256167178737e-16
1.15816667254004731e-16
1.21356125278419406e-16
1.28898042543141562e-16
1.35143562677815522e-16
1.41014113965671141e-16
1.47942819409218251e-16
1.53338135489763044e-16
1.60024711087721377e-16
1.66553471805094258e-16
4.27534268853637439e-22
2.02642443489359009e-21
5.97204514617468463e-21
1.40486762159855556e-20
2.88078488248640461e-20
5.40199927735333457e-20
1.01392746077924373e-19
1.7847623348347627e-19
2.7434040003153782e-19
4.46179835027753376e-19
6.70389838704933306e-19
9.45416979060235173e-19
1.38508840015809964e-18
2.16096762539301577e-18
3.27169312375091981e-18
4.66406010777162152e-18
6.43096056909835655e-18
8.60904666878890305e-18
1.12280323134143133e-17
1.4328936166751805e-17
1.79556467551717799e-17
2.214523767398458e-17
2.67988208144141427e-17
3.1973796737574741e-17
3.77444340601831225e-17
4.41510882890461226e-17
5.12257968188191332e-17
5.89852587691259092e-17
6.74262707639892911e-17
7.6611208126824148e-17
8.66152755510386231e-17
9.74636573517114601e-17
1.09133247590702307e-16
1.21609565767447495e-16
1.34825889946184367e-16
1.48225352595661901e-16
1.62360737507555936e-16
1.77591609295610023e-16
1.936702190391339e-16
2.1061595804833137e-16
2.28238283279654801e-16
2.47068653395481507e-16
2.65902570745057947e-16
2.8545898831144855e-16
3.04935585158134256e-16
3.27336333841496801e-16
3.48887423324017286e-16
3.69812828098566426e-16
3.95019034978720165e-16
4.22897273728320649e-16
4.55289173185348056e-16
4.76815676734844577e-16
4.95286755886443098e-16
5.14556900632717416e-16
5.36103784732367187e-16
5.60036256703456682e-16
5.8349223964479056e-16
6.09437866334254376e-16
6.34919581881901396e-16
6.61317755166468757e-16
6.89105400619327804e-16
7.15220139184515619e-16
7.40207181064742097e-16
7.68761512893202113e-16
8.00033937241799797e-16
8.2547682939504351e-16
8.50615613760375499e-16
8.83847957805015463e-16
9.22365793829576546e-16
9.50475078412935624e-16
9.7531122375300718e-16
1.00700443178778678e-15
1.02834959602256441e-15
1.05495741009498276e-15
1.07644116537712855e-15
1.48242523698923667e-20
6.85832700880106868e-20
1.98050633414503421e-19
4.54233634901379574e-19
9.00455872213707955e-19
1.59772188829013466e-18
2.82429336134033766e-18
4.8268927536579921e-18
7.06351519162216378e-18
1.04898865544021402e-17
1.54460543743504612e-17
2.26736881274845378e-17
3.18419800176210798e-17
4.61841991890489876e-17
6.7262023873563068e-17
9.25486619186328846e-17
1.20473880518424453e-16
1.51673419075623769e-16
1.87367931148323499e-16
2.27762171637062177e-16
2.73000201137456086e-16
3.23083707637648822e-16
3.76446175004324419e-16
4.33769843878897431e-16
4.9552919201157789e-16
5.61893194096168201e-16
6.32978211147145958e-16
7.08492297386043995e-16
7.87134023486048323e-16
8.71213520147052713e-16
9.62028168323589037e-16
1.05780320009637234e-15
1.1578127989170741e-15
1.26182601602696157e-15
1.36881570503011063e-15
1.47396026870372122e-15
1.58239421646171182e-15
1.69688120675693745e-15
1.81389340204150788e-15
1.93450325988097626e-15
2.06087544734282548e-15
2.19502396320166495e-15
2.33288366747578896e-15
2.48570365004872426e-15
2.58604066221384977e-15
2.68498195296922999e-15
2.7901876182005445e-15
2.90752722121327896e-15
3.03444654172765357e-15
3.15942180037047318e-15
3.2946248745833775e-15
3.42679476009236116e-15
3.53168233317241025e-15
3.63983031706252709e-15
3.77581688982302739e-15
3.90223781424553075e-15
4.00759270489445003e-15
4.12312590675867107e-15
4.23342700030563666e-15
4.33598802990443979e-15
4.43409524165725011e-15
4.53754121170649127e-15
4.64039939065674834e-15
4.73954272497252792e-15
4.82501106742468044e-15
4.90233413825421864e-15
4.99223548436429256e-15
5.10870708011705027e-15
5.22055395493872609e-15
5.28666974905891933e-15
5.34673898234928849e-15
5.41335790070007269e-15
5.44552499856198947e-15
5.44686744756579984e-15
5.42119278032498104e-15
6.8653069615290627e-19
2.77471344868172724e-18
6.80325191180955257e-18
1.4203341006329067e-17
2.69066179682896824e-17
4.60130899025975006e-17
7.50694615410681933e-17
1.1738163889653552e-16
1.72515045635431646e-16
2.47868232336594756e-16
3.47822024640316385e-16
4.68618797775008675e-16
6.37537174867892243e-16
8.87163513470644003e-16
1.18348442380080545e-15
1.49330211939415467e-15
1.80853552934298459e-15
2.15462313037319483e-15
2.5310533138647248e-15
2.93701687572325284e-15
3.37133167589188929e-15
3.83117013471436714e-15
4.30047402207675631e-15
4.78713386300781012e-15
5.29259133557149584e-15
5.81748381745247243e-15
6.36401041627594284e-15
6.92918436675494604e-15
7.49901555333790886e-15
8.0927195785720856e-15
8.71644544364376499e-15
9.35083615267963448e-15
9.99456847548243153e-15
1.06505980820713739e-14
1.13122802191767724e-14
1.20067524696163312e-14
1.26044141601924616e-14
1.30885199334939919e-14
1.36046578231304313e-14
1.41540449839316597e-14
1.47292821556671158e-14
1.52730092568866865e-14
1.58318358031429209e-14
1.63912293762164744e-14
1.68971139774109473e-14
1.74312965171288978e-14
1.79823440198105853e-14
1.84453156638645828e-14
1.88807025423133508e-14
1.93551620962959154e-14
1.9792738761457546e-14
2.01581332617437244e-14
2.0470418562349995e-14
2.08166236316665132e-14
2.11814931362266862e-14
2.14618462102053166e-14
2.16727884805751336e-14
2.19001255209898528e-14
2.2103119043142139e-14
2.22397941636016873e-14
2.2411791087762857e-14
2.26616911586745242e-14
2.27927954371821557e-14
2.28070687556448665e-14
2.28383821773876159e-14
2.28204714783635849e-14
2.27303100373213273e-14
2.26241170358324725e-14
2.24750315729217633e-14
2.22823396081178007e-14
2.20196749127420022e-14
2.16895404316634766e-14
2.13902458218133522e-14
2.09760404596323047e-14
2.03090493996812133e-14
3.05424779684758924e-17
1.01392458339994076e-16
2.31305453152328149e-16
4.48357379185480635e-16
7.86625178014949669e-16
1.25383024250762637e-15
1.8958206687338238e-15
2.75015976649496808e-15
3.76893461758005503e-15
5.1086948446194327e-15
6.40709824097111523e-15
8.09434548340907532e-15
1.04976795239411908e-14
1.33679241258054046e-14
1.61964973544106263e-14
1.87980568690217405e-14
2.15035439742242247e-14
2.43088979012228029e-14
2.72009321687631809e-14
3.0164512612003834e-14
3.31832490816256774e-14
3.62329931882477566e-14
3.92150394091784022e-14
4.21740769678450479e-14
4.5100996718242767e-14
4.80405637933360272e-14
5.10779652915205961e-14
5.41963050747677647e-14
5.73851103939359241e-14
6.01253292154431198e-14
6.24539909169791637e-14
6.49577949880199239e-14
6.74805163596173158e-14
6.99315826360300644e-14
7.21651172448372686e-14
7.42300780831988639e-14
7.62233651252809781e-14
7.81310796871725998e-14
7.98285006609843983e-14
8.14385181683864684e-14
8.29449963624974588e-14
8.43588195131583838e-14
8.55618834957659331e-14
8.64627443798491379e-14
8.73899779151582602e-14
8.82899582077361725e-14
8.88704145554062724e-14
8.93262503853696494e-14
8.99214152211550606e-14
9.03958188983695731e-14
9.05637937829309303e-14
9.05435090957367315e-14
9.04074889225604476e-14
9.01469452033115818e-14
8.97000975746427607e-14
8.89842443182679101e-14
8.83545983474615252e-14
8.79716995413804905e-14
8.74431549491807199e-14
8.66550726397084217e-14
8.5774423403050685e-14
8.50250647023414909e-14
8.38901629751234909e-14
8.21056483546608861e-14
7.95565027149534761e-14
7.62948560381987329e-14
7.40586539479248349e-14
7.19738974522910086e-14
7.02815374989631423e-14
6.87939061219808613e-14
6.68028750677051514e-14
6.48450492835770655e-14
6.33118614889222407e-14
6.11449479692448732e-14
5.76072299771199796e-14
1.37193146195991912e-15
3.9625407774194685e-15
7.88676095993190021e-15
1.35243127105488596e-14
2.12952776486803821e-14
3.06206550934740174e-14
4.15084512428533785e-14
5.27052289882367942e-14
6.60378120079759436e-14
7.94298790592436419e-14
9.24730496680003932e-14
1.10197106113916289e-13
1.31160164304283229e-13
1.5027148463408686e-13
1.66305347869886928e-13
1.81497695770132566e-13
1.96359402284755919e-13
2.108010224839749e-13
2.24758788650780873e-13
2.38172881779568845e-13
2.50985861506712249e-13
2.63137554844323306e-13
2.74184119994794441e-13
2.84427728497389131e-13
2.9371581768945297e-13
3.02264781637712235e-13
3.10551841093959685e-13
3.18374646817099924e-13
3.25352959935368532e-13
3.31375636131830447e-13
3.36432410196996586e-13
3.4048777674446628e-13
3.43552762603352203e-13
3.45581436287295414e-13
3.46484405279378548e-13
3.46425110653754506e-13
3.45773670580892541e-13
3.44602983894570503e-13
3.42765599462478103e-13
3.40105262432054911e-13
3.37265507792448663e-13
3.33891032427290758e-13
3.30171637708003947e-13
3.2655363460906221e-13
3.23212141669501282e-13
3.19680891476819797e-13
3.16643701979753365e-13
3.1385253258404585e-13
3.11118679608634696e-13
3.08128943352808576e-13
3.04239710617891335e-13
2.99926961421932164e-13
2.9570546838610078e-13
2.90162117398776547e-13
2.82659511604758993e-13
2.74335457054955559e-13
2.66098307733596723e-13
2.57782721184633611e-13
2.49251040015513007e-13
2.41132661939519225e-13
2.35348274948445671e-13
2.32113835966198432e-13
2.28364959237911862e-13
2.22876428077417262e-13
2.13795790152540451e-13
2.04732448052697161e-13
1.99711296177294641e-13
1.99262300936627721e-13
1.99425822748821301e-13
1.98521948226793016e-13
1.96468001762286183e-13
1.9282232655824988e-13
1.88612315650402472e-13
1.83794648695907608e-13
1.79499703006950005e-13
5.12436981541986612e-14
1.22314289324330066e-13
1.95705288359021979e-13
2.70750469200177398e-13
3.51349633233154413e-13
4.18842146886415474e-13
4.8577649079743532e-13
5.61088298403484987e-13
6.20643969107136378e-13
6.7636613639831969e-13
7.53600948028017659e-13
8.31484165806156279e-13
8.92252183769185429e-13
9.37074724690533139e-13
9.77849025161683074e-13
1.0149475628981938e-12
1.04779400570082378e-12
1.07648497671089478e-12
1.10134598606341331e-12
1.12252195297012716e-12
1.14008303863034459e-12
1.15398307623312561e-12
1.16416022638648061e-12
1.17064781809350336e-12
1.17345340285416344e-12
1.17267376242930276e-12
1.16920644596608087e-12
1.16278840671891248e-12
1.15232041410408629e-12
1.13779180311871746e-12
1.11960148884666483e-12
1.09704290141968285e-12
1.07328870124798858e-12
1.04826583325206057e-12
1.02213231910351504e-12
9.95558359996259707e-13
9.69521975116668031e-13
9.43557172471733217e-13
9.14618354739246957e-13
8.94274207580306041e-13
8.83224712844270653e-13
8.77521389460137115e-13
8.74620863408814268e-13
8.72325701923442636e-13
8.70526519895293089e-13
8.68622236880732292e-13
8.66811548066676763e-13
8.64653566840116198e-13
8.62343506117618935e-13
8.59907336698607183e-13
8.57285044562488102e-13
8.54340723378584219e-13
8.51077535548955622e-13
8.47803838510943629e-13
8.44779450565724539e-13
8.41934947360091908e-13
8.39020152273778927e-13
8.3569991700285118e-13
8.31403681926930985e-13
8.25765284037323637e-13
8.20058890332337004e-13
8.14945618253571444e-13
8.10363476926607225e-13
8.06120961445154537e-13
8.02925398734644452e-13
8.04581311729978599e-13
8.08941704855374052e-13
8.10288615304208294e-13
8.09126218239555088e-13
8.0676595879510024e-13
8.02832517117731892e-13
7.98973639014600576e-13
7.94112632885497973e-13
7.88120430282314324e-13
7.82061468446134153e-13
)
;

boundaryField
{
    reactingWall
    {
        type            catalyticWall;
        gradient        uniform 0;
    }
    inertWall
    {
        type            zeroGradient;
    }
    inlet
    {
        type            fixedValue;
        value           uniform 0;
    }
    outlet
    {
        type            zeroGradient;
    }
    defaultFaces
    {
        type            empty;
    }
}


// ************************************************************************* //
