/*--------------------------------*- C++ -*----------------------------------*\
  =========                 |
  \\      /  F ield         | OpenFOAM: The Open Source CFD Toolbox
   \\    /   O peration     | Website:  https://openfoam.org
    \\  /    A nd           | Version:  8
     \\/     M anipulation  |
\*---------------------------------------------------------------------------*/
FoamFile
{
    version     2.0;
    format      ascii;
    class       volScalarField;
    location    "0.4";
    object      gas::mu;
}
// * * * * * * * * * * * * * * * * * * * * * * * * * * * * * * * * * * * * * //

dimensions      [1 -1 -1 0 0 0 0];

internalField   nonuniform List<scalar> 
1800
(
3.89398395867285107e-05
3.89398395867285039e-05
3.89398395867285107e-05
3.89398395867285039e-05
3.89398395867285039e-05
3.89398395867285039e-05
3.89398395867285039e-05
3.89398395867285107e-05
3.89398395867285107e-05
3.89398395867285039e-05
3.89398395867284971e-05
3.89398395867284971e-05
3.89398395867285039e-05
3.89398395867285107e-05
3.89398395867285107e-05
3.89398395867285107e-05
3.89398395867285107e-05
3.89398395867285107e-05
3.89398395867285107e-05
3.89398395867285039e-05
3.89398395867285039e-05
3.89398395867285039e-05
3.89398395867285039e-05
3.89398395867285175e-05
3.89398395867285039e-05
3.89398395867285039e-05
3.89398395867285039e-05
3.89398395867285107e-05
3.89398395867285039e-05
3.89398395867285107e-05
3.89398395867285107e-05
3.89398395867285107e-05
3.89398395867285039e-05
3.89398395867285039e-05
3.89398395867285107e-05
3.89398395867285039e-05
3.89398395867285039e-05
3.89398395867285175e-05
3.89398395867285107e-05
3.89398395867285039e-05
3.89398395867285107e-05
3.89398395867285107e-05
3.89398395867285039e-05
3.89398395867285107e-05
3.89398395867285039e-05
3.89398395867285107e-05
3.89398395867285107e-05
3.89398395867285039e-05
3.89398395867285039e-05
3.89398395867285107e-05
3.89398395867285039e-05
3.89398395867285039e-05
3.89398395867285107e-05
3.89398395867285039e-05
3.89398395867285039e-05
3.89398395867285039e-05
3.89398395867285107e-05
3.89398395867285107e-05
3.89398395867285107e-05
3.89398395867285039e-05
3.89398395867285107e-05
3.89398395867285107e-05
3.89398395867285039e-05
3.89398395867285039e-05
3.89398395867285107e-05
3.89398395867285039e-05
3.89398395867285107e-05
3.89398395867285107e-05
3.89398395867285039e-05
3.89398395867285107e-05
3.89398395867285039e-05
3.89398395867285107e-05
3.89398395867285039e-05
3.89398395867285039e-05
3.89398395867285039e-05
3.89398395867285107e-05
3.89398395867285039e-05
3.89398395867285107e-05
3.89398395867285107e-05
3.89398395867285107e-05
3.89398395867285107e-05
3.89398395867285039e-05
3.89398395867285107e-05
3.89398395867285107e-05
3.89398395867285107e-05
3.89398395867285039e-05
3.89398395867285107e-05
3.89398395867285107e-05
3.89398395867285107e-05
3.89398395867285107e-05
3.89398395867285107e-05
3.89398395867285107e-05
3.89398395867285107e-05
3.89398395867285039e-05
3.89398395867285107e-05
3.89398395867285107e-05
3.89398395867285107e-05
3.89398395867285107e-05
3.89398395867285039e-05
3.89398395867285107e-05
3.89398395867285107e-05
3.89398395867285107e-05
3.89398395867285107e-05
3.89398395867285175e-05
3.89398395867285175e-05
3.89398395867285107e-05
3.89398395867285107e-05
3.89398395867285039e-05
3.89398395867285107e-05
3.89398395867285107e-05
3.89398395867285039e-05
3.89398395867285107e-05
3.89398395867285107e-05
3.89398395867285107e-05
3.89398395867285039e-05
3.89398395867285107e-05
3.89398395867285107e-05
3.89398395867285107e-05
3.89398395867285039e-05
3.89398395867285107e-05
3.89398395867285107e-05
3.89398395867285175e-05
3.89398395867285107e-05
3.89398395867285107e-05
3.89398395867285039e-05
3.89398395867285107e-05
3.89398395867285039e-05
3.89398395867285039e-05
3.89398395867285107e-05
3.89398395867285107e-05
3.89398395867285107e-05
3.89398395867285107e-05
3.89398395867285039e-05
3.89398395867285107e-05
3.89398395867285039e-05
3.89398395867285107e-05
3.89398395867285107e-05
3.89398395867285107e-05
3.89398395867285039e-05
3.89398395867285107e-05
3.89398395867285107e-05
3.89398395867285039e-05
3.89398395867285039e-05
3.89398395867285039e-05
3.89398395867285107e-05
3.89398395867285039e-05
3.89398395867285039e-05
3.89398395867285039e-05
3.89398395867285039e-05
3.89398395867285107e-05
3.89398395867285039e-05
3.89398395867285107e-05
3.89398395867285107e-05
3.89398395867285039e-05
3.89398395867285107e-05
3.89398395867285039e-05
3.89398395867285039e-05
3.89398395867285107e-05
3.89398395867285175e-05
3.89398395867285175e-05
3.89398395867285175e-05
3.89398395867285175e-05
3.89398395867285107e-05
3.89398395867285107e-05
3.89398395867285107e-05
3.89398395867285039e-05
3.89398395867285107e-05
3.89398395867285039e-05
3.89398395867285107e-05
3.89398395867285107e-05
3.89398395867285107e-05
3.89398395867285039e-05
3.89398395867285107e-05
3.89398395867285107e-05
3.89398395867285175e-05
3.89398395867285107e-05
3.89398395867285039e-05
3.89398395867285039e-05
3.89398395867285107e-05
3.89398395867285107e-05
3.89398395867285039e-05
3.89398395867285107e-05
3.89398395867285107e-05
3.89398395867285039e-05
3.89398395867285107e-05
3.89398395867285107e-05
3.89398395867285039e-05
3.89398395867285107e-05
3.89398395867285107e-05
3.89398395867285107e-05
3.89398395867285039e-05
3.89398395867285107e-05
3.89398395867285107e-05
3.89398395867285175e-05
3.89398395867285175e-05
3.89398395867285039e-05
3.89398395867285039e-05
3.89398395867285107e-05
3.89398395867285039e-05
3.89398395867285107e-05
3.89398395867285039e-05
3.89398395867285039e-05
3.89398395867285039e-05
3.89398395867285107e-05
3.89398395867285107e-05
3.89398395867285175e-05
3.89398395867285175e-05
3.89398395867285175e-05
3.89398395867285175e-05
3.89398395867285039e-05
3.89398395867285107e-05
3.89398395867285039e-05
3.89398395867285039e-05
3.89398395867285039e-05
3.89398395867285107e-05
3.89398395867285039e-05
3.89398395867285107e-05
3.89398395867285039e-05
3.89398395867285039e-05
3.89398395867285039e-05
3.89398395867285039e-05
3.89398395867285107e-05
3.89398395867285107e-05
3.89398395867285107e-05
3.89398395867285175e-05
3.89398395867285107e-05
3.89398395867285039e-05
3.89398395867285107e-05
3.89398395867285107e-05
3.89398395867285039e-05
3.89398395867285107e-05
3.89398395867285039e-05
3.89398395867285039e-05
3.89398395867285039e-05
3.89398395867285107e-05
3.89398395867285039e-05
3.89398395867285039e-05
3.89398395867285107e-05
3.89398395867285039e-05
3.89398395867285107e-05
3.89398395867285039e-05
3.89398395867285039e-05
3.89398395867285039e-05
3.89398395867285039e-05
3.89398395867285107e-05
3.89398395867285039e-05
3.89398395867285039e-05
3.89398395867285107e-05
3.89398395867285039e-05
3.89398395867285039e-05
3.89398395867285107e-05
3.89398395867285039e-05
3.89398395867285039e-05
3.89398395867285107e-05
3.89398395867285039e-05
3.89398395867285107e-05
3.89398395867284971e-05
3.89398395867285039e-05
3.89398395867285039e-05
3.89398395867285107e-05
3.89398395867285107e-05
3.89398395867285039e-05
3.89398395867285039e-05
3.89398395867285107e-05
3.89398395867285107e-05
3.89398395867285039e-05
3.89398395867285107e-05
3.89398395867285039e-05
3.89398395867285039e-05
3.89398395867285175e-05
3.89398395867285039e-05
3.89398395867285107e-05
3.89398395867285039e-05
3.89398395867285107e-05
3.89398395867285039e-05
3.89398395867285039e-05
3.89398395867285107e-05
3.89398395867285039e-05
3.89398395867285039e-05
3.89398395867285039e-05
3.89398395867285107e-05
3.89398395867285175e-05
3.89398395867285107e-05
3.89398395867285107e-05
3.89398395867286936e-05
3.89398395867285107e-05
3.89398395867285039e-05
3.89398395867285039e-05
3.89398395867285107e-05
3.89398395867285107e-05
3.89398395867285039e-05
3.89398395867285107e-05
3.89398395867285107e-05
3.89398395867285107e-05
3.89398395867285107e-05
3.89398395867285039e-05
3.89398395867285107e-05
3.89398395867285039e-05
3.89398395867285581e-05
3.89398395867317565e-05
3.89398395867285039e-05
3.89398395867285039e-05
3.89398395867285039e-05
3.89398395867285039e-05
3.89398395867285107e-05
3.89398395867285175e-05
3.89398395867285581e-05
3.8939839586728714e-05
3.89398395867296355e-05
3.89398395867343179e-05
3.89398395867566254e-05
3.89398395868564872e-05
3.89398395872749147e-05
3.89398395889112943e-05
3.89398395948651431e-05
3.89398396149556465e-05
3.89398396776202213e-05
3.89398398576615263e-05
3.89398403322893164e-05
3.8939841474854329e-05
3.89398439676178116e-05
3.89398489718290701e-05
3.89398588276093922e-05
3.89398778439755108e-05
3.89399137657920507e-05
3.8939980217009023e-05
3.89401006268232631e-05
3.89403143589606051e-05
3.8940685990461826e-05
3.89413188948995942e-05
3.89423744087825767e-05
3.89440977941098854e-05
3.89468518111763594e-05
3.89511578371961331e-05
3.89577433133436358e-05
3.89675937954743332e-05
3.89819934737480224e-05
3.90021293378625333e-05
3.90279638963839177e-05
3.90601517619085706e-05
3.9099170327871876e-05
3.91428189078671753e-05
3.91950229366953083e-05
3.92517322840889042e-05
3.93143910261931111e-05
3.93793242809194967e-05
3.94473879446515316e-05
3.95146536189920075e-05
3.95807971518342784e-05
3.96439929661556901e-05
3.9704226659384029e-05
3.97603910531839062e-05
3.98130941145835579e-05
3.98607146659808755e-05
3.99049925579368785e-05
3.99468343144953253e-05
3.99864221787444982e-05
4.00231337603065821e-05
4.00582500623757694e-05
4.0091073195857476e-05
4.01241211234292227e-05
4.01626008890546997e-05
4.020563587076993e-05
4.02532787693097625e-05
4.02992416901703406e-05
4.03372147245066319e-05
4.03754905963959313e-05
4.04144765574954341e-05
4.04502503090178035e-05
4.04839219932093578e-05
4.05162954815906822e-05
4.05467820387916359e-05
4.05746240448523953e-05
4.06068568108984256e-05
4.06543805218445714e-05
3.89398395867285107e-05
3.89398395867285039e-05
3.89398395867284971e-05
3.89398395867285039e-05
3.89398395867285107e-05
3.89398395867285039e-05
3.89398395867285039e-05
3.89398395867285242e-05
3.89398395867285784e-05
3.89398395867288834e-05
3.89398395867302725e-05
3.89398395867364118e-05
3.89398395867619041e-05
3.89398395868609324e-05
3.89398395872204606e-05
3.89398395884367525e-05
3.893983959226072e-05
3.893983960340312e-05
3.89398396334073851e-05
3.89398397077943877e-05
3.89398398760650857e-05
3.89398402169236526e-05
3.89398408880470674e-05
3.89398421820515218e-05
3.89398446254794417e-05
3.89398491480562941e-05
3.89398573596933597e-05
3.89398719930312699e-05
3.89398975926632287e-05
3.89399415600948394e-05
3.89400156934542027e-05
3.89401383874683174e-05
3.89403376731104847e-05
3.89406552645229091e-05
3.89411517205933154e-05
3.89419126454080232e-05
3.89430554555653341e-05
3.89447378564367828e-05
3.89471967125703915e-05
3.89504140876877211e-05
3.89551161033303009e-05
3.89604002965103212e-05
3.8967669726831767e-05
3.89758540728887994e-05
3.89868872214819943e-05
3.89988206046362732e-05
3.90124945647912861e-05
3.90295298200539202e-05
3.90486803265912487e-05
3.90653149678628258e-05
3.9087424802069125e-05
3.91111763616706885e-05
3.913332243690364e-05
3.91547442547915357e-05
3.91834450610691219e-05
3.92111340134152005e-05
3.92322186338235629e-05
3.92583089247759877e-05
3.92926513496810419e-05
3.93215745270597753e-05
3.93440868192277863e-05
3.93730272267329707e-05
3.94029092283977448e-05
3.94294077531185129e-05
3.94535495284584805e-05
3.94844867537994001e-05
3.952151253548415e-05
3.9565191259515107e-05
3.96061877286690695e-05
3.96342983351387251e-05
3.96565338842475693e-05
3.96864192367227494e-05
3.97298019267817868e-05
3.97703716752874443e-05
3.97988811878338225e-05
3.89398395867285107e-05
3.89398395867285107e-05
3.89398395867285107e-05
3.89398395867285107e-05
3.89398395867285039e-05
3.89398395867285107e-05
3.89398395867285107e-05
3.89398395867285107e-05
3.89398395867285107e-05
3.8939839586728531e-05
3.89398395867286462e-05
3.89398395867291002e-05
3.89398395867309976e-05
3.89398395867383498e-05
3.89398395867649738e-05
3.89398395868551319e-05
3.89398395871398231e-05
3.89398395879760886e-05
3.89398395902557456e-05
3.89398395960041855e-05
3.89398396092946542e-05
3.8939839636513482e-05
3.89398396901398494e-05
3.89398397935212235e-05
3.89398399886077174e-05
3.89398403494641021e-05
3.89398410045009246e-05
3.89398421722846085e-05
3.8939844217941838e-05
3.89398477399302301e-05
3.89398537002480339e-05
3.89398636147701994e-05
3.89398798238861784e-05
3.89399058665675023e-05
3.8939946984289414e-05
3.894001079141319e-05
3.89401081914719996e-05
3.89402547862700949e-05
3.89404737581699589e-05
3.89407718650271515e-05
3.89412056484364703e-05
3.89417641191619048e-05
3.89425531582038404e-05
3.89435817923976338e-05
3.89447025778413963e-05
3.89462263125320786e-05
3.89483821178492512e-05
3.8950443065844123e-05
3.89532989910626665e-05
3.89562084842430168e-05
3.89600388801179698e-05
3.89637308795631558e-05
3.8968776841370796e-05
3.89738485645185051e-05
3.89788832272485862e-05
3.89857947266474737e-05
3.89921048702334438e-05
3.89986683601814915e-05
3.90074888475165854e-05
3.90166598383114791e-05
3.90229564817617746e-05
3.90303043431326156e-05
3.90371999114169416e-05
3.90442100576118221e-05
3.90535797834450023e-05
3.90664968839405904e-05
3.90795515913519901e-05
3.90914997788291096e-05
3.91073722225887196e-05
3.91222662477574455e-05
3.91345138682173751e-05
3.91480908181248086e-05
3.91662307278001714e-05
3.91842800126361481e-05
3.92004696544697175e-05
3.89398395867285107e-05
3.89398395867285039e-05
3.89398395867285039e-05
3.89398395867285039e-05
3.89398395867285107e-05
3.89398395867285175e-05
3.89398395867285107e-05
3.89398395867285039e-05
3.89398395867285107e-05
3.89398395867285107e-05
3.89398395867285175e-05
3.89398395867285513e-05
3.89398395867286733e-05
3.89398395867291815e-05
3.89398395867309908e-05
3.8939839586737103e-05
3.89398395867564492e-05
3.89398395868136206e-05
3.89398395869711348e-05
3.89398395873746206e-05
3.89398395883263807e-05
3.89398395902997845e-05
3.89398395941912504e-05
3.89398396016927029e-05
3.89398396158365201e-05
3.89398396419700412e-05
3.89398396893656816e-05
3.89398397738324848e-05
3.89398399218701473e-05
3.8939840177143394e-05
3.89398406103602651e-05
3.89398413340116963e-05
3.89398425238588809e-05
3.89398444495067612e-05
3.89398475168381368e-05
3.89398523254578393e-05
3.89398597445174755e-05
3.89398710097539676e-05
3.8939887838102639e-05
3.89399125055753069e-05
3.89399484468025216e-05
3.89399986354701288e-05
3.89400707383456517e-05
3.89401750639763327e-05
3.89402911474750761e-05
3.8940452292966348e-05
3.8940687163022796e-05
3.89409326072543923e-05
3.89412805816452307e-05
3.89416555185769861e-05
3.89421863402432785e-05
3.89426939428606339e-05
3.8943368160484598e-05
3.89442238939717475e-05
3.89450236939978888e-05
3.89461505215463476e-05
3.89471934638638238e-05
3.89485482081994376e-05
3.89500966242208702e-05
3.89516007226164873e-05
3.89534285618289329e-05
3.8955386866803521e-05
3.89570396025661672e-05
3.89592651440328526e-05
3.89613970908917932e-05
3.89637489473294602e-05
3.89669231127204383e-05
3.89700506877311675e-05
3.89733080642660739e-05
3.89773222119029411e-05
3.8981133894778794e-05
3.89847758932410795e-05
3.89896684896822858e-05
3.89952852119665271e-05
3.90001898448968077e-05
3.89398395867285107e-05
3.89398395867285039e-05
3.89398395867285107e-05
3.89398395867285175e-05
3.89398395867285107e-05
3.89398395867285039e-05
3.89398395867285107e-05
3.89398395867285039e-05
3.89398395867285107e-05
3.89398395867285107e-05
3.89398395867285107e-05
3.89398395867285039e-05
3.89398395867285175e-05
3.89398395867285581e-05
3.89398395867286665e-05
3.89398395867290731e-05
3.89398395867303674e-05
3.89398395867342298e-05
3.89398395867449499e-05
3.89398395867727732e-05
3.8939839586839594e-05
3.89398395869804522e-05
3.89398395872588482e-05
3.89398395877965176e-05
3.89398395888114121e-05
3.89398395906878544e-05
3.89398395940928252e-05
3.89398396001654551e-05
3.89398396108208585e-05
3.89398396292281516e-05
3.89398396605488347e-05
3.89398397130556482e-05
3.89398397997942276e-05
3.89398399410009828e-05
3.89398401675502715e-05
3.89398405257721804e-05
3.8939841084060832e-05
3.89398419417599637e-05
3.89398432406945971e-05
3.8939845178622402e-05
3.89398480359363358e-05
3.89398522044777566e-05
3.89398582792918973e-05
3.89398672101801393e-05
3.893987825686414e-05
3.89398935563092818e-05
3.89399160119590618e-05
3.89399421718851683e-05
3.89399789721839385e-05
3.89400207335751654e-05
3.89400802505216175e-05
3.89401429536043203e-05
3.89402236983480497e-05
3.89403359462366731e-05
3.89404443752385681e-05
3.89405961660616024e-05
3.894075372604931e-05
3.89409426579057639e-05
3.89412059430132925e-05
3.89414283100945771e-05
3.89416923067876136e-05
3.89420485243540846e-05
3.89423364481739618e-05
3.89427199093453878e-05
3.89431831596986604e-05
3.89436531618102245e-05
3.89442683838589246e-05
3.89449154299571917e-05
3.89456138110157079e-05
3.89464000782763784e-05
3.89472051649173546e-05
3.89480720746786978e-05
3.89490377215919795e-05
3.89502587265242998e-05
3.89515706903673185e-05
3.89398395867285107e-05
3.89398395867285107e-05
3.89398395867285039e-05
3.89398395867285039e-05
3.89398395867285107e-05
3.89398395867285107e-05
3.89398395867285107e-05
3.89398395867285039e-05
3.89398395867285039e-05
3.89398395867285039e-05
3.89398395867285039e-05
3.89398395867285039e-05
3.89398395867285107e-05
3.89398395867285107e-05
3.89398395867285242e-05
3.89398395867285513e-05
3.89398395867286327e-05
3.89398395867288834e-05
3.89398395867295746e-05
3.89398395867314109e-05
3.89398395867358765e-05
3.89398395867455191e-05
3.89398395867646078e-05
3.8939839586801613e-05
3.89398395868716254e-05
3.89398395870013298e-05
3.89398395872371099e-05
3.89398395876583428e-05
3.89398395883989477e-05
3.89398395896814437e-05
3.89398395918702717e-05
3.89398395955534556e-05
3.8939839601666018e-05
3.89398396116726552e-05
3.89398396278338609e-05
3.89398396535865017e-05
3.89398396940793929e-05
3.89398397569146415e-05
3.8939839853160671e-05
3.89398399987324987e-05
3.89398402163764897e-05
3.89398405384987488e-05
3.89398410118151626e-05
3.89398417011196517e-05
3.89398426558904058e-05
3.89398439959015157e-05
3.89398458871972566e-05
3.89398483875155277e-05
3.89398516930136623e-05
3.89398559473125882e-05
3.89398618255975618e-05
3.89398689602364362e-05
3.89398774637031252e-05
3.89398897376833244e-05
3.89399025226342313e-05
3.89399201859296453e-05
3.89399395545078316e-05
3.89399634947626327e-05
3.89399971787988381e-05
3.89400279086743846e-05
3.89400661622450246e-05
3.89401186768084418e-05
3.89401637266436013e-05
3.89402234308401982e-05
3.89402945883355876e-05
3.89403745500394651e-05
3.89404660145966592e-05
3.89405703015398489e-05
3.89406937650822781e-05
3.89408319430771624e-05
3.89409687498464921e-05
3.89411316080998102e-05
3.89413113764108668e-05
3.89415439884399994e-05
3.89418213508658525e-05
3.89398395867285107e-05
3.89398395867285107e-05
3.89398395867285175e-05
3.89398395867285107e-05
3.89398395867285039e-05
3.89398395867285107e-05
3.89398395867285107e-05
3.89398395867285107e-05
3.89398395867285039e-05
3.89398395867285107e-05
3.89398395867285107e-05
3.89398395867285107e-05
3.89398395867285107e-05
3.89398395867285039e-05
3.89398395867285107e-05
3.89398395867285107e-05
3.89398395867285175e-05
3.89398395867285378e-05
3.89398395867285784e-05
3.89398395867286869e-05
3.89398395867289782e-05
3.89398395867296084e-05
3.8939839586730862e-05
3.89398395867333083e-05
3.89398395867379297e-05
3.89398395867465288e-05
3.89398395867622226e-05
3.89398395867903441e-05
3.8939839586839926e-05
3.89398395869260726e-05
3.89398395870736461e-05
3.89398395873229991e-05
3.89398395877388109e-05
3.89398395884233084e-05
3.89398395895358218e-05
3.89398395913214554e-05
3.89398395941521853e-05
3.89398395985851762e-05
3.893983960544451e-05
3.89398396159346404e-05
3.89398396317984697e-05
3.89398396555364054e-05
3.8939839690707741e-05
3.89398397422917357e-05
3.89398398169318115e-05
3.89398399242898223e-05
3.89398400787614455e-05
3.89398403036386099e-05
3.89398405711009318e-05
3.893984094305151e-05
3.89398414545442611e-05
3.89398421690852567e-05
3.89398429943039275e-05
3.89398441821787517e-05
3.89398455325293556e-05
3.89398473991540693e-05
3.89398494465448568e-05
3.89398521542987048e-05
3.89398559638832429e-05
3.89398595605804356e-05
3.89398642635923277e-05
3.89398705439307529e-05
3.89398762724994953e-05
3.89398840363185968e-05
3.89398934024263126e-05
3.89399054085960526e-05
3.89399185205040828e-05
3.89399329255818807e-05
3.89399520348765259e-05
3.89399737088612764e-05
3.89399940915256641e-05
3.89400186552079427e-05
3.8940048123100553e-05
3.89400847774416009e-05
3.89401331607879754e-05
3.89398395867285039e-05
3.89398395867285107e-05
3.89398395867285039e-05
3.89398395867285039e-05
3.89398395867285039e-05
3.89398395867285107e-05
3.89398395867285039e-05
3.89398395867285107e-05
3.89398395867285107e-05
3.89398395867285107e-05
3.89398395867285039e-05
3.89398395867285107e-05
3.89398395867285039e-05
3.89398395867285039e-05
3.89398395867285039e-05
3.89398395867285039e-05
3.89398395867285039e-05
3.89398395867285107e-05
3.89398395867285107e-05
3.89398395867285175e-05
3.89398395867285378e-05
3.89398395867285784e-05
3.8939839586728653e-05
3.89398395867288156e-05
3.89398395867291002e-05
3.89398395867296355e-05
3.89398395867306317e-05
3.89398395867324274e-05
3.89398395867356054e-05
3.89398395867411484e-05
3.89398395867506826e-05
3.89398395867668576e-05
3.89398395867939626e-05
3.89398395868388418e-05
3.89398395869122423e-05
3.89398395870308879e-05
3.89398395872203997e-05
3.89398395875197072e-05
3.89398395879871e-05
3.89398395887089821e-05
3.89398395898121172e-05
3.89398395914806298e-05
3.89398395939797294e-05
3.89398395976869215e-05
3.89398396031310598e-05
3.89398396110656511e-05
3.89398396225926514e-05
3.89398396394926392e-05
3.89398396612126782e-05
3.89398396920627565e-05
3.89398397351042207e-05
3.89398397956206048e-05
3.89398398691236574e-05
3.89398399741614892e-05
3.89398400995359586e-05
3.89398402737389568e-05
3.89398404688258166e-05
3.89398407335061569e-05
3.89398411086126648e-05
3.89398415041392531e-05
3.893984204600708e-05
3.89398426819739994e-05
3.89398433771606309e-05
3.89398443173455996e-05
3.89398454071583557e-05
3.89398468305964646e-05
3.89398484195230732e-05
3.89398502264872652e-05
3.89398526473576405e-05
3.89398555328517913e-05
3.89398583407012778e-05
3.89398614636642595e-05
3.89398656947663682e-05
3.89398708948757679e-05
3.89398784396959713e-05
3.89398395867285107e-05
3.89398395867285107e-05
3.89398395867285039e-05
3.89398395867285039e-05
3.89398395867285107e-05
3.89398395867285107e-05
3.89398395867285039e-05
3.89398395867285107e-05
3.89398395867285107e-05
3.89398395867285107e-05
3.89398395867285175e-05
3.89398395867285175e-05
3.89398395867285175e-05
3.89398395867285107e-05
3.89398395867285039e-05
3.89398395867285107e-05
3.89398395867285107e-05
3.89398395867285039e-05
3.89398395867285039e-05
3.89398395867285039e-05
3.89398395867285107e-05
3.89398395867285107e-05
3.89398395867285175e-05
3.89398395867285175e-05
3.89398395867285378e-05
3.89398395867285784e-05
3.89398395867286394e-05
3.89398395867287479e-05
3.89398395867289444e-05
3.89398395867292832e-05
3.89398395867298727e-05
3.89398395867308756e-05
3.89398395867325561e-05
3.8939839586735375e-05
3.89398395867399897e-05
3.89398395867475317e-05
3.89398395867596476e-05
3.89398395867789396e-05
3.8939839586809338e-05
3.8939839586856704e-05
3.89398395869297928e-05
3.89398395870414521e-05
3.89398395872103911e-05
3.8939839587463654e-05
3.89398395878398179e-05
3.89398395883936961e-05
3.89398395892021654e-05
3.89398395903705626e-05
3.89398395920304829e-05
3.8939839594366837e-05
3.89398395976231027e-05
3.89398396021306664e-05
3.89398396082705101e-05
3.89398396168469626e-05
3.89398396272108309e-05
3.89398396412150231e-05
3.89398396586938055e-05
3.89398396825700583e-05
3.89398397159296852e-05
3.89398397557187326e-05
3.89398398091457085e-05
3.89398398666157216e-05
3.89398399374676424e-05
3.89398400329043354e-05
3.89398401484296751e-05
3.89398403008467284e-05
3.89398404708234726e-05
3.8939840682328555e-05
3.89398409650879395e-05
3.89398413153697548e-05
3.89398416544882789e-05
3.89398420299245874e-05
3.89398425401048576e-05
3.89398431743813228e-05
3.89398441760955915e-05
3.89398395867285107e-05
3.89398395867285107e-05
3.89398395867285175e-05
3.89398395867285107e-05
3.89398395867285107e-05
3.89398395867285107e-05
3.89398395867285175e-05
3.89398395867285107e-05
3.89398395867285039e-05
3.89398395867285039e-05
3.89398395867285039e-05
3.89398395867285107e-05
3.89398395867285039e-05
3.89398395867285107e-05
3.89398395867285107e-05
3.89398395867285039e-05
3.89398395867285039e-05
3.89398395867285107e-05
3.89398395867285107e-05
3.89398395867285039e-05
3.89398395867285039e-05
3.89398395867285039e-05
3.89398395867285039e-05
3.89398395867285107e-05
3.89398395867285107e-05
3.89398395867285107e-05
3.89398395867285107e-05
3.89398395867285039e-05
3.89398395867285175e-05
3.89398395867285378e-05
3.89398395867285784e-05
3.89398395867286394e-05
3.89398395867287411e-05
3.89398395867289037e-05
3.89398395867291951e-05
3.89398395867296626e-05
3.89398395867304216e-05
3.89398395867316345e-05
3.8939839586733559e-05
3.8939839586736588e-05
3.89398395867412975e-05
3.89398395867485752e-05
3.89398395867596612e-05
3.89398395867764527e-05
3.89398395868016469e-05
3.89398395868390858e-05
3.89398395868942581e-05
3.89398395869747804e-05
3.89398395870909391e-05
3.89398395872568695e-05
3.89398395874915044e-05
3.89398395878198008e-05
3.89398395882738444e-05
3.89398395888955666e-05
3.89398395897213424e-05
3.89398395908198153e-05
3.89398395922982063e-05
3.89398395943427744e-05
3.89398395971024078e-05
3.89398396004951949e-05
3.89398396052850578e-05
3.89398396108929512e-05
3.89398396178482098e-05
3.89398396273194679e-05
3.89398396389434569e-05
3.89398396530531014e-05
3.89398396698074402e-05
3.89398396926654171e-05
3.89398397230022883e-05
3.89398397621133841e-05
3.89398397997206712e-05
3.89398398422450117e-05
3.89398399002281303e-05
3.89398399763407017e-05
3.89398401004565953e-05
3.89398395867285107e-05
3.89398395867285039e-05
3.89398395867285039e-05
3.89398395867285107e-05
3.89398395867285107e-05
3.89398395867285107e-05
3.89398395867285039e-05
3.89398395867285039e-05
3.89398395867285107e-05
3.89398395867285039e-05
3.89398395867285107e-05
3.89398395867285107e-05
3.89398395867285107e-05
3.89398395867285039e-05
3.89398395867285107e-05
3.89398395867285107e-05
3.89398395867285107e-05
3.89398395867285039e-05
3.89398395867285107e-05
3.89398395867285175e-05
3.89398395867285175e-05
3.89398395867285107e-05
3.89398395867285039e-05
3.89398395867285039e-05
3.89398395867285039e-05
3.89398395867285039e-05
3.89398395867285107e-05
3.89398395867285107e-05
3.89398395867285107e-05
3.89398395867285107e-05
3.89398395867285242e-05
3.89398395867285581e-05
3.89398395867286056e-05
3.89398395867286869e-05
3.89398395867288224e-05
3.8939839586729046e-05
3.8939839586729378e-05
3.89398395867299269e-05
3.89398395867307672e-05
3.8939839586732075e-05
3.8939839586734074e-05
3.89398395867371098e-05
3.89398395867416905e-05
3.89398395867485142e-05
3.89398395867585363e-05
3.89398395867731595e-05
3.89398395867942743e-05
3.89398395868244626e-05
3.89398395868672818e-05
3.89398395869275838e-05
3.89398395870118805e-05
3.89398395871288727e-05
3.89398395872900258e-05
3.89398395875103966e-05
3.893983958781089e-05
3.893983958822246e-05
3.89398395887946409e-05
3.89398395896018836e-05
3.89398395905918347e-05
3.89398395919742399e-05
3.89398395938820089e-05
3.89398395964893728e-05
3.89398396000613785e-05
3.89398396051214313e-05
3.89398396109447015e-05
3.89398396180774982e-05
3.89398396277265113e-05
3.89398396405458264e-05
3.89398396578516582e-05
3.89398396785339802e-05
3.89398397029975453e-05
3.89398397336765704e-05
3.89398397725289959e-05
3.89398398222022063e-05
3.89398399044319006e-05
3.89398395867285107e-05
3.89398395867285039e-05
3.89398395867285039e-05
3.89398395867285039e-05
3.89398395867285107e-05
3.89398395867285039e-05
3.89398395867285039e-05
3.89398395867285107e-05
3.89398395867285039e-05
3.89398395867285039e-05
3.89398395867285107e-05
3.89398395867285107e-05
3.89398395867285107e-05
3.89398395867285107e-05
3.89398395867285107e-05
3.89398395867285107e-05
3.89398395867285039e-05
3.89398395867285107e-05
3.89398395867285039e-05
3.89398395867285039e-05
3.89398395867285039e-05
3.89398395867285039e-05
3.89398395867285107e-05
3.89398395867285039e-05
3.89398395867285175e-05
3.89398395867285378e-05
3.89398395867285649e-05
3.89398395867286123e-05
3.89398395867287072e-05
3.89398395867288495e-05
3.8939839586729107e-05
3.89398395867295475e-05
3.89398395867302725e-05
3.89398395867314922e-05
3.89398395867334574e-05
3.89398395867366015e-05
3.89398395867416092e-05
3.89398395867494561e-05
3.89398395867616127e-05
3.89398395867802e-05
3.89398395868083554e-05
3.89398395868504699e-05
3.89398395869128454e-05
3.89398395870040878e-05
3.89398395871359132e-05
3.89398395873239816e-05
3.89398395875891978e-05
3.89398395879594799e-05
3.89398395884723889e-05
3.8939839589178191e-05
3.89398395901435171e-05
3.89398395914537551e-05
3.89398395932133068e-05
3.89398395955380531e-05
3.89398395986373128e-05
3.8939839602809377e-05
3.89398396084890446e-05
3.89398396162106105e-05
3.89398396265620104e-05
3.89398396403595808e-05
3.89398396587596504e-05
3.89398396834427055e-05
3.89398397167758711e-05
3.89398397619985739e-05
3.89398398233477608e-05
3.89398398915391172e-05
3.89398399818761026e-05
3.8939840105733868e-05
3.89398402806497224e-05
3.89398405337615036e-05
3.89398407078910065e-05
3.89398408807164377e-05
3.8939841130106512e-05
3.89398414808846209e-05
3.89398420722210354e-05
3.89398395867285039e-05
3.89398395867285039e-05
3.89398395867285107e-05
3.89398395867285039e-05
3.89398395867285039e-05
3.89398395867285107e-05
3.89398395867285039e-05
3.89398395867285107e-05
3.89398395867285039e-05
3.89398395867284971e-05
3.89398395867284971e-05
3.89398395867284971e-05
3.89398395867285039e-05
3.89398395867285107e-05
3.89398395867285039e-05
3.89398395867285039e-05
3.89398395867285107e-05
3.89398395867285039e-05
3.89398395867285039e-05
3.89398395867285039e-05
3.89398395867285107e-05
3.89398395867285378e-05
3.89398395867285784e-05
3.8939839586728653e-05
3.89398395867287953e-05
3.89398395867290596e-05
3.89398395867295475e-05
3.89398395867304148e-05
3.89398395867319395e-05
3.89398395867345687e-05
3.89398395867390545e-05
3.89398395867465694e-05
3.89398395867590039e-05
3.89398395867793123e-05
3.89398395868121433e-05
3.89398395868645374e-05
3.89398395869470181e-05
3.89398395870749743e-05
3.89398395872708083e-05
3.89398395875668158e-05
3.89398395880092584e-05
3.89398395886636015e-05
3.89398395896205658e-05
3.89398395910015818e-05
3.89398395929646925e-05
3.89398395957136532e-05
3.89398395995088826e-05
3.89398396047031123e-05
3.89398396117818953e-05
3.89398396214177557e-05
3.89398396345264918e-05
3.89398396521734678e-05
3.89398396749932605e-05
3.89398397025304507e-05
3.89398397386384081e-05
3.89398397871401381e-05
3.89398398530377903e-05
3.89398399428709944e-05
3.8939840062285767e-05
3.89398402164469764e-05
3.89398404236058039e-05
3.89398407104804878e-05
3.89398411327784538e-05
3.89398418304180114e-05
3.89398424279064804e-05
3.89398430072500129e-05
3.8939843761429738e-05
3.89398446366560685e-05
3.89398456493113873e-05
3.89398470341433811e-05
3.89398489529045922e-05
3.89398508391731045e-05
3.89398532693019972e-05
3.89398565717674692e-05
3.89398617973181336e-05
3.89398395867285039e-05
3.89398395867285039e-05
3.89398395867285039e-05
3.89398395867285107e-05
3.89398395867285107e-05
3.89398395867285039e-05
3.89398395867285107e-05
3.89398395867285107e-05
3.89398395867285107e-05
3.89398395867285039e-05
3.89398395867285107e-05
3.89398395867285107e-05
3.89398395867285039e-05
3.89398395867285175e-05
3.89398395867285175e-05
3.89398395867285175e-05
3.89398395867285242e-05
3.89398395867285378e-05
3.89398395867285581e-05
3.89398395867286056e-05
3.89398395867287411e-05
3.89398395867290528e-05
3.89398395867297033e-05
3.89398395867309976e-05
3.89398395867334506e-05
3.89398395867380584e-05
3.89398395867464542e-05
3.89398395867613959e-05
3.8939839586787471e-05
3.89398395868321062e-05
3.89398395869071804e-05
3.89398395870317824e-05
3.89398395872361816e-05
3.89398395875680762e-05
3.89398395881012665e-05
3.89398395889469171e-05
3.89398395902667367e-05
3.89398395922914301e-05
3.89398395953506623e-05
3.89398395999180198e-05
3.89398396066763399e-05
3.8939839616603444e-05
3.89398396310288488e-05
3.89398396515201547e-05
3.89398396797752222e-05
3.89398397180140368e-05
3.89398397691015144e-05
3.89398398367412423e-05
3.89398399269850202e-05
3.89398400478527254e-05
3.89398402111717975e-05
3.89398404315261786e-05
3.89398406851326474e-05
3.89398409907470882e-05
3.89398414015085942e-05
3.89398419766084916e-05
3.89398428310544205e-05
3.89398442369706297e-05
3.89398454060149832e-05
3.89398466946411985e-05
3.89398483382226215e-05
3.89398507417198768e-05
3.89398541148404327e-05
3.89398576953139426e-05
3.89398621224892099e-05
3.8939868141695204e-05
3.89398765352808691e-05
3.89398850428619223e-05
3.89398949094810407e-05
3.89399081174469303e-05
3.89399237422090753e-05
3.89399391026355409e-05
3.89399578490289488e-05
3.89399836005793228e-05
3.89400238733245919e-05
3.89398395867285175e-05
3.89398395867285175e-05
3.89398395867285107e-05
3.89398395867285107e-05
3.89398395867285039e-05
3.89398395867285175e-05
3.89398395867285175e-05
3.89398395867285107e-05
3.89398395867285175e-05
3.89398395867285175e-05
3.89398395867285175e-05
3.89398395867285378e-05
3.89398395867285446e-05
3.89398395867285581e-05
3.89398395867285717e-05
3.89398395867285988e-05
3.89398395867286733e-05
3.89398395867288224e-05
3.89398395867291815e-05
3.89398395867300963e-05
3.89398395867323867e-05
3.89398395867378552e-05
3.89398395867491512e-05
3.89398395867713367e-05
3.89398395868136341e-05
3.89398395868921439e-05
3.89398395870341269e-05
3.89398395872848555e-05
3.89398395877180349e-05
3.89398395884512334e-05
3.89398395896713471e-05
3.89398395916778123e-05
3.8939839594951886e-05
3.89398396002624234e-05
3.89398396088120962e-05
3.89398396223832648e-05
3.89398396432568197e-05
3.89398396744373426e-05
3.89398397203767505e-05
3.89398397875634106e-05
3.89398398853959735e-05
3.89398400273501777e-05
3.89398402314102809e-05
3.89398405171094051e-05
3.89398409017337307e-05
3.89398414155845538e-05
3.89398420382162946e-05
3.89398428665848302e-05
3.89398439919406812e-05
3.89398456048095298e-05
3.89398482244122186e-05
3.8939850313305879e-05
3.89398524844091149e-05
3.89398551273742937e-05
3.8939858283788016e-05
3.89398626273644382e-05
3.89398684823901106e-05
3.89398763251202787e-05
3.89398868025414419e-05
3.8939900817151532e-05
3.89399193451008959e-05
3.8939942088391213e-05
3.89399693789482411e-05
3.89400012862595475e-05
3.89400423987304784e-05
3.89400971705300145e-05
3.89401685670518879e-05
3.89402342540605902e-05
3.89403125250428896e-05
3.89404095515105876e-05
3.89405085905512619e-05
3.8940616511911641e-05
3.89407599187752753e-05
3.89409403596850274e-05
3.89412135213563631e-05
3.89398395867285039e-05
3.89398395867285107e-05
3.89398395867285107e-05
3.89398395867285175e-05
3.89398395867285175e-05
3.89398395867285378e-05
3.89398395867285581e-05
3.89398395867285784e-05
3.89398395867286123e-05
3.89398395867286598e-05
3.89398395867287343e-05
3.89398395867288156e-05
3.89398395867289511e-05
3.89398395867291205e-05
3.89398395867294051e-05
3.89398395867299134e-05
3.89398395867309027e-05
3.89398395867331795e-05
3.89398395867391088e-05
3.89398395867546603e-05
3.89398395867942133e-05
3.89398395868882882e-05
3.89398395870805308e-05
3.89398395874567151e-05
3.8939839588171394e-05
3.89398395894898516e-05
3.89398395918576814e-05
3.89398395960087324e-05
3.8939839603114092e-05
3.89398396149045738e-05
3.89398396340548164e-05
3.89398396650246923e-05
3.89398397151129218e-05
3.89398397961071202e-05
3.8939839926534751e-05
3.89398401334019824e-05
3.89398404475655132e-05
3.89398409069312401e-05
3.89398415719991351e-05
3.89398425380650396e-05
3.89398439652889386e-05
3.89398461451774579e-05
3.89398495074312791e-05
3.89398544106358575e-05
3.89398585478354736e-05
3.89398633790330155e-05
3.89398693409768787e-05
3.89398776469292672e-05
3.8939888568546834e-05
3.89399006702253054e-05
3.89399160561534462e-05
3.89399362851727794e-05
3.89399602951633219e-05
3.89399868392648876e-05
3.89400181174428791e-05
3.89400588599922077e-05
3.89401132551172222e-05
3.89401851396979821e-05
3.89402793590273895e-05
3.89404056019011899e-05
3.89405573505474653e-05
3.8940731135070533e-05
3.89409365503953043e-05
3.89411920979494913e-05
3.89415355095000914e-05
3.89419697058737777e-05
3.89424052273445735e-05
3.89428310248096161e-05
3.89433444411850293e-05
3.89438880328697967e-05
3.8944492402131688e-05
3.8945328275149618e-05
3.89466330077020174e-05
3.89477202568974505e-05
3.89486852150566044e-05
3.89398395867285175e-05
3.89398395867285446e-05
3.89398395867285852e-05
3.89398395867286733e-05
3.89398395867287953e-05
3.89398395867289918e-05
3.89398395867292696e-05
3.89398395867296355e-05
3.89398395867301573e-05
3.89398395867308011e-05
3.89398395867316278e-05
3.89398395867327323e-05
3.8939839586734135e-05
3.89398395867362424e-05
3.89398395867397051e-05
3.89398395867461086e-05
3.89398395867597899e-05
3.89398395867960429e-05
3.89398395868947189e-05
3.89398395871571907e-05
3.89398395878241105e-05
3.89398395894002762e-05
3.89398395925806816e-05
3.89398395987780897e-05
3.89398396104658772e-05
3.89398396317970128e-05
3.89398396695986635e-05
3.89398397349906438e-05
3.89398398455556569e-05
3.89398400258757305e-05
3.89398403140031016e-05
3.89398407785554687e-05
3.89398415403567014e-05
3.89398428182998119e-05
3.89398450341649647e-05
3.89398490713355734e-05
3.89398541161270216e-05
3.89398596075700966e-05
3.89398677533011345e-05
3.89398797066138163e-05
3.89398967181841304e-05
3.89399201359649877e-05
3.89399517723388808e-05
3.89399919087089045e-05
3.89400406249998816e-05
3.89400996886223302e-05
3.89401728792107738e-05
3.89402592598698082e-05
3.89403505445467759e-05
3.89404529920285347e-05
3.89405888612042879e-05
3.89407644701559777e-05
3.89409624244644405e-05
3.89411718163639643e-05
3.89414179751450943e-05
3.89417436477707414e-05
3.89421802665915922e-05
3.89427715816503928e-05
3.89434945812432048e-05
3.89444715407457931e-05
3.89455425163275169e-05
3.89466559781292474e-05
3.8948200208956456e-05
3.89504001275078936e-05
3.89535495970342625e-05
3.89551527279303076e-05
3.89565286902464393e-05
3.89586638968353021e-05
3.89608489809381626e-05
3.89637911027860284e-05
3.8967204334179488e-05
3.8970787784140135e-05
3.89755730661303621e-05
3.89813128317132232e-05
3.89866677675202776e-05
3.89398395867287546e-05
3.89398395867292832e-05
3.89398395867302115e-05
3.89398395867317226e-05
3.89398395867337487e-05
3.89398395867367235e-05
3.8939839586740525e-05
3.89398395867453904e-05
3.89398395867519159e-05
3.89398395867593427e-05
3.89398395867673658e-05
3.89398395867781197e-05
3.89398395867919772e-05
3.89398395868136815e-05
3.89398395868523537e-05
3.89398395869292372e-05
3.89398395871375802e-05
3.89398395877305371e-05
3.89398395893859376e-05
3.8939839593804712e-05
3.8939839604961437e-05
3.89398396311611079e-05
3.89398396841323462e-05
3.89398397874436876e-05
3.89398399821335126e-05
3.89398403347143921e-05
3.89398409558873999e-05
3.89398420568227895e-05
3.89398440920288657e-05
3.89398468784087843e-05
3.89398504458023708e-05
3.89398565545885907e-05
3.89398666719451621e-05
3.89398830911392575e-05
3.89399092989680385e-05
3.89399495774115693e-05
3.89400090605453267e-05
3.89400945229195918e-05
3.89402147741832707e-05
3.89403791932067109e-05
3.89406000493515796e-05
3.8940896360833597e-05
3.89412466859841589e-05
3.89416181363502707e-05
3.89420569340013172e-05
3.89426002169261158e-05
3.89431553466968944e-05
3.89436823646924294e-05
3.89443306693018886e-05
3.89452386475085276e-05
3.89466971165232422e-05
3.89478532686123131e-05
3.89489859047290318e-05
3.89501962773000412e-05
3.89515775676196058e-05
3.89536397013990075e-05
3.89567497002071651e-05
3.89614959834631847e-05
3.89664009670607415e-05
3.89702879580684224e-05
3.89758280358842225e-05
3.89841525864803481e-05
3.89924279458392763e-05
3.89991757253688913e-05
3.90054094010692422e-05
3.9013108812642003e-05
3.90235706160666136e-05
3.90346846395026487e-05
3.90491715744727063e-05
3.90657813789882931e-05
3.90787076189632834e-05
3.90915049648239384e-05
3.9109234790913282e-05
3.912629769518982e-05
3.91414329349865228e-05
3.8939839586734074e-05
3.89398395867442926e-05
3.89398395867611045e-05
3.89398395867856278e-05
3.89398395868162633e-05
3.89398395868573003e-05
3.89398395869049985e-05
3.89398395869555833e-05
3.89398395870158107e-05
3.8939839587079101e-05
3.89398395871470466e-05
3.8939839587227962e-05
3.89398395873472378e-05
3.89398395875485131e-05
3.89398395879356275e-05
3.8939839588990624e-05
3.8939839592151446e-05
3.89398396014372243e-05
3.89398396274697451e-05
3.89398396964616222e-05
3.8939839868503277e-05
3.89398402688514886e-05
3.89398410605700605e-05
3.89398425912117221e-05
3.89398454198908465e-05
3.89398503153925616e-05
3.8939858288007907e-05
3.89398709754810494e-05
3.89398912165724384e-05
3.89399237295596682e-05
3.89399763544100345e-05
3.8940062419052684e-05
3.89402057177556319e-05
3.89404523540811846e-05
3.89409020143628571e-05
3.89415083963775397e-05
3.89422344716368974e-05
3.8943191076356414e-05
3.89445697779874106e-05
3.89464234286448515e-05
3.8948988212138429e-05
3.89516447932387338e-05
3.89542199373918056e-05
3.89571011656772757e-05
3.89599087946854451e-05
3.8962303563169072e-05
3.89648499471480106e-05
3.89676203212878613e-05
3.89705526168254769e-05
3.89735974097686893e-05
3.89770477188675906e-05
3.89815483461074513e-05
3.89876211885934612e-05
3.89951809609449882e-05
3.90037124126847181e-05
3.90146974921167059e-05
3.90293964780951213e-05
3.90454157217759155e-05
3.90597504026900255e-05
3.90743407441472186e-05
3.90935638865939599e-05
3.91200357868507487e-05
3.91504085458629618e-05
3.91667507567876742e-05
3.91819814465104636e-05
3.92057472053082079e-05
3.92433100885990752e-05
3.92774403701201947e-05
3.92991451205610057e-05
3.93186418076601373e-05
3.93346305996926756e-05
3.93534306180279037e-05
3.93818097850014796e-05
3.94137484258422801e-05
3.94291312599588802e-05
3.89398395869166943e-05
3.89398395871761507e-05
3.89398395874805336e-05
3.89398395877682402e-05
3.89398395880716881e-05
3.89398395883777719e-05
3.89398395886680128e-05
3.89398395889661007e-05
3.89398395892833518e-05
3.8939839589570767e-05
3.89398395898916502e-05
3.89398395903674862e-05
3.89398395911743901e-05
3.89398395927545741e-05
3.89398395976521051e-05
3.89398396135592618e-05
3.89398396634747237e-05
3.8939839811701898e-05
3.89398402256891629e-05
3.89398413100240689e-05
3.89398439655527927e-05
3.89398500191138401e-05
3.89398627515268983e-05
3.89398883713871965e-05
3.89399394708459673e-05
3.89400196641731387e-05
3.89401193848270871e-05
3.89402634535253154e-05
3.89405066657885174e-05
3.89409055417260731e-05
3.89415504276531825e-05
3.89425814395087913e-05
3.89442123544594276e-05
3.89467640861423285e-05
3.89507081189624247e-05
3.8956716487930283e-05
3.89657065744290965e-05
3.89788376490190344e-05
3.89977832610589032e-05
3.90128270733845908e-05
3.90217664551769863e-05
3.90266363089497264e-05
3.90294707470018265e-05
3.90313372273462601e-05
3.90331514688360671e-05
3.90351115482344367e-05
3.90376528354061217e-05
3.90402877617462949e-05
3.90436836673953183e-05
3.90476495356494152e-05
3.90522124582222508e-05
3.90570050901603105e-05
3.9062756648018451e-05
3.90688744780922804e-05
3.90753280109214446e-05
3.90826320648744822e-05
3.9090603948051692e-05
3.90987187257509563e-05
3.91076202047120673e-05
3.91186751086064157e-05
3.91301745007975463e-05
3.91407432230071194e-05
3.91500315367131378e-05
3.91586810269646464e-05
3.91666069928938251e-05
3.91733737542907876e-05
3.91820379450432242e-05
3.91902660486939219e-05
3.91971383722227284e-05
3.92052790287245861e-05
3.92156497358706863e-05
3.92242568792199311e-05
3.92337777232608143e-05
3.92438674571766568e-05
3.92571520411280603e-05
)
;

boundaryField
{
    reactingWall
    {
        type            calculated;
        value           nonuniform List<scalar> 
75
(
3.89398395869166943e-05
3.89398395871761507e-05
3.89398395874805336e-05
3.89398395877682402e-05
3.89398395880716881e-05
3.89398395883777719e-05
3.89398395886680128e-05
3.89398395889661007e-05
3.89398395892833518e-05
3.8939839589570767e-05
3.89398395898916502e-05
3.89398395903674862e-05
3.89398395911743901e-05
3.89398395927545741e-05
3.89398395976521051e-05
3.89398396135592618e-05
3.89398396634747237e-05
3.8939839811701898e-05
3.89398402256891629e-05
3.89398413100240689e-05
3.89398439655527927e-05
3.89398500191138401e-05
3.89398627515268983e-05
3.89398883713871965e-05
3.89399394708459673e-05
3.89400196641731387e-05
3.89401193848270871e-05
3.89402634535253154e-05
3.89405066657885174e-05
3.89409055417260731e-05
3.89415504276531825e-05
3.89425814395087913e-05
3.89442123544594276e-05
3.89467640861423285e-05
3.89507081189624247e-05
3.8956716487930283e-05
3.89657065744290965e-05
3.89788376490190344e-05
3.89977832610589032e-05
3.90128270733845908e-05
3.90217664551769863e-05
3.90266363089497264e-05
3.90294707470018265e-05
3.90313372273462601e-05
3.90331514688360671e-05
3.90351115482344367e-05
3.90376528354061217e-05
3.90402877617462949e-05
3.90436836673953183e-05
3.90476495356494152e-05
3.90522124582222508e-05
3.90570050901603105e-05
3.9062756648018451e-05
3.90688744780922804e-05
3.90753280109214446e-05
3.90826320648744822e-05
3.9090603948051692e-05
3.90987187257509563e-05
3.91076202047120673e-05
3.91186751086064157e-05
3.91301745007975463e-05
3.91407432230071194e-05
3.91500315367131378e-05
3.91586810269646464e-05
3.91666069928938251e-05
3.91733737542907876e-05
3.91820379450432242e-05
3.91902660486939219e-05
3.91971383722227284e-05
3.92052790287245861e-05
3.92156497358706863e-05
3.92242568792199311e-05
3.92337777232608143e-05
3.92438674571766568e-05
3.92571520411280603e-05
)
;
    }
    inertWall
    {
        type            calculated;
        value           nonuniform List<scalar> 
105
(
3.89398395867285107e-05
3.89398395867285039e-05
3.89398395867285039e-05
3.89398395867285107e-05
3.89398395867285107e-05
3.89398395867285039e-05
3.89398395867285107e-05
3.89398395867285107e-05
3.89398395867285107e-05
3.89398395867285107e-05
3.89398395867285039e-05
3.89398395867285107e-05
3.89398395867285039e-05
3.89398395867285581e-05
3.89398395867317565e-05
3.89398395867285107e-05
3.89398395867285039e-05
3.89398395867285107e-05
3.89398395867285039e-05
3.89398395867285039e-05
3.89398395867285039e-05
3.89398395867285039e-05
3.89398395867285107e-05
3.89398395867285107e-05
3.89398395867285039e-05
3.89398395867284971e-05
3.89398395867284971e-05
3.89398395867285039e-05
3.89398395867285107e-05
3.89398395867285107e-05
3.89398395867285039e-05
3.89398395867285039e-05
3.89398395867285039e-05
3.89398395867285039e-05
3.89398395867285107e-05
3.89398395867285175e-05
3.89398395867285581e-05
3.8939839586728714e-05
3.89398395867296355e-05
3.89398395867343179e-05
3.89398395867566254e-05
3.89398395868564872e-05
3.89398395872749147e-05
3.89398395889112943e-05
3.89398395948651431e-05
3.89398396149556465e-05
3.89398396776202213e-05
3.89398398576615263e-05
3.89398403322893164e-05
3.8939841474854329e-05
3.89398439676178116e-05
3.89398489718290701e-05
3.89398588276093922e-05
3.89398778439755108e-05
3.89399137657920507e-05
3.8939980217009023e-05
3.89401006268232631e-05
3.89403143589606051e-05
3.8940685990461826e-05
3.89413188948995942e-05
3.89423744087825767e-05
3.89440977941098854e-05
3.89468518111763594e-05
3.89511578371961331e-05
3.89577433133436358e-05
3.89675937954743332e-05
3.89819934737480224e-05
3.90021293378625333e-05
3.90279638963839177e-05
3.90601517619085706e-05
3.9099170327871876e-05
3.91428189078671753e-05
3.91950229366953083e-05
3.92517322840889042e-05
3.93143910261931111e-05
3.93793242809194967e-05
3.94473879446515316e-05
3.95146536189920075e-05
3.95807971518342784e-05
3.96439929661556901e-05
3.9704226659384029e-05
3.97603910531839062e-05
3.98130941145835579e-05
3.98607146659808755e-05
3.99049925579368785e-05
3.99468343144953253e-05
3.99864221787444982e-05
4.00231337603065821e-05
4.00582500623757694e-05
4.0091073195857476e-05
4.01241211234292227e-05
4.01626008890546997e-05
4.020563587076993e-05
4.02532787693097625e-05
4.02992416901703406e-05
4.03372147245066319e-05
4.03754905963959313e-05
4.04144765574954341e-05
4.04502503090178035e-05
4.04839219932093578e-05
4.05162954815906822e-05
4.05467820387916359e-05
4.05746240448523953e-05
4.06068568108984256e-05
4.06543805218445714e-05
)
;
    }
    inlet
    {
        type            calculated;
        value           uniform 3.89398395867285039e-05;
    }
    outlet
    {
        type            calculated;
        value           nonuniform List<scalar> 
20
(
4.06543805218445714e-05
3.97988811878338225e-05
3.92004696544697175e-05
3.90001898448968077e-05
3.89515706903673185e-05
3.89418213508658525e-05
3.89401331607879754e-05
3.89398784396959713e-05
3.89398441760955915e-05
3.89398401004565953e-05
3.89398399044319006e-05
3.89398420722210354e-05
3.89398617973181336e-05
3.89400238733245919e-05
3.89412135213563631e-05
3.89486852150566044e-05
3.89866677675202776e-05
3.91414329349865228e-05
3.94291312599588802e-05
3.92571520411213586e-05
)
;
    }
    defaultFaces
    {
        type            empty;
    }
}


// ************************************************************************* //
