/*--------------------------------*- C++ -*----------------------------------*\
  =========                 |
  \\      /  F ield         | OpenFOAM: The Open Source CFD Toolbox
   \\    /   O peration     | Website:  https://openfoam.org
    \\  /    A nd           | Version:  8
     \\/     M anipulation  |
\*---------------------------------------------------------------------------*/
FoamFile
{
    version     2.0;
    format      ascii;
    class       volScalarField;
    location    "0.4";
    object      gas::h;
}
// * * * * * * * * * * * * * * * * * * * * * * * * * * * * * * * * * * * * * //

dimensions      [0 2 -2 0 0 0 0];

internalField   nonuniform List<scalar> 
1800
(
-158553.580710883834
-158553.580710884096
-158553.580710883834
-158553.580710883514
-158553.58071088334
-158553.580710883194
-158553.580710883194
-158553.580710883602
-158553.580710883572
-158553.580710884096
-158553.580710884475
-158553.580710884504
-158553.580710884038
-158553.580710883747
-158553.580710883747
-158553.580710883893
-158553.580710883747
-158553.580710883893
-158553.580710883893
-158553.580710883311
-158553.580710883194
-158553.580710883194
-158553.580710883194
-158553.580710882699
-158553.580710883194
-158553.580710883311
-158553.580710883194
-158553.580710883572
-158553.580710883456
-158553.580710883834
-158553.580710883776
-158553.580710883747
-158553.580710883427
-158553.580710883514
-158553.580710883572
-158553.580710883427
-158553.580710883311
-158553.580710882758
-158553.580710882903
-158553.58071088334
-158553.580710883572
-158553.58071088366
-158553.580710883311
-158553.580710883602
-158553.580710883456
-158553.580710883572
-158553.580710883834
-158553.580710884096
-158553.580710883514
-158553.580710883602
-158553.580710883456
-158553.580710883427
-158553.580710883078
-158553.58071088334
-158553.58071088334
-158553.580710883427
-158553.580710883776
-158553.580710883893
-158553.580710883776
-158553.580710883456
-158553.58071088366
-158553.580710883747
-158553.580710883456
-158553.580710883427
-158553.58071088299
-158553.580710883194
-158553.580710883572
-158553.580710883136
-158553.580710883456
-158553.580710883136
-158553.580710883311
-158553.580710883747
-158553.580710883427
-158553.58071088334
-158553.58071088334
-158553.580710883572
-158553.58071088334
-158553.58071088366
-158553.580710883834
-158553.58071088366
-158553.580710883834
-158553.58071088334
-158553.580710883136
-158553.580710883136
-158553.580710883136
-158553.580710883194
-158553.580710882816
-158553.580710882816
-158553.580710882961
-158553.580710883136
-158553.580710883602
-158553.580710883893
-158553.580710883776
-158553.580710883514
-158553.580710883834
-158553.580710883747
-158553.58071088299
-158553.580710882903
-158553.580710883194
-158553.580710883078
-158553.580710883078
-158553.58071088299
-158553.580710882903
-158553.580710882321
-158553.580710882641
-158553.580710883834
-158553.580710883747
-158553.58071088334
-158553.580710883572
-158553.580710883602
-158553.580710883514
-158553.580710883747
-158553.580710883747
-158553.580710883747
-158553.580710883427
-158553.580710883747
-158553.580710883834
-158553.580710883572
-158553.580710883427
-158553.58071088366
-158553.580710883136
-158553.580710882699
-158553.580710882845
-158553.580710882961
-158553.580710883194
-158553.580710883136
-158553.58071088334
-158553.580710883427
-158553.580710882961
-158553.580710883136
-158553.580710883572
-158553.580710883893
-158553.580710884096
-158553.580710883834
-158553.580710884038
-158553.580710883776
-158553.580710883893
-158553.580710883834
-158553.580710883514
-158553.580710883602
-158553.580710883776
-158553.580710883427
-158553.580710883311
-158553.580710883311
-158553.58071088299
-158553.580710883194
-158553.580710883427
-158553.580710883311
-158553.580710883194
-158553.580710883136
-158553.580710883951
-158553.580710883834
-158553.580710883893
-158553.580710883951
-158553.580710883572
-158553.580710883427
-158553.580710883194
-158553.58071088299
-158553.580710882699
-158553.580710882758
-158553.580710882758
-158553.580710882525
-158553.58071088299
-158553.580710883078
-158553.580710883136
-158553.580710884038
-158553.580710883747
-158553.580710884184
-158553.580710883747
-158553.580710883776
-158553.580710883602
-158553.580710883194
-158553.580710883136
-158553.580710882903
-158553.580710882583
-158553.58071088299
-158553.580710883311
-158553.58071088334
-158553.580710883834
-158553.580710883747
-158553.580710884038
-158553.580710883747
-158553.580710883136
-158553.580710883514
-158553.580710883136
-158553.580710883136
-158553.580710883194
-158553.58071088299
-158553.580710882903
-158553.580710882903
-158553.580710883194
-158553.58071088299
-158553.58071088299
-158553.580710882699
-158553.580710882699
-158553.580710883456
-158553.580710883514
-158553.580710883747
-158553.580710883456
-158553.580710883136
-158553.58071088334
-158553.580710883427
-158553.580710883194
-158553.580710882816
-158553.58071088299
-158553.580710882525
-158553.580710882321
-158553.580710882525
-158553.580710882758
-158553.580710883194
-158553.580710883602
-158553.580710883427
-158553.580710883427
-158553.580710883427
-158553.580710883136
-158553.580710883311
-158553.580710883136
-158553.580710883427
-158553.580710883311
-158553.580710883194
-158553.580710883427
-158553.580710882961
-158553.580710882903
-158553.580710883078
-158553.580710882758
-158553.580710883747
-158553.580710884096
-158553.580710883834
-158553.580710883776
-158553.580710883311
-158553.580710882961
-158553.580710883194
-158553.580710883427
-158553.580710883514
-158553.580710883572
-158553.58071088334
-158553.580710883456
-158553.580710883602
-158553.580710883514
-158553.580710883834
-158553.580710883194
-158553.58071088334
-158553.580710883311
-158553.580710883427
-158553.580710883078
-158553.580710883456
-158553.580710883311
-158553.580710883572
-158553.580710883194
-158553.580710883194
-158553.58071088299
-158553.580710883456
-158553.580710883427
-158553.58071088366
-158553.58071088334
-158553.580710883747
-158553.580710884271
-158553.580710884213
-158553.580710884096
-158553.580710883776
-158553.580710883747
-158553.580710883427
-158553.580710883427
-158553.58071088366
-158553.580710883602
-158553.580710884038
-158553.580710883834
-158553.580710884096
-158553.580710884038
-158553.580710882699
-158553.580710883456
-158553.580710883834
-158553.580710884038
-158553.580710883776
-158553.580710883427
-158553.580710883456
-158553.58071088366
-158553.580710883514
-158553.580710883194
-158553.580710883194
-158553.580710883136
-158553.580710882496
-158553.580710882816
-158553.580710882903
-158553.580710863636
-158553.580710883747
-158553.580710883951
-158553.580710884184
-158553.58071088366
-158553.580710883747
-158553.580710883311
-158553.58071088299
-158553.580710882961
-158553.580710883572
-158553.580710883747
-158553.580710883951
-158553.580710883834
-158553.580710884213
-158553.58071087909
-158553.580710535753
-158553.580710884038
-158553.580710884213
-158553.580710883951
-158553.580710883427
-158553.580710883834
-158553.580710882583
-158553.580710879032
-158553.580710861657
-158553.580710763403
-158553.580710264796
-158553.58070788777
-158553.580697247817
-158553.580652664532
-158553.580478312564
-158553.579843944375
-158553.577703349089
-158553.57102658553
-158553.551843609806
-158553.501273139613
-158553.379535536573
-158553.113937485265
-158552.580750649242
-158551.530640785146
-158549.504492901295
-158545.677112012694
-158538.596905430866
-158525.767570560623
-158502.995067554264
-158463.399082239514
-158395.966029505769
-158283.507608129061
-158099.896274875908
-157806.492231695127
-157347.771545709256
-156646.290427996195
-155597.179033995053
-154063.899008247157
-151920.499672954524
-149171.636862829037
-145748.564381814416
-141601.742048526299
-136966.316449672042
-131427.112237566034
-125415.776943192352
-118780.938531615
-111913.156744357082
-104722.895751604417
-97625.5775069884985
-90655.0176675053808
-84002.8302978459251
-77669.4575858044554
-71770.1121799027896
-66239.7260552900116
-61247.1531477110329
-56608.8374505864485
-52229.0876005559985
-48088.271979581652
-44250.92209269468
-40582.671091303564
-37156.0391066853699
-33707.9621672523863
-29695.7055112054841
-25211.7316765589057
-20251.6409280781627
-15470.4287747871022
-11523.2921485509887
-7547.36672435541004
-3500.45308548112098
210.560372299629222
3701.36730888195598
7055.62670942340901
10212.6228155160552
13094.2793461483943
16428.6102659788376
21341.2570038409867
-158553.580710883572
-158553.580710884096
-158553.580710884271
-158553.580710884038
-158553.580710883834
-158553.580710884096
-158553.580710883951
-158553.580710882205
-158553.580710875976
-158553.580710844515
-158553.58071069626
-158553.580710041657
-158553.580707325891
-158553.580696774472
-158553.580658467137
-158553.580528874358
-158553.580121439823
-158553.578934242978
-158553.575737359206
-158553.567811600456
-158553.549882754334
-158553.513565078174
-158553.442058463115
-158553.304185347748
-158553.043843885767
-158552.561974057578
-158551.687043720856
-158550.127896804886
-158547.400318661472
-158542.715699363209
-158534.816984762641
-158521.744283349428
-158500.511021804588
-158466.672809204087
-158413.777606649091
-158332.705351040611
-158210.947463091114
-158031.704804526729
-157769.748588294955
-157427.000576723018
-156926.12928277874
-156363.293820516352
-155589.092801671708
-154717.574461307318
-153542.903048134933
-152272.650229838473
-150817.458653206704
-149005.059927452676
-146968.284672221547
-145199.660163516441
-142849.727286604146
-140326.351269556966
-137974.518708775402
-135700.495212138776
-132655.153234897298
-129718.671249360646
-127483.579295240037
-124719.034284897396
-121082.070444723387
-118020.767394788767
-115639.112974732459
-112578.824283077003
-109420.640241951784
-106621.471477245184
-104072.419159002427
-100807.474557977403
-96902.3632544216671
-92298.9040524840093
-87981.4204174380284
-85022.8276041095523
-82683.6307451077009
-79541.1371344289364
-74982.3697688876709
-70722.3970864696894
-67730.6434700836398
-158553.580710883602
-158553.580710883747
-158553.580710883572
-158553.580710883572
-158553.580710883427
-158553.580710883834
-158553.580710883747
-158553.580710883136
-158553.580710883136
-158553.580710880458
-158553.580710869166
-158553.580710820097
-158553.580710617622
-158553.580709834525
-158553.580706998328
-158553.580697392346
-158553.58066705949
-158553.580577956396
-158553.580335064704
-158553.579722582683
-158553.578306513838
-158553.575406412303
-158553.569692649471
-158553.55867760838
-158553.537891602173
-158553.499443206063
-158553.429650579346
-158553.305225988239
-158553.087266051618
-158552.712006543064
-158552.076948873175
-158551.020580295852
-158549.293538241851
-158546.518754677614
-158542.13776532709
-158535.339284019952
-158524.961578957591
-158509.342345950223
-158486.011628649809
-158454.249497464974
-158408.031861708529
-158348.529898632201
-158264.463185166009
-158154.871052669565
-158035.46332303551
-157873.129542207142
-157643.464654832351
-157423.913615183701
-157119.68788504554
-156809.772054322093
-156401.787660622271
-156008.570999842981
-155471.193033941963
-154931.121086240368
-154395.04467576876
-153659.207734581694
-152987.474960098742
-152288.854210748657
-151350.12846827539
-150374.259184395778
-149704.338063631149
-148922.670887759596
-148189.21332874705
-147443.662360828777
-146447.310429996374
-145074.017010014359
-143686.419864366617
-142416.722949486546
-140730.431767788774
-139148.528045073443
-137848.01972798616
-136406.693556954444
-134481.516300412361
-132566.583081130113
-130849.479100281969
-158553.580710883747
-158553.580710883427
-158553.580710883194
-158553.580710883311
-158553.580710882961
-158553.580710882758
-158553.580710883136
-158553.580710883427
-158553.580710883078
-158553.580710883136
-158553.580710882525
-158553.580710879382
-158553.580710865383
-158553.580710811977
-158553.580710619077
-158553.580709967733
-158553.580707907007
-158553.580701815546
-158553.580685031775
-158553.580642041954
-158553.580540633906
-158553.580330373108
-158553.579915746319
-158553.579116484005
-158553.577609493514
-158553.574825028772
-158553.569775134616
-158553.56077539589
-158553.545002332947
-158553.517803570605
-158553.471645337035
-158553.394541985821
-158553.267766581004
-158553.062593358161
-158552.735776474961
-158552.223429488804
-158551.432946425863
-158550.232662621624
-158548.43964307374
-158545.811384954752
-158541.981938313314
-158536.634467192896
-158528.952103115735
-158517.836510432564
-158505.468175798364
-158488.298669594835
-158463.274150552927
-158437.12310687991
-158400.048108288436
-158360.100642357458
-158303.544980515318
-158249.46366927668
-158177.631528742029
-158086.461684696173
-158001.252270194702
-157881.203963471751
-157770.094684160111
-157625.770886995597
-157460.819173581811
-157300.593019983411
-157105.885809938685
-156897.288132643647
-156721.245298076072
-156484.197811816673
-156257.128267223452
-156006.646755815891
-155668.603191773233
-155335.540448195679
-154988.674905964435
-154561.251870291017
-154155.415885712398
-153767.672655834525
-153246.825515079865
-152648.947618038888
-152126.918568568188
-158553.580710882961
-158553.580710883194
-158553.58071088299
-158553.580710882758
-158553.580710882845
-158553.580710883194
-158553.580710883572
-158553.580710884096
-158553.580710883893
-158553.580710883776
-158553.580710883747
-158553.580710883514
-158553.580710882583
-158553.58071087912
-158553.580710866372
-158553.580710822949
-158553.58071068459
-158553.580710274109
-158553.580709132337
-158553.580706166802
-158553.580699047394
-158553.58068404076
-158553.580654377467
-158553.580597089487
-158553.580488954962
-158553.580289023928
-158553.579926232953
-158553.579279208352
-158553.578143899591
-158553.576182646881
-158553.572845502873
-158553.567251024564
-158553.558009233471
-158553.542963986984
-158553.518825694598
-158553.480657997599
-158553.421173659794
-158553.329787844559
-158553.191389432846
-158552.984907814302
-158552.680467796483
-158552.236319628573
-158551.589062699204
-158550.637498030352
-158549.460500623652
-158547.830382212996
-158545.437788544368
-158542.650514669687
-158538.72953827036
-158534.279973505676
-158527.938607546268
-158521.257774989092
-158512.654666687362
-158500.695014475612
-158489.142275495746
-158472.969521059887
-158456.182130403904
-158436.052255011367
-158408.000476019748
-158384.308422884264
-158356.181075673492
-158318.228331917606
-158287.552036924084
-158246.697145418031
-158197.341698056
-158147.267330979492
-158081.721770880715
-158012.786475484056
-157938.382939834788
-157854.61738494254
-157768.848130849598
-157676.494000291947
-157573.622855263762
-157443.550792360096
-157303.792203955963
-158553.580710882816
-158553.580710883136
-158553.580710883194
-158553.58071088334
-158553.580710883747
-158553.580710883776
-158553.580710883747
-158553.580710883427
-158553.580710883514
-158553.580710883514
-158553.580710883514
-158553.580710883456
-158553.580710883602
-158553.580710883136
-158553.580710882059
-158553.580710879411
-158553.580710870418
-158553.580710844108
-158553.580710770126
-158553.580710574723
-158553.580710097856
-158553.58070907151
-158553.580707036832
-158553.580703094718
-158553.58069563497
-158553.580681814638
-158553.580656693084
-158553.580611811689
-158553.580532902299
-158553.580396254838
-158553.580163041799
-158553.579770606506
-158553.579119327274
-158553.57805314305
-158553.576331205637
-158553.573587321647
-158553.569272900029
-158553.562577952805
-158553.552323165553
-158553.536812830804
-158553.51362337693
-158553.479302011809
-158553.428871265496
-158553.355427500879
-158553.253698934888
-158553.110923922795
-158552.909410843393
-158552.643007867358
-158552.290814908105
-158551.83752951413
-158551.211212339695
-158550.451033758087
-158549.545009999245
-158548.237247414974
-158546.875042459578
-158544.993062461261
-158542.929389536323
-158540.378617053357
-158536.789671636565
-158533.515486175165
-158529.439673816407
-158523.844396647619
-158519.044469260494
-158512.683168820105
-158505.101563243312
-158496.581908832246
-158486.836678685737
-158475.725287667388
-158462.570727546437
-158447.848434678337
-158433.272276547359
-158415.920494787191
-158396.767085309752
-158371.983536070853
-158342.43221154873
-158553.580710882816
-158553.580710882816
-158553.580710882699
-158553.580710882845
-158553.580710883311
-158553.580710883136
-158553.580710882961
-158553.580710883136
-158553.58071088334
-158553.580710883776
-158553.580710883747
-158553.580710883747
-158553.58071088366
-158553.580710883514
-158553.580710883078
-158553.580710882903
-158553.580710882583
-158553.580710881157
-158553.580710876384
-158553.580710864422
-158553.580710833659
-158553.580710766459
-158553.580710633163
-158553.580710373499
-158553.580709880247
-158553.580708963127
-158553.580707291112
-158553.580704294989
-158553.58069901212
-158553.580689833354
-158553.580674110446
-158553.580647542316
-158553.580603237788
-158553.58053030711
-158553.580411770876
-158553.580221515644
-158553.57991990837
-158553.579447583819
-158553.578716738528
-158553.577599039651
-158553.575908785715
-158553.573379565118
-158553.569632141822
-158553.564135989291
-158553.556183265435
-158553.544744521758
-158553.528285935608
-158553.504325804155
-158553.47582832622
-158553.436197869712
-158553.381699525547
-158553.305566871393
-158553.217641773983
-158553.091076524084
-158552.947199867311
-158552.748315434321
-158552.530170811573
-158552.241666086833
-158551.835763949755
-158551.452544476779
-158550.951449860324
-158550.282294957346
-158549.671929849254
-158548.844713852071
-158547.84677806549
-158546.567550396518
-158545.170509368356
-158543.635684717272
-158541.599638260697
-158539.290331489494
-158537.118612376769
-158534.501417905791
-158531.361694513209
-158527.45627702857
-158522.301170816558
-158553.580710883456
-158553.580710883136
-158553.580710883194
-158553.580710883194
-158553.580710883311
-158553.580710883602
-158553.580710883514
-158553.580710883747
-158553.580710883747
-158553.580710883747
-158553.580710883427
-158553.580710882961
-158553.580710883194
-158553.580710883194
-158553.580710883194
-158553.580710883194
-158553.58071088334
-158553.580710882903
-158553.580710882845
-158553.580710882525
-158553.580710881215
-158553.580710876733
-158553.580710868147
-158553.580710851704
-158553.580710820708
-158553.580710762937
-158553.58071065665
-158553.5807104657
-158553.580710127018
-158553.580709536443
-158553.580708521156
-158553.580706797802
-158553.580703909218
-158553.580699127837
-158553.580691306939
-158553.580678666098
-158553.580658472871
-158553.580626582494
-158553.58057678357
-158553.580499868694
-158553.580382333079
-158553.580204555677
-158553.579938283365
-158553.579543291067
-158553.57896323048
-158553.578117818834
-158553.576889643446
-158553.575088989746
-158553.572774771281
-158553.56948776808
-158553.564901800273
-158553.558453924255
-158553.550622346462
-158553.539430813398
-158553.526072460169
-158553.50751154215
-158553.486725497525
-158553.458524432208
-158553.418557719677
-158553.376415297214
-158553.318680560333
-158553.250919789047
-158553.176849298732
-158553.076674816693
-158552.960557850194
-158552.808893897542
-158552.63959754011
-158552.447069803718
-158552.189131832682
-158551.881689320202
-158551.582519677293
-158551.249775462842
-158550.79896171295
-158550.244902615232
-158549.441020336468
-158553.580710883776
-158553.580710883834
-158553.580710884184
-158553.580710883951
-158553.580710883834
-158553.580710883776
-158553.580710883456
-158553.580710883747
-158553.580710882961
-158553.580710882845
-158553.580710882758
-158553.580710882641
-158553.580710882583
-158553.580710883078
-158553.580710883427
-158553.580710883747
-158553.580710883747
-158553.580710883456
-158553.580710883194
-158553.58071088334
-158553.58071088366
-158553.580710882845
-158553.580710882379
-158553.580710881739
-158553.580710880342
-158553.580710876704
-158553.580710869981
-158553.580710858223
-158553.580710837472
-158553.580710801412
-158553.580710738373
-158553.580710631708
-158553.580710452021
-158553.580710152397
-158553.580709659436
-158553.580708857189
-158553.580707566143
-158553.580705510278
-158553.580702272069
-158553.580697225116
-158553.5806894376
-158553.580677540944
-158553.580659539875
-158553.580632556288
-158553.580592475861
-158553.580533461442
-158553.58044732202
-158553.580322831578
-158553.580145969783
-158553.579897037853
-158553.579550089664
-158553.579069820902
-158553.578415634984
-158553.577501834137
-158553.576397586614
-158553.574905473914
-158553.573043151118
-158553.570499192778
-158553.566944803053
-158553.562705373886
-158553.557012855628
-158553.550889561651
-158553.543340457225
-158553.533171901217
-158553.520862949546
-158553.504623273009
-158553.486512651929
-158553.463977284962
-158553.43384993996
-158553.396528241166
-158553.360395964613
-158553.320394112525
-158553.266035610897
-158553.198454953876
-158553.091724671045
-158553.580710882903
-158553.58071088299
-158553.580710882699
-158553.580710882961
-158553.580710882961
-158553.580710882903
-158553.580710882641
-158553.580710883136
-158553.580710883514
-158553.580710883427
-158553.580710883311
-158553.580710883747
-158553.58071088334
-158553.580710883078
-158553.580710883078
-158553.580710883194
-158553.580710883311
-158553.58071088299
-158553.580710883078
-158553.580710883194
-158553.580710883311
-158553.580710883311
-158553.580710883194
-158553.58071088366
-158553.580710883893
-158553.580710883834
-158553.580710883834
-158553.580710883456
-158553.580710882496
-158553.580710880313
-158553.580710876209
-158553.580710869981
-158553.580710859358
-158553.580710840964
-158553.580710810347
-158553.580710760201
-158553.580710679438
-158553.580710550479
-158553.580710345297
-158553.580710022768
-158553.580709520669
-158553.580708746507
-158553.58070756431
-158553.580705775123
-158553.580703091196
-158553.58069910176
-158553.580693223572
-158553.580684643763
-158553.580672267679
-158553.580654587888
-158553.580629588396
-158553.58059460923
-158553.580546230922
-158553.580479989381
-158553.580392004747
-158553.580274964304
-158553.580117445847
-158553.579899601638
-158553.579605570005
-158553.579244076624
-158553.57873372722
-158553.578136220487
-158553.577395152184
-158553.576386012079
-158553.57514750355
-158553.573644154501
-158553.571859019925
-158553.569423556735
-158553.566191234568
-158553.562024038431
-158553.558017070522
-158553.553486203105
-158553.547308238747
-158553.539198623999
-158553.525974369084
-158553.580710883572
-158553.580710883194
-158553.580710883427
-158553.58071088366
-158553.58071088366
-158553.580710883136
-158553.580710883514
-158553.580710883514
-158553.580710883747
-158553.580710883951
-158553.580710883893
-158553.580710883747
-158553.580710883747
-158553.580710883514
-158553.580710883747
-158553.580710883776
-158553.580710883602
-158553.580710883311
-158553.580710882845
-158553.580710882641
-158553.580710882699
-158553.58071088299
-158553.580710883311
-158553.580710883194
-158553.580710883311
-158553.580710883456
-158553.580710883747
-158553.580710883834
-158553.580710883572
-158553.580710882903
-158553.58071088139
-158553.580710878479
-158553.58071087327
-158553.580710864655
-158553.580710850423
-158553.58071082746
-158553.580710790964
-158553.580710733455
-158553.580710642942
-158553.580710504029
-158553.580710290669
-158553.580709966598
-158553.580709478905
-158553.580708752794
-158553.580707684159
-158553.580706125911
-158553.580703876796
-158553.580700659775
-158553.580696097051
-158553.580689672759
-158553.580680691666
-158553.580668225331
-158553.580651055294
-158553.58062757572
-158553.580595558509
-158553.580551706458
-158553.58049074185
-158553.580404733075
-158553.580299255031
-158553.580151964066
-158553.579948694358
-158553.579670887266
-158553.579290297203
-158553.578751160909
-158553.578130705777
-158553.577370722225
-158553.576342643588
-158553.574976775097
-158553.573132879799
-158553.57092922731
-158553.568322692503
-158553.565053914266
-158553.560914279922
-158553.5556217173
-158553.546860336297
-158553.580710883572
-158553.580710883514
-158553.580710883514
-158553.580710883456
-158553.580710883776
-158553.580710883456
-158553.580710883456
-158553.580710883747
-158553.580710883456
-158553.580710883514
-158553.580710883834
-158553.580710883834
-158553.580710883747
-158553.580710883747
-158553.58071088366
-158553.580710883572
-158553.580710883427
-158553.580710883136
-158553.580710883194
-158553.58071088334
-158553.580710883311
-158553.580710883456
-158553.580710883834
-158553.580710883456
-158553.580710882641
-158553.580710880895
-158553.580710877752
-158553.580710872338
-158553.580710863025
-158553.580710846989
-158553.580710819602
-158553.580710772832
-158553.580710694892
-158553.580710566341
-158553.580710356764
-158553.580710020964
-158553.580709487549
-158553.580708651483
-158553.580707356508
-158553.58070537544
-158553.580702377076
-158553.580697888567
-158553.580691242998
-158553.58068152066
-158553.580667475646
-158553.580647437717
-158553.580619179673
-158553.58057972588
-158553.580525077792
-158553.580449875881
-158553.580347022245
-158553.580207419902
-158553.580019943329
-158553.579772247584
-158553.579442029062
-158553.578997505334
-158553.578392350668
-158553.577569635352
-158553.57646671799
-158553.574996619922
-158553.573036134942
-158553.570406214276
-158553.566854644509
-158553.562036272167
-158553.555499660783
-158553.548234032118
-158553.538608839619
-158553.525412087736
-158553.506775216025
-158553.479806753196
-158553.46125366629
-158553.442839524418
-158553.416267601715
-158553.378893022862
-158553.315887525299
-158553.580710883311
-158553.580710883456
-158553.580710883834
-158553.580710884038
-158553.580710883951
-158553.580710883776
-158553.580710883514
-158553.580710883834
-158553.580710884213
-158553.580710884271
-158553.580710884358
-158553.580710884504
-158553.580710884213
-158553.580710883747
-158553.58071088334
-158553.580710883194
-158553.580710883136
-158553.580710883427
-158553.580710883311
-158553.580710883194
-158553.580710882845
-158553.580710880982
-158553.580710876704
-158553.580710868555
-158553.580710853421
-158553.580710825074
-158553.580710773327
-158553.580710680835
-158553.580710518494
-158553.580710237729
-158553.580709759641
-158553.580708959606
-158553.580707635323
-158553.580705470493
-158553.580701972503
-158553.580696389748
-158553.580687602313
-158553.580673968303
-158553.580653102515
-158553.580621563597
-158553.580574422929
-158553.580504704179
-158553.580402741558
-158553.580255597422
-158553.58004643282
-158553.579753537895
-158553.579349165404
-158553.578795732901
-158553.578041504778
-158553.577014826529
-158553.575618120405
-158553.573737877945
-158553.57130648254
-158553.568372460024
-158553.564525242284
-158553.559357497463
-158553.552336257242
-158553.542764741607
-158553.530041379534
-158553.513615866977
-158553.491543583717
-158553.460977763229
-158553.415982913109
-158553.341651065915
-158553.277990082599
-158553.216262399888
-158553.135906335228
-158553.042653042299
-158552.934757018113
-158552.787206456065
-158552.582767006737
-158552.38178958575
-158552.122865144862
-158551.770995339873
-158551.214225444099
-158553.58071088334
-158553.580710883456
-158553.580710883514
-158553.580710883893
-158553.580710883747
-158553.580710883194
-158553.58071088299
-158553.58071088299
-158553.58071088299
-158553.580710883427
-158553.580710883776
-158553.580710883834
-158553.580710883194
-158553.580710882641
-158553.580710882699
-158553.580710882525
-158553.580710881535
-158553.580710880604
-158553.580710878858
-158553.580710873124
-158553.580710859009
-158553.580710825627
-158553.580710756039
-158553.580710619048
-158553.580710356386
-158553.580709865812
-158553.580708971655
-158553.580707378947
-158553.580704600958
-158553.580699846381
-158553.580691845942
-158553.580678570637
-158553.580656792445
-158553.580621429952
-158553.58056462041
-158553.580474518152
-158553.58033389473
-158553.580118168233
-158553.579792213743
-158553.579305572785
-158553.578585489246
-158553.577527780551
-158553.575990786747
-158553.573807486828
-158553.570796976041
-158553.566722720745
-158553.561279470072
-158553.554072616942
-158553.544457355369
-158553.53157918682
-158553.514177926147
-158553.490699686081
-158553.463678516448
-158553.431116019201
-158553.387350351579
-158553.32607481681
-158553.235035622027
-158553.085238578351
-158552.960679673153
-158552.823379607289
-158552.648259909212
-158552.392172995256
-158552.032775042113
-158551.651284150983
-158551.179579246469
-158550.538247348362
-158549.643931132305
-158548.737469123764
-158547.686205098173
-158546.278929078864
-158544.614149845758
-158542.977535375103
-158540.980155335536
-158538.236394930776
-158533.945441720396
-158553.580710882525
-158553.580710882525
-158553.58071088299
-158553.580710883078
-158553.580710883194
-158553.580710882583
-158553.580710882525
-158553.580710882816
-158553.580710882525
-158553.580710882321
-158553.580710881797
-158553.580710881099
-158553.580710879731
-158553.580710878799
-158553.580710877024
-158553.580710873444
-158553.580710866023
-158553.580710850074
-158553.580710812035
-158553.580710715178
-158553.580710470822
-158553.580709887552
-158553.580708683789
-158553.580706321314
-158553.580701813364
-158553.580693448603
-158553.580678321363
-158553.58065160655
-158553.580605452444
-158553.58052733136
-158553.580397331185
-158553.580183547369
-158553.579834702105
-158553.579268876259
-158553.578357929364
-158553.576911952463
-158553.574687925022
-158553.571365715034
-158553.566470978578
-158553.55931239776
-158553.548888570018
-158553.533763684565
-158553.512021562026
-158553.48158099482
-158553.440600180707
-158553.385850589926
-158553.319510650792
-158553.231249940989
-158553.11134593928
-158552.939498585503
-158552.660386137984
-158552.437819486862
-158552.206493608042
-158551.924891977775
-158551.588583647303
-158551.125786004937
-158550.501947128621
-158549.666323232406
-158548.549979578675
-158547.056757412123
-158545.08265064939
-158542.659410735767
-158539.751672402403
-158536.352032656258
-158531.97161036107
-158526.135828718514
-158518.528738231515
-158511.529988362745
-158503.190465479711
-158492.85262202716
-158482.300364456372
-158470.801748881029
-158455.522321036609
-158436.297120113421
-158407.193041504535
-158553.58071088334
-158553.580710883136
-158553.580710882961
-158553.580710882496
-158553.580710881826
-158553.580710880604
-158553.58071087909
-158553.580710876733
-158553.580710872746
-158553.580710867333
-158553.580710860027
-158553.58071085086
-158553.580710836715
-158553.580710818118
-158553.58071078785
-158553.580710733397
-158553.580710628128
-158553.580710385577
-158553.580709753674
-158553.580708096444
-158553.580703883228
-158553.580693858676
-158553.580673376098
-158553.580633293634
-158553.580557147245
-158553.580416668614
-158553.580164380866
-158553.579722097173
-158553.578965037217
-158553.577708788711
-158553.575668376026
-158553.572368607827
-158553.567031825427
-158553.558402084076
-158553.544505328464
-158553.522464112611
-158553.488990731305
-158553.440046397271
-158553.369184984476
-158553.266252945119
-158553.114185616403
-158552.881923661946
-158552.523683504172
-158552.001258743403
-158551.560450021992
-158551.045697522088
-158550.410466779809
-158549.525487695966
-158548.361816032586
-158547.072412033653
-158545.433079739742
-158543.277728845977
-158540.719526050903
-158537.891321531992
-158534.558715314604
-158530.217708473385
-158524.422062153404
-158516.762972687255
-158506.724196928291
-158493.273439250479
-158477.105167221715
-158458.589106480766
-158436.702982854244
-158409.475598535442
-158372.886919257755
-158326.625924691383
-158280.224114879762
-158234.858685035637
-158180.158603009622
-158122.244157209294
-158057.855117378436
-157968.803006681177
-157829.802308288403
-157713.973880027828
-157611.175452274038
-158553.580710882321
-158553.580710880429
-158553.580710875278
-158553.580710866168
-158553.580710853363
-158553.580710832524
-158553.580710802256
-158553.580710762995
-158553.580710707378
-158553.58071063945
-158553.580710551701
-158553.5807104329
-158553.580710282986
-158553.580710059003
-158553.580709688889
-158553.580709007074
-158553.580707548652
-158553.580703685642
-158553.580693171156
-158553.580665204354
-158553.580594145868
-158553.580426208966
-158553.580087342038
-158553.579427023389
-158553.578181716119
-158553.575908933417
-158553.571881256328
-158553.564913894195
-158553.553133451496
-158553.533920771995
-158553.503221480583
-158553.453724521532
-158553.372556399961
-158553.236394583335
-158553.000299395819
-158552.570148451516
-158552.03263794267
-158551.447537823609
-158550.57962978154
-158549.306033307163
-158547.493492228823
-158544.998386049148
-158541.627610948635
-158537.351185682928
-158532.160596458503
-158525.86753316148
-158518.069290612562
-158508.865698040143
-158499.139613156964
-158488.224186969775
-158473.747825719125
-158455.037390246987
-158433.946217294491
-158411.63650100294
-158385.409555722261
-158350.711001326883
-158304.192086245806
-158241.19187329011
-158164.162572294823
-158060.077661729796
-157945.978430344112
-157827.355165366345
-157662.843648615206
-157428.487715982716
-157092.992985020275
-156922.228099858796
-156775.665081459912
-156548.237076365796
-156315.505562419101
-156002.157139313087
-155638.654491514171
-155257.048084367416
-154747.495606540993
-154136.364872265491
-153566.265467360121
-158553.580710857874
-158553.580710801762
-158553.580710701615
-158553.580710541399
-158553.580710323848
-158553.580710007373
-158553.58070960085
-158553.580709080416
-158553.580708384427
-158553.580707592308
-158553.580706734559
-158553.580705586675
-158553.580704107066
-158553.580701790954
-158553.580697666097
-158553.580689471273
-158553.580667269533
-158553.580604087241
-158553.580427703855
-158553.579956889909
-158553.578768163425
-158553.57597664636
-158553.570332682342
-158553.559325097711
-158553.538581353001
-158553.501014688896
-158553.434830166574
-158553.317528099782
-158553.100681703771
-158552.803799526271
-158552.423702216707
-158551.772825619497
-158550.694845578953
-158548.945420306205
-158546.153040853358
-158541.861474725301
-158535.523703234416
-158526.41792394605
-158513.605508733803
-158496.087195028376
-158472.555771254731
-158440.985002111556
-158403.659517636872
-158364.083500508103
-158317.332339682529
-158259.449438036478
-158200.304928760859
-158144.156048611068
-158075.085940360092
-157978.351677783416
-157822.972509728192
-157699.803837265819
-157579.142901650252
-157450.203356790473
-157303.059604695154
-157083.394971113361
-156752.124161863496
-156246.595623154572
-155724.209537366987
-155310.273747890285
-154720.34683293305
-153834.03082968737
-152953.084707051399
-152234.853495926131
-151571.42131426034
-150752.098461738438
-149639.002332811651
-148456.743425711174
-146916.046697619284
-145150.078179491742
-143776.116575961205
-142416.171909350727
-140532.583915202908
-138720.418741522531
-137113.448850932356
-158553.580710288457
-158553.580709196278
-158553.580707400455
-158553.580704779626
-158553.580701504427
-158553.58069712008
-158553.580692022922
-158553.580686618749
-158553.580680183397
-158553.580673421588
-158553.580666165013
-158553.580657518614
-158553.58064478272
-158553.580623311311
-158553.580582044029
-158553.580469615641
-158553.580132817704
-158553.579143421026
-158553.576369698101
-158553.569018758251
-158553.550688108866
-158553.508031935635
-158553.423676176026
-158553.260589910962
-158552.959200837533
-158552.437596747739
-158551.588133610814
-158550.236313887173
-158548.079674975859
-158544.61549716015
-158539.008454750903
-158529.838500045124
-158514.57044288973
-158488.292157560296
-158440.382643127814
-158375.775669914932
-158298.416914055269
-158196.498247578886
-158049.611603260681
-157852.129754238587
-157578.897093058564
-157295.89840166358
-157021.587984433922
-156714.687941975979
-156415.642898215825
-156160.584312668274
-155889.389823638077
-155594.354192900617
-155282.090607916354
-154957.864602102636
-154590.47866519948
-154111.290277576365
-153464.767756166111
-152660.044172961905
-151752.019488431339
-150583.05542258537
-149019.244147711695
-147315.445740924566
-145791.23532314843
-144240.246421098098
-142197.404399190767
-139385.399573017959
-136160.679399961722
-134426.335252068355
-132810.414045491139
-130289.840573230205
-126308.16215517855
-122692.680037125945
-120394.614173686685
-118331.101211601432
-116639.401965037527
-114650.883334627855
-111650.432536857013
-108275.481474868095
-106650.671911754704
-158553.580690764356
-158553.58066302308
-158553.580630492943
-158553.580599737266
-158553.580567296653
-158553.580534593988
-158553.580503578443
-158553.580471716326
-158553.580437835073
-158553.580407135654
-158553.580372842029
-158553.580322036054
-158553.580235981528
-158553.580067556701
-158553.579545681103
-158553.577850761212
-158553.572532342281
-158553.556739048334
-158553.512629649136
-158553.397096296685
-158553.114155969
-158552.469163391914
-158551.112555223983
-158548.382821335224
-158542.938301911927
-158534.393913813605
-158523.768957737018
-158508.418875813222
-158482.505439348461
-158440.00681708497
-158371.297472830978
-158261.450026392587
-158087.691093459958
-157815.837944922852
-157395.678325481742
-156755.661766834179
-155798.160284724232
-154399.897493964469
-152383.059703245293
-150782.077362988115
-149830.943148417224
-149312.864204429381
-149011.343804562232
-148812.800763239677
-148619.820953433053
-148411.335573214426
-148141.040586199873
-147860.799131365988
-147499.642320015701
-147077.897708911885
-146592.697657388169
-146083.114518749731
-145471.630614620255
-144821.275877057749
-144135.312342052639
-143359.04121770378
-142511.910597815149
-141649.720761291741
-140704.089942785155
-139529.906206251384
-138308.76065822324
-137186.668813009775
-136200.696162224747
-135282.684665436042
-134441.590199684288
-133723.604492741259
-132804.42058183995
-131931.634299582802
-131202.760165611428
-130339.484486055488
-129239.906912376013
-128327.471468237927
-127318.340548891123
-126249.101216090363
-124841.590893142245
)
;

boundaryField
{
    reactingWall
    {
        type            calculated;
        value           nonuniform List<scalar> 
75
(
-158553.580690764356
-158553.58066302308
-158553.580630492943
-158553.580599737266
-158553.580567296653
-158553.580534593988
-158553.580503578443
-158553.580471716326
-158553.580437835073
-158553.580407135654
-158553.580372842029
-158553.580322036054
-158553.580235981528
-158553.580067556701
-158553.579545681103
-158553.577850761212
-158553.572532342281
-158553.556739048334
-158553.512629649136
-158553.397096296685
-158553.114155969
-158552.469163391914
-158551.112555223983
-158548.382821335224
-158542.938301911927
-158534.393913813605
-158523.768957737018
-158508.418875813222
-158482.505439348461
-158440.00681708497
-158371.297472830978
-158261.450026392587
-158087.691093459958
-157815.837944922852
-157395.678325481742
-156755.661766834179
-155798.160284724232
-154399.897493964469
-152383.059703245293
-150782.077362988115
-149830.943148417224
-149312.864204429381
-149011.343804562232
-148812.800763239677
-148619.820953433053
-148411.335573214426
-148141.040586199873
-147860.799131365988
-147499.642320015701
-147077.897708911885
-146592.697657388169
-146083.114518749731
-145471.630614620255
-144821.275877057749
-144135.312342052639
-143359.04121770378
-142511.910597815149
-141649.720761291741
-140704.089942785155
-139529.906206251384
-138308.76065822324
-137186.668813009775
-136200.696162224747
-135282.684665436042
-134441.590199684288
-133723.604492741259
-132804.42058183995
-131931.634299582802
-131202.760165611428
-130339.484486055488
-129239.906912376013
-128327.471468237927
-127318.340548891123
-126249.101216090363
-124841.590893142245
)
;
    }
    inertWall
    {
        type            calculated;
        value           nonuniform List<scalar> 
105
(
-158553.580710883747
-158553.580710883951
-158553.580710884184
-158553.58071088366
-158553.580710883747
-158553.580710883311
-158553.58071088299
-158553.580710882961
-158553.580710883572
-158553.580710883747
-158553.580710883951
-158553.580710883834
-158553.580710884213
-158553.58071087909
-158553.580710535753
-158553.580710883834
-158553.580710884096
-158553.580710883834
-158553.580710883514
-158553.58071088334
-158553.580710883194
-158553.580710883194
-158553.580710883602
-158553.580710883572
-158553.580710884096
-158553.580710884475
-158553.580710884504
-158553.580710884038
-158553.580710883747
-158553.580710883747
-158553.580710884038
-158553.580710884213
-158553.580710883951
-158553.580710883427
-158553.580710883834
-158553.580710882583
-158553.580710879032
-158553.580710861657
-158553.580710763403
-158553.580710264796
-158553.58070788777
-158553.580697247817
-158553.580652664532
-158553.580478312564
-158553.579843944375
-158553.577703349089
-158553.57102658553
-158553.551843609806
-158553.501273139613
-158553.379535536573
-158553.113937485265
-158552.580750649242
-158551.530640785146
-158549.504492901295
-158545.677112012694
-158538.596905430866
-158525.767570560623
-158502.995067554264
-158463.399082239514
-158395.966029505769
-158283.507608129061
-158099.896274875908
-157806.492231695127
-157347.771545709256
-156646.290427996195
-155597.179033995053
-154063.899008247157
-151920.499672954524
-149171.636862829037
-145748.564381814416
-141601.742048526299
-136966.316449672042
-131427.112237566034
-125415.776943192352
-118780.938531615
-111913.156744357082
-104722.895751604417
-97625.5775069884985
-90655.0176675053808
-84002.8302978459251
-77669.4575858044554
-71770.1121799027896
-66239.7260552900116
-61247.1531477110329
-56608.8374505864485
-52229.0876005559985
-48088.271979581652
-44250.92209269468
-40582.671091303564
-37156.0391066853699
-33707.9621672523863
-29695.7055112054841
-25211.7316765589057
-20251.6409280781627
-15470.4287747871022
-11523.2921485509887
-7547.36672435541004
-3500.45308548112098
210.560372299629222
3701.36730888195598
7055.62670942340901
10212.6228155160552
13094.2793461483943
16428.6102659788376
21341.2570038409867
)
;
    }
    inlet
    {
        type            calculated;
        value           uniform -158553.580710883514;
    }
    outlet
    {
        type            calculated;
        value           nonuniform List<scalar> 
20
(
21341.2570038409867
-67730.6434700836398
-130849.479100281969
-152126.918568568188
-157303.792203955963
-158342.43221154873
-158522.301170816558
-158549.441020336468
-158553.091724671045
-158553.525974369084
-158553.546860336297
-158553.315887525299
-158551.214225444099
-158533.945441720396
-158407.193041504535
-157611.175452274038
-153566.265467360121
-137113.448850932356
-106650.671911754704
-124841.590893853121
)
;
    }
    defaultFaces
    {
        type            empty;
    }
}


// ************************************************************************* //
