/*--------------------------------*- C++ -*----------------------------------*\
  =========                 |
  \\      /  F ield         | OpenFOAM: The Open Source CFD Toolbox
   \\    /   O peration     | Website:  https://openfoam.org
    \\  /    A nd           | Version:  8
     \\/     M anipulation  |
\*---------------------------------------------------------------------------*/
FoamFile
{
    version     2.0;
    format      ascii;
    class       volScalarField;
    location    "0.4";
    object      H2;
}
// * * * * * * * * * * * * * * * * * * * * * * * * * * * * * * * * * * * * * //

dimensions      [0 0 0 0 0 0 0];

internalField   nonuniform List<scalar> 
1800
(
2.08748577926745137e-50
2.72480269790385943e-49
2.82287559172293639e-48
2.73945487129125231e-47
2.55642920469663792e-46
2.29537152652570257e-45
1.97009270152000505e-44
1.60424193328104419e-43
1.23029207911916911e-42
8.81291144156804919e-42
5.83655926861359898e-41
3.52685944181565968e-40
1.9099191754512948e-39
9.02445290380938973e-39
3.5583035372647559e-38
1.23626258606233192e-49
1.55689998486676194e-48
1.56317947416536781e-47
1.47450359781095761e-46
1.3383482994670517e-45
1.17207032558856811e-44
9.85518843036918506e-44
7.89773452666885572e-43
5.98669614480529807e-42
4.25746786826633975e-41
2.81180540234081222e-40
1.70196988302938992e-39
9.27324468246323689e-39
4.42565370716726977e-38
1.76026251732351794e-37
9.02403781662627418e-49
1.1509045136693339e-47
1.1740206869560642e-46
1.12753017080916525e-45
1.04085202287351786e-44
9.25631864418725e-44
7.89894077929288517e-43
6.42343267512530736e-42
4.9397932756080447e-41
3.56264016222595839e-40
2.38509599182572202e-39
1.46243287462661514e-38
8.06317686211142343e-38
3.88823820082401802e-37
1.55881384138417248e-36
6.48235824911721187e-48
8.45988474139961261e-47
8.86768086267049751e-46
8.76811737911978445e-45
8.33022622226834205e-44
7.61271423136418863e-43
6.66831109424697007e-42
5.56281132202526889e-41
4.38556950106320814e-40
3.23932634418782218e-39
2.21819524776316847e-38
1.3888798478548847e-37
7.80248641616705407e-37
3.82224312512183937e-36
1.55066194069192487e-35
4.49765737616559082e-47
6.01382044814033928e-46
6.49209839816732452e-45
6.62604339900969922e-44
6.50151382148812738e-43
6.13245855089252018e-42
5.54021696701504371e-41
4.76459352569048606e-40
3.87041650608973353e-39
2.94311373104226131e-38
2.07214964698504427e-37
1.33170164267448239e-36
7.660716858847644e-36
3.82979779504897331e-35
1.57831839987877535e-34
3.01931567460614071e-46
4.14252842230525748e-45
4.61656424849762008e-44
4.87280208686879697e-43
4.94658542532685884e-42
4.82536800019666806e-41
4.50589626104764284e-40
4.00389329118541279e-39
3.35941694193346096e-38
2.63677065148407821e-37
1.91418416950911508e-36
1.26649735123161558e-35
7.48438714077345707e-35
3.83069368440525421e-34
1.60815893536908985e-33
1.95909787928811598e-45
2.76028984494910208e-44
3.17882092436319356e-43
3.47344475856269322e-42
3.65228195460063647e-41
3.69030457377894808e-40
3.5686095693750474e-39
3.28350025455915866e-38
2.85218584265946889e-37
2.3165145906823485e-36
1.73867583536607428e-35
1.18779946701184845e-34
7.23388000824259203e-34
3.80297287489861373e-33
1.63104009695317808e-32
1.22628667151330651e-44
1.7766262667065757e-43
2.1183607686370966e-42
2.40071541436842223e-41
2.61931233728046429e-40
2.74613621964599926e-39
2.75518268380007188e-38
2.63016629879355331e-37
2.37025879872174446e-36
1.99674457829147431e-35
1.55346147830015636e-34
1.09888355023003661e-33
6.91889450049743298e-33
3.74867971704548241e-32
1.64756440213868595e-31
7.3870086348063454e-44
1.10233847205934825e-42
1.36292683708019309e-41
1.60411999901799249e-40
1.81845757155592887e-39
1.98100712005915058e-38
2.06547130941169604e-37
2.04986218895151719e-36
1.92088532654303192e-35
1.68309800372284933e-34
1.36154738625197055e-33
1.00049666236036692e-32
6.53575473973743054e-32
3.66471305159423774e-31
1.65689130407324016e-30
4.26117248366372647e-43
6.56372446189810974e-42
8.43389788143063938e-41
1.03293296802107111e-39
1.21921243387242141e-38
1.38304451528140359e-37
1.50152769182939372e-36
1.55299383700875077e-35
1.51682982776803055e-34
1.38659370387122125e-33
1.1703990040534215e-32
8.96285481570028921e-32
6.09338320376368906e-31
3.55522999747082811e-30
1.6606958773752581e-29
2.33909417501107894e-42
3.73212577363774149e-41
4.99859871027365866e-40
6.37656749632285341e-39
7.85753419960326976e-38
9.30330572016614336e-37
1.05333678699855078e-35
1.13908706634951729e-34
1.1624462173898885e-33
1.11255534364903814e-32
9.84064785186726035e-32
7.87623406041306441e-31
5.58716399319925849e-30
3.42026579171493603e-29
1.65839627077884236e-28
1.19439493272734068e-41
1.96661869318642554e-40
2.74709069278526401e-39
3.65572868111402691e-38
4.69178215234610749e-37
5.78731703666806175e-36
6.83529933988321339e-35
7.74218985556474562e-34
8.26397731080640438e-33
8.31486253242506667e-32
7.73536489131671177e-31
6.45985049883273429e-30
4.80975890138091376e-29
3.12525138099042457e-28
1.58134181959592252e-27
5.68113124360789832e-41
9.66320269423920996e-40
1.39484112868345249e-38
1.93067918021133368e-37
2.58615459382433584e-36
3.33482082235717541e-35
4.13450745630229709e-34
4.90716772687828189e-33
5.51206060437162922e-32
5.86910806235222321e-31
5.7568820549342624e-30
5.10181508197213132e-29
4.04828586303021648e-28
2.7277463823877383e-27
1.45051647461547372e-26
2.49730842199797223e-40
4.37532880390414157e-39
6.54969413801865891e-38
9.40038114687748386e-37
1.31238094031514253e-35
1.7612926171966086e-34
2.30889020277946154e-33
2.89017701957669226e-32
3.39064230975622594e-31
3.7874004163304867e-30
3.96877213872489267e-29
3.70918475744270107e-28
3.16258708570129075e-27
2.28298797135695e-26
1.286864194638702e-25
1.01245698809808577e-39
1.83098206005114862e-38
2.84469953236391386e-37
4.26366913630134696e-36
6.20314269122008845e-35
8.78591282440228174e-34
1.19608330498200937e-32
1.58287134520943892e-31
1.98886055823947287e-30
2.34342925180495143e-29
2.56082344159394704e-28
2.65801157790614014e-27
2.41710076972329581e-26
1.84754735937963029e-25
1.11066271086960098e-24
3.73511808066601673e-39
6.96236338368860448e-38
1.12353146394465387e-36
1.75817575858417057e-35
2.68163957110506696e-34
3.97507975221083759e-33
5.6664823132028985e-32
7.946017678932381e-31
1.05891245360665e-29
1.33446739578897258e-28
1.57263797616929706e-27
1.72847529269065333e-26
1.71748790508903475e-25
1.4323120817763806e-24
9.40410268435833999e-24
1.23556302349958431e-38
2.37394049846607794e-37
3.99292921984053631e-36
6.56068065257806294e-35
1.05289012563639218e-33
1.63900299838229543e-32
2.4741282891017549e-31
3.60977113571458233e-30
5.14964005320838278e-29
6.96589236478902781e-28
8.92849597072987056e-27
1.06703855454849466e-25
1.16106639317600537e-24
1.08775241727388089e-23
8.11395653153008152e-23
3.59459079580950264e-38
7.13308413433040866e-37
1.25270494446429407e-35
2.16494975752489522e-34
3.65231034611155201e-33
5.98277522172352313e-32
9.62659092361428251e-31
1.49728992703923699e-29
2.25334190818307311e-28
3.27003945273695375e-27
4.53967677411622941e-26
5.95163919352333551e-25
7.18750351656140053e-24
7.55387144670148919e-23
7.00601960656042984e-22
8.84468422113485412e-38
1.84941681495561483e-36
3.46012163667526568e-35
6.33295005175167628e-34
1.13335538768305067e-32
1.97813025195915768e-31
3.35143795925695864e-30
5.52781753351148876e-29
8.84340988777242753e-28
1.37014859543753366e-26
2.04872133328298007e-25
2.94231401503804227e-24
4.02254997083446167e-23
5.13667552810745936e-22
5.71872892345603953e-21
1.65125432043025989e-37
3.76032113714330525e-36
7.67418903727433719e-35
1.51653805681771322e-33
2.91599000562701662e-32
5.44472571203881098e-31
9.84949649777512804e-30
1.72455393653714651e-28
2.92187639359136329e-27
4.79063624297841278e-26
7.60257994406081204e-25
1.16851493262941857e-23
1.74105134446464584e-22
2.51739937596834377e-21
3.53718865069420366e-20
1.00846191648015872e-37
2.83244073973917841e-37
7.9824041566246797e-37
2.23054510075351035e-36
6.11046187658682144e-36
1.62676471622237892e-35
4.18519349345553094e-35
1.03746434416753776e-34
2.47565009466836012e-34
5.68901859208075567e-34
1.26055906368015657e-33
2.6978901639299736e-33
5.58876346954440863e-33
1.12266275925312194e-32
2.19031057360669124e-32
4.15611378401092453e-32
7.67971851618834056e-32
1.38321700462232573e-31
2.4291546945218382e-31
4.15503405428559814e-31
6.89839443637226445e-31
1.10581676780115243e-30
1.73044869009593301e-30
2.65549637593370941e-30
4.0045785349859765e-30
5.94309151377879532e-30
8.69010195160636957e-30
1.25326411992667409e-29
1.78425960117305434e-29
2.50960938610714226e-29
3.48950745261155226e-29
4.79913045189539927e-29
6.53103291825415093e-29
8.79770657924895471e-29
1.1736001630991132e-28
1.55029034567527684e-28
2.02967960824865863e-28
2.65529138461199914e-28
3.45608061329196322e-28
4.46675881603595525e-28
5.75459292539418574e-28
7.31678898240429923e-28
9.2896949823145687e-28
1.16458876038329158e-27
1.45990154479227329e-27
1.82048496748581812e-27
2.2554042595463247e-27
2.77398361771979581e-27
3.41580700002543214e-27
4.14451115007440992e-27
5.04815953470297848e-27
6.06764659967368532e-27
7.31375758432675058e-27
8.71814227645502988e-27
1.04003030577488015e-26
1.23207441350389891e-26
1.45349191990001106e-26
1.70629281973732099e-26
1.99214092447223668e-26
2.32297953193749932e-26
2.69820817071200393e-26
3.14645515400767951e-26
3.63108035420423048e-26
4.16164544104928389e-26
4.71728473068855289e-26
5.3164004999936801e-26
5.99772610855136955e-26
6.82376798903038137e-26
7.71590251859940611e-26
8.70499949835127296e-26
9.79645109545140632e-26
1.09845734568180748e-25
1.22891954422840616e-25
1.40340275144212238e-25
1.58027971586849366e-25
4.81770882879827568e-37
1.32017578733036988e-36
3.63116533455824625e-36
9.89487764537673853e-36
2.63890740059453137e-35
6.82537769171710038e-35
1.70254160720862698e-34
4.08510172387350389e-34
9.42342468058993099e-34
2.09159694314022856e-33
4.47477229468857365e-33
9.24823479257740039e-33
1.85210582468912553e-32
3.60336595802288225e-32
6.82253538641658102e-32
1.25896042537923671e-31
2.26761287214360628e-31
3.99153321333841501e-31
6.87236143812980311e-31
1.15759007149751821e-30
1.90352960751945953e-30
3.02316209590565927e-30
4.68466274585566473e-30
7.12235949536475967e-30
1.06475516482078261e-29
1.56701026709630105e-29
2.27248706366297778e-29
3.2504649700785591e-29
4.58995670944698246e-29
6.40411659476061637e-29
8.83493622842589251e-29
1.20581344290079461e-28
1.62885931246956865e-28
2.17850139024344395e-28
2.88554198715417719e-28
3.78864793683041864e-28
4.92826164560638779e-28
6.34464382168739244e-28
8.19596424195138915e-28
1.05294334682861354e-27
1.3263801602929174e-27
1.66556635983359734e-27
2.09963740152593065e-27
2.61859833268987674e-27
3.21485777081495616e-27
3.98482275089434798e-27
4.93814568375941863e-27
5.96140672121738071e-27
7.3364702660111792e-27
8.7648392531870874e-27
1.06219489862423617e-26
1.2602241767547123e-26
1.51411325586643071e-26
1.78982517595758971e-26
2.11777133218763905e-26
2.50612376478282372e-26
2.91440772995812628e-26
3.41493949675064639e-26
3.9547416433176268e-26
4.56277550544940096e-26
5.26290105386184642e-26
6.07926138291081694e-26
6.97209633848515965e-26
8.03665466379287799e-26
9.12477539881955368e-26
1.02899766471713355e-25
1.15354957689505219e-25
1.29760396025089795e-25
1.4551360869414081e-25
1.62844146590008927e-25
1.81975409828911402e-25
2.03990031582742639e-25
2.25548329830097426e-25
2.53580719137455419e-25
2.83749668428879566e-25
4.25233671730786377e-36
1.16233917616679308e-35
3.18047232412486509e-35
8.5858211156487969e-35
2.2577889637669089e-34
5.73269550471024076e-34
1.39858528514170169e-33
3.27257094407267142e-33
7.34555841176426769e-33
1.58383382616986803e-32
3.28813235481343673e-32
6.58926938824287032e-32
1.28021289160770683e-31
2.41897585282158804e-31
4.45125096170735156e-31
7.98677981665234942e-31
1.40002743239243616e-30
2.40073757411625199e-30
4.03110738501246139e-30
6.63231678462461331e-30
1.0679905136556954e-29
1.66517949566820479e-29
2.53392995635143834e-29
3.78651278082524465e-29
5.56860759581947998e-29
8.06748531876627944e-29
1.15215938589858788e-28
1.62330388144353693e-28
2.25829017095406477e-28
3.10476031108882733e-28
4.22150847404851775e-28
5.67999837186441457e-28
7.56577897877225917e-28
9.9801098127273443e-28
1.30410106301553026e-27
1.68891986160608282e-27
2.16938957704316082e-27
2.76879249172659107e-27
3.49211947305140814e-27
4.42252566303584245e-27
5.48671500497777967e-27
6.81441587681540476e-27
8.37040193797133465e-27
1.04279048584990171e-26
1.2637474205022062e-26
1.53052628442246351e-26
1.87911118523673037e-26
2.25037349906294397e-26
2.68417989302695115e-26
3.16110214756543217e-26
3.80342751583402203e-26
4.46242183047656693e-26
5.2423843563821252e-26
6.16258703135962841e-26
7.19780239749354712e-26
8.38528178691833045e-26
9.59814906909191575e-26
1.11216544227478883e-25
1.277782702792795e-25
1.45736956259045595e-25
1.66763921780350672e-25
1.90564077622607282e-25
2.1552453616447679e-25
2.46661075707101602e-25
2.78399176347258745e-25
3.08829130444159756e-25
3.42742267140223502e-25
3.82229541362462025e-25
4.24518404651067006e-25
4.70381532690953005e-25
5.18562172288709801e-25
5.73489911065451251e-25
6.26125925129944939e-25
6.99388026357812013e-25
7.81609599922187857e-25
4.25673234644412694e-35
1.16972485119658235e-34
3.20530408570329608e-34
8.61759954338287112e-34
2.24387009078281678e-33
5.6123266259872234e-33
1.34316506872450254e-32
3.07337116399331937e-32
6.72973079095916226e-32
1.41308370160192881e-31
2.85404395655328469e-31
5.55946659989299942e-31
1.05143745208061849e-30
1.9369604571344482e-30
3.47690235216675301e-30
6.08482700271479945e-30
1.0408906067102595e-29
1.74276894432821899e-29
2.85883134689500592e-29
4.59928501400037387e-29
7.25149195112124322e-29
1.10977778152196196e-28
1.65822288852335523e-28
2.43535840277852147e-28
3.52278939398958898e-28
5.02215094251848196e-28
7.05936257741079002e-28
9.79052282801872503e-28
1.3408927165265301e-27
1.8151204628697911e-27
2.43029807874808093e-27
3.22041130644852952e-27
4.22519454222586477e-27
5.49036254245118175e-27
7.06792038939458143e-27
9.01692623606484104e-27
1.14046196609437251e-26
1.43190656770355046e-26
1.77802019633133189e-26
2.20916088193519246e-26
2.71317850365237151e-26
3.33494048871707966e-26
4.0300353971287009e-26
4.90022444371034308e-26
5.90328645498378508e-26
7.12995913832105787e-26
8.4601875098809611e-26
1.00166018850104593e-25
1.17572516002380324e-25
1.37902619409184059e-25
1.6161804994746975e-25
1.87636698219453476e-25
2.16583766412832684e-25
2.52393651621600753e-25
2.90775235940764801e-25
3.3320237788213029e-25
3.78724902198947436e-25
4.29938461895000283e-25
4.93365898167174343e-25
5.52933739915771124e-25
6.24856494274732052e-25
7.0689385072462277e-25
7.88472442412006465e-25
8.85413263932990747e-25
9.88980969575372289e-25
1.09568731552786306e-24
1.20012075497276267e-24
1.32204847528183299e-24
1.45190151977545644e-24
1.59804168104841682e-24
1.73659780273055506e-24
1.90934307567230841e-24
2.06217505200200097e-24
2.27091622718482648e-24
2.50709475438478829e-24
4.37810627853204338e-34
1.21341892321591487e-33
3.33747644466758288e-33
8.94815721169790566e-33
2.30836484923579551e-32
5.68811808827095192e-32
1.33520495940791679e-31
2.9868461439306313e-31
6.37787137640293338e-31
1.30343015372056832e-30
2.5601925174367788e-30
4.85027804179225065e-30
8.94461940966467616e-30
1.60885449956363935e-29
2.82161916976126304e-29
4.82488159827201848e-29
8.06418916755683048e-29
1.31965473582891661e-28
2.11676449413853689e-28
3.3337540919200306e-28
5.14902304874705511e-28
7.73850382577290908e-28
1.13570644798256198e-27
1.63992694191642846e-27
2.33398345690221533e-27
3.27420723934719618e-27
4.52850390365439586e-27
6.17972971085039005e-27
8.32894357313515518e-27
1.109600629550041e-26
1.46209628818000127e-26
1.9067020147745566e-26
2.46212067248854407e-26
3.14923756487768608e-26
3.99102942436784707e-26
5.01284260547210979e-26
6.2427570807735295e-26
7.71485155416349041e-26
9.45672830864330902e-26
1.15317160856930154e-25
1.39547096468927006e-25
1.68800224419780301e-25
2.01720644015498468e-25
2.39304985638234051e-25
2.85031477811741891e-25
3.40563729692107918e-25
3.95415348459574598e-25
4.62476391994414691e-25
5.34646239569638289e-25
6.21532310673364852e-25
7.12927920485917973e-25
8.1953942463178441e-25
9.38784411736992606e-25
1.0768068289809111e-24
1.22622710087933299e-24
1.38027977829260501e-24
1.55568145987400169e-24
1.75344449185057322e-24
1.97454185291525277e-24
2.19114221997091667e-24
2.44348287565364028e-24
2.72894118156686593e-24
3.02724839062979102e-24
3.33395734085109614e-24
3.6801740024802959e-24
4.03310376344769028e-24
4.38177956780029165e-24
4.7635584489707874e-24
5.16527844582042096e-24
5.63386903269328335e-24
6.06957603983044545e-24
6.58368674491897898e-24
7.05620164713595237e-24
7.68796891465730469e-24
8.37549515431297977e-24
4.51690211058786991e-33
1.26418404777020185e-32
3.49068188113141387e-32
9.3261802173230325e-32
2.38035521094295696e-31
5.76868097340868579e-31
1.32559792605462297e-30
2.89332028708119603e-30
6.0118541983369514e-30
1.19282540310414986e-29
2.27283167873258766e-29
4.19662373839785169e-29
7.56194694552645599e-29
1.32510873039660572e-28
2.26695206660819105e-28
3.80200187386508427e-28
6.20341298364529502e-28
9.91212060579835335e-28
1.5551558901419749e-27
2.40302335340438305e-27
3.63682456305894181e-27
5.3622232750654244e-27
7.72791589505618874e-27
1.0975497698428305e-26
1.53711433111124564e-26
2.12055714057318357e-26
2.88321397228832406e-26
3.86829346456042827e-26
5.12781709175155183e-26
6.71903461224861858e-26
8.70500811725317376e-26
1.11592678502329452e-25
1.41664121378044708e-25
1.78182443060953652e-25
2.22112611120859965e-25
2.74470789766832006e-25
3.36358284320097424e-25
4.09026986712787042e-25
4.93853386371273063e-25
5.92473608239240707e-25
7.06306113661991364e-25
8.38811667431580217e-25
9.88911471655863042e-25
1.1536843049725599e-24
1.35510967693870284e-24
1.59434753651428974e-24
1.81587820561469211e-24
2.09557523757986011e-24
2.39126918666953595e-24
2.7602856386295449e-24
3.11112964312060927e-24
3.5476387207932369e-24
4.02470032114280253e-24
4.53007354989939892e-24
5.0913555823324733e-24
5.65899186983259139e-24
6.30402106816576714e-24
7.05923793950918914e-24
7.81430835420351718e-24
8.56144952003079065e-24
9.44212636814541295e-24
1.03719507463106805e-23
1.13983684881847052e-23
1.24209105664987389e-23
1.35586613697820657e-23
1.46852335636538203e-23
1.5791290855327184e-23
1.69781534400511441e-23
1.81988407787471789e-23
1.96225562863589945e-23
2.09609288122559881e-23
2.24805859460894654e-23
2.38625376511393548e-23
2.56488664062652673e-23
2.75415080125524927e-23
4.6457840726942702e-32
1.31371094223177852e-31
3.63881363368043797e-31
9.67153981881976019e-31
2.43671996561591705e-30
5.79271442737949512e-30
1.29938645775474667e-29
2.75866142399316888e-29
5.56089783196431053e-29
1.06801203220338943e-28
1.96518419844501861e-28
3.56982848350234024e-28
6.26925952638632116e-28
1.06429352964302737e-27
1.75317338764101176e-27
2.95298482362092436e-27
4.66511476828546141e-27
7.21546099598287897e-27
1.10874399700240351e-26
1.69425841323733143e-26
2.51098199844019553e-26
3.6163735655678866e-26
5.11753161558205917e-26
7.1597568143573128e-26
9.869297459728791e-26
1.33595940495850379e-25
1.78164726531642816e-25
2.34670133584444289e-25
3.05792118386727525e-25
3.93780389527041601e-25
5.00860284243956935e-25
6.30024127063648347e-25
7.85010644605040772e-25
9.69698758928565049e-25
1.18789013653554717e-24
1.4432931138086784e-24
1.73973737775552754e-24
2.08150105784935015e-24
2.47344776208798848e-24
2.92098624245441701e-24
3.42940321282203226e-24
4.006353996802014e-24
4.65459471407883783e-24
5.3694881474140768e-24
6.19348732934785414e-24
7.14667385150047318e-24
8.09045236968221188e-24
9.1890989797432386e-24
1.03663945815140697e-23
1.17210875127386095e-23
1.30838952768049934e-23
1.47308789117136091e-23
1.6532311408597857e-23
1.83144110113874619e-23
2.03137678975977492e-23
2.23396368975684009e-23
2.45939953271912237e-23
2.72462217770350474e-23
2.9684453260663173e-23
3.213285254522267e-23
3.49625373128076834e-23
3.79685901731918982e-23
4.13910640524678292e-23
4.46185869075664154e-23
4.80587439256931234e-23
5.1388953738447034e-23
5.46563369348194113e-23
5.81389440077109909e-23
6.16677491771498198e-23
6.57091517779838839e-23
6.95122957408112684e-23
7.36778633658394444e-23
7.75314631491300418e-23
8.22106345662807356e-23
8.69975958938407749e-23
4.76592925053509661e-31
1.36175076299094295e-30
3.77779942942146314e-30
9.96389690890448784e-30
2.47063922333896409e-29
5.74318864907800406e-29
1.25313144519930156e-28
2.57541781861281027e-28
5.01990757852750033e-28
9.34320960097141938e-28
1.66453163054324805e-27
2.97448433903888012e-27
5.02751869310090138e-27
8.26520441544791409e-27
1.36520622109804621e-26
2.21308809793156658e-26
3.42156745578756043e-26
4.97138445715686647e-26
7.62865702592434061e-26
1.16835619979744785e-25
1.6864326134727683e-25
2.34188462018106916e-25
3.26383191871916718e-25
4.52935503298238403e-25
6.14668139423873163e-25
8.11453031107050901e-25
1.05721511003720934e-24
1.36420026155608371e-24
1.74809379408919125e-24
2.21037605834263219e-24
2.75329634816890421e-24
3.38988778181917295e-24
4.13836415210568398e-24
5.01456683146113066e-24
6.03217444852882865e-24
7.20331078662942097e-24
8.53888467391370104e-24
1.00509721389696393e-23
1.1753846536325052e-23
1.36635611382342481e-23
1.57966233765285179e-23
1.81709036948513191e-23
2.08005977882324453e-23
2.36865449719685759e-23
2.68771128323080633e-23
3.04278050874323882e-23
3.41059748207250856e-23
3.81498470036495353e-23
4.26648058998184208e-23
4.7397486006915457e-23
5.24539027739782007e-23
5.80573487977932021e-23
6.42894018146272707e-23
7.02389771600159272e-23
7.68126773869380082e-23
8.35914974815959836e-23
9.1198120303753099e-23
9.94991415695772418e-23
1.06986434507523335e-22
1.1461665899263159e-22
1.22746944716428383e-22
1.31581367359993264e-22
1.4230461642594244e-22
1.51757553117611555e-22
1.61262994105798835e-22
1.70272042861457871e-22
1.79218669835321815e-22
1.88821075929815207e-22
1.98297273424781576e-22
2.08715351732101465e-22
2.18536339389093608e-22
2.28940305289741035e-22
2.38476692965868542e-22
2.49238856582382592e-22
2.59942044454258241e-22
4.87645566850327682e-30
1.40792362446436074e-29
3.90283877188186254e-29
1.01794666286778602e-28
2.47508846836399161e-28
5.60662585747971894e-28
1.18516615290662644e-27
2.34208709218885872e-27
4.38342348277317249e-27
7.96218221926761686e-27
1.416117691576852e-26
2.43864005858825035e-26
3.95481506151664134e-26
6.18252507542105698e-26
9.97291107121085528e-26
1.62525529859216162e-25
2.43909833045019607e-25
3.50957817809582944e-25
5.31358725126747935e-25
7.55653847647708019e-25
1.09054126723299732e-24
1.44322374372519808e-24
2.00126513816396442e-24
2.78389611791406489e-24
3.66766196252863652e-24
4.7060833297307209e-24
5.97078544545883705e-24
7.56199659577997931e-24
9.53726748858424839e-24
1.18036229584569469e-23
1.43295418837882029e-23
1.72346289612532942e-23
2.05900848164873813e-23
2.44685377138372092e-23
2.88949341372697395e-23
3.3916736407747861e-23
3.95435035494352669e-23
4.57948402492526815e-23
5.27017868806007931e-23
6.03026389030363107e-23
6.8639261866848897e-23
7.77499541967006208e-23
8.76642545184963718e-23
9.83951912407656757e-23
1.09977858855082487e-22
1.22469795369125413e-22
1.35616398506921967e-22
1.4948409417672944e-22
1.65150865666379996e-22
1.80735831612601133e-22
1.97297501166531863e-22
2.14986624535595489e-22
2.35195484675461154e-22
2.53571780614912763e-22
2.73158626778597872e-22
2.93920590200987398e-22
3.18055861532556605e-22
3.41596165641778452e-22
3.62904060149235886e-22
3.83915760880753136e-22
4.06739473966625346e-22
4.3162658519693818e-22
4.60126646914636654e-22
4.84413473862458167e-22
5.0794849247646764e-22
5.30212284595926741e-22
5.51963030637289358e-22
5.75713053182807014e-22
5.9924690830742864e-22
6.22936141455588595e-22
6.44215396756247023e-22
6.66949079968575542e-22
6.87298188050493262e-22
7.08450065210741498e-22
7.28577225353839821e-22
4.98487775199060451e-29
1.45484693049520822e-28
4.01589417891214514e-28
1.0304320636174623e-27
2.44468526579664629e-27
5.37663841303042322e-27
1.09629819906104354e-26
2.09305268537435694e-26
3.86042458410663877e-26
6.58400312009668245e-26
1.15485168289434368e-25
1.91327975914283249e-25
2.97374034058784759e-25
4.85266794326432237e-25
7.34199494534961744e-25
1.11073097912985739e-24
1.66534253541260093e-24
2.42150400154483233e-24
3.4350600321507568e-24
4.92677479108792209e-24
6.59400089482444617e-24
9.07088269119147283e-24
1.21811745089999488e-23
1.53842243031830986e-23
2.02614997310178353e-23
2.60959112807087499e-23
3.26456032934621604e-23
3.96658278965338316e-23
4.91449969062483128e-23
5.95636530836506434e-23
6.94816144705321014e-23
8.2556222746939896e-23
9.61164933128404319e-23
1.12020324551878702e-22
1.29982597625219552e-22
1.50093873705827032e-22
1.72210414446581336e-22
1.96209574522749803e-22
2.22090785490341881e-22
2.50037623155935102e-22
2.8010329211503355e-22
3.12344764983812285e-22
3.46783677633714833e-22
3.83378780601032846e-22
4.22096779873863297e-22
4.62925164883854211e-22
5.05682649257207498e-22
5.5020959603978436e-22
5.97600662490289903e-22
6.45575659125990491e-22
6.95781555374498705e-22
7.47883129682716064e-22
8.03609935910346069e-22
8.55964452881866526e-22
9.12784626019987721e-22
9.71967842122116539e-22
1.03715975277763925e-21
1.09616459725165566e-21
1.15217381095842515e-21
1.20611084952811101e-21
1.26429531077976566e-21
1.32586149779053368e-21
1.3857380309542871e-21
1.43752188887093576e-21
1.48820751891819567e-21
1.53661515404694333e-21
1.58595859339073875e-21
1.63769980174467055e-21
1.68848476077587033e-21
1.73455944185973021e-21
1.77266163507225504e-21
1.80982841251938231e-21
1.84260599061744807e-21
1.87413449206885241e-21
1.90109642952448555e-21
5.09383417761697408e-28
1.50542078487603663e-27
4.12070481980900998e-27
1.03274627566136955e-26
2.37020468017056839e-26
5.04555834275889691e-26
9.82576808593798228e-26
1.85744935833286141e-25
3.26326934952402208e-25
5.39996123969107943e-25
9.02379207185785281e-25
1.46863404384037651e-24
2.25053986196110042e-24
3.39058961679185385e-24
5.04552901072282134e-24
7.46306995161249357e-24
1.08630709734068151e-23
1.53211206593883231e-23
2.24526469438242293e-23
3.00795895163308905e-23
4.01549748848634523e-23
5.19484387114808196e-23
6.79694181761739733e-23
8.43578945932217192e-23
1.0811319798087939e-22
1.35138573185241489e-22
1.63323774262768816e-22
1.9687158054426401e-22
2.34577252060410377e-22
2.75308820203302801e-22
3.21015362669518988e-22
3.66653194193311077e-22
4.18742175619535172e-22
4.81373056384988451e-22
5.49977380544758256e-22
6.2340238832992864e-22
7.02559212888153358e-22
7.86748754817453863e-22
8.75565870308516148e-22
9.69271850319357846e-22
1.06802369289141495e-21
1.17180207400585251e-21
1.28046627032844049e-21
1.39370265393373517e-21
1.51090632500742538e-21
1.63208276405810452e-21
1.75697360346465772e-21
1.88506089656846889e-21
2.01661565958088391e-21
2.15068766887603591e-21
2.28760350631219868e-21
2.42518849691487581e-21
2.56308522692577673e-21
2.70292842992771761e-21
2.84771215906542807e-21
2.98365730992229893e-21
3.10984946216857876e-21
3.24208248105907708e-21
3.37105923161353301e-21
3.50571891135841341e-21
3.63513650841176322e-21
3.75296181976441348e-21
3.85164390115884338e-21
3.94131973013076029e-21
4.03478671510994911e-21
4.13177911730825379e-21
4.23011971013408343e-21
4.32720545354348616e-21
4.40823007091909484e-21
4.47209747208768855e-21
4.51605718500598916e-21
4.54418621968837491e-21
4.56523902888441679e-21
4.58214776869584099e-21
4.58872365728400865e-21
4.99534106128416725e-27
1.49874616590722655e-26
4.05325890560294489e-26
9.86085779678832334e-26
2.1925630523805811e-25
4.46428371800162218e-25
8.43851322895385826e-25
1.5117984875684184e-24
2.60938457158642334e-24
4.20324732522287422e-24
6.48907842678005341e-24
1.04191671862779856e-23
1.526531207106077e-23
2.2334052950574596e-23
3.30989073761257529e-23
4.87809202736347209e-23
6.75371938240295193e-23
9.62001850897402229e-23
1.29410231162325739e-22
1.66485276704335484e-22
2.20041458168768315e-22
2.83528088538645972e-22
3.53805750698013859e-22
4.33612169918048032e-22
5.21050293635792879e-22
6.35577029499394309e-22
7.4495668953790207e-22
8.75915407426399482e-22
1.02037307025921048e-21
1.17688138312503275e-21
1.34409946439405284e-21
1.52619113445011373e-21
1.72493516051005457e-21
1.93755022212637688e-21
2.16384273788375634e-21
2.40288692930979791e-21
2.65319600201561309e-21
2.91485858881150688e-21
3.1870317280396748e-21
3.4689829515889802e-21
3.75994486159057807e-21
4.05918019002008759e-21
4.36451134807661101e-21
4.67493371245093234e-21
4.98874338789219838e-21
5.30585958336115889e-21
5.62662931087857004e-21
5.94804348675464532e-21
6.27108389295444963e-21
6.59567319460473477e-21
6.91763411312098583e-21
7.22623747372016755e-21
7.53274600940740952e-21
7.83625712500991028e-21
8.12863542154292878e-21
8.40900007224961311e-21
8.66054439628650707e-21
8.89102206943899918e-21
9.12673061952041288e-21
9.3549454962025659e-21
9.56135900468123495e-21
9.74235729963397672e-21
9.89863303550890967e-21
1.00334317528464183e-20
1.01607060976562719e-20
1.02713907776615526e-20
1.03786051685066038e-20
1.04635412981802963e-20
1.05059632433971154e-20
1.05124820335441039e-20
1.04974312978226369e-20
1.04662635239814022e-20
1.04127813617145662e-20
1.0325988858764263e-20
1.01936183879965417e-20
4.75216529524994543e-26
1.43950703570755571e-25
3.82196580459836405e-25
8.95918425887247046e-25
1.889421377323083e-24
3.65687390835915712e-24
6.8356825771546416e-24
1.13903252495060701e-23
1.9510953155652329e-23
3.02366394599131878e-23
4.54670925958064709e-23
6.83308247771227829e-23
9.55122006184591085e-23
1.3769099099764987e-22
2.02459610135505305e-22
2.99531194092689183e-22
4.0093105508298125e-22
5.43058120694165177e-22
6.9670272716760639e-22
9.10312705951376391e-22
1.13821900746302412e-21
1.40177511924341727e-21
1.68823228217065251e-21
2.01784843506321219e-21
2.38009189914103005e-21
2.77093671586550981e-21
3.1978830003557944e-21
3.66095011392681595e-21
4.15580459787034203e-21
4.68460017667255267e-21
5.24752183402724062e-21
5.84252162411679724e-21
6.46739697955033098e-21
7.11901947695831716e-21
7.79327256504140259e-21
8.48530577792847104e-21
9.19232572967553217e-21
9.9126248536612994e-21
1.06444343592624187e-20
1.13851930512441677e-20
1.21302964567342774e-20
1.28792430784846867e-20
1.36196843005204127e-20
1.4349559949457675e-20
1.50652681186540311e-20
1.57709049272483419e-20
1.64728849466350633e-20
1.71508299435876156e-20
1.78216845332662114e-20
1.8470924387115899e-20
1.90827579924382682e-20
1.9647657390452543e-20
2.01877317993253135e-20
2.06865778341416987e-20
2.1146949500339914e-20
2.15790745717085125e-20
2.19503509839689775e-20
2.22549768472743545e-20
2.25240156410574956e-20
2.27457693341875549e-20
2.29385322646037243e-20
2.31098526602911202e-20
2.32314300694258082e-20
2.32735813096765755e-20
2.32593764265243498e-20
2.32153456783282169e-20
2.31387044145474679e-20
2.30193249724317809e-20
2.28464558525696972e-20
2.26079834477239602e-20
2.23558390081500286e-20
2.20108070491678113e-20
2.16622492074406729e-20
2.11812957367056754e-20
2.06021959302620476e-20
4.48030699698706844e-25
1.37688589343998069e-24
3.5958239011821471e-24
7.97802668052469803e-24
1.57510529639513335e-23
2.85238414287413627e-23
5.1767986196002535e-23
8.38443136062263969e-23
1.35977454084996142e-22
2.04839446196249274e-22
3.12317736192568286e-22
4.41761906546117822e-22
6.06038825628436306e-22
8.5339193982885748e-22
1.22757004101095447e-21
1.68492609625828883e-21
2.17360829205296105e-21
2.90858310875530984e-21
3.63292984619875742e-21
4.44641372042678223e-21
5.35662470896865759e-21
6.36357287174417256e-21
7.44389763781905194e-21
8.59419083066422115e-21
9.82733722728577878e-21
1.11379622410358327e-20
1.25232306683417027e-20
1.39780005949246965e-20
1.54952914810314417e-20
1.70706424859249566e-20
1.86993507178329289e-20
2.03728267980994674e-20
2.20798214143475346e-20
2.38073181471665093e-20
2.55392566076064446e-20
2.72535430652072938e-20
2.89505779741143835e-20
3.06339129817122603e-20
3.22987177750176107e-20
3.39367713342776666e-20
3.55301137150820614e-20
3.70899325970980345e-20
3.8539687763622417e-20
3.99112898410593911e-20
4.12202410382873907e-20
4.24827753523106405e-20
4.36939292800623127e-20
4.47877334610061061e-20
4.58295534437833384e-20
4.67845732972317227e-20
4.7589622528013011e-20
4.82732111551977404e-20
4.88466653455555704e-20
4.93375597772879394e-20
4.97399529392179868e-20
5.0023429019581611e-20
5.01756173313202973e-20
5.01976412279056059e-20
5.01448314081842475e-20
5.00406763436907412e-20
4.98668021309741279e-20
4.96159996596495986e-20
4.92751166945307759e-20
4.88115226043552274e-20
4.81784265453617295e-20
4.74894556273146779e-20
4.67800968458316945e-20
4.59755173671704369e-20
4.50307867499398105e-20
4.40623049030623685e-20
4.31259136478804675e-20
4.19353458759105848e-20
4.09006145132275178e-20
3.95087898679726947e-20
3.79123310566775127e-20
4.09692256959364792e-24
1.2519924808287323e-23
3.0985402772688952e-23
6.66230479560999426e-23
1.27180475320022973e-22
2.22900352768630496e-22
3.84627735752309104e-22
6.20072825209174892e-22
9.08610220191717686e-22
1.3704835628090954e-21
1.93568575343687523e-21
2.60838240031395122e-21
3.62859998133523984e-21
5.14078454955924067e-21
6.97481822527228556e-21
9.00866241302106181e-21
1.12932834396802654e-20
1.38331230026639021e-20
1.65997456880897488e-20
1.95801764969509784e-20
2.27610545112389715e-20
2.61199472785378635e-20
2.95613014599092921e-20
3.31016265034010452e-20
3.67559810485743125e-20
4.05124102828040889e-20
4.4351855495168042e-20
4.82477753401408156e-20
5.21693137548916501e-20
5.61125282533717099e-20
6.00689749028256211e-20
6.40044810787825958e-20
6.78775021268982521e-20
7.16478554122701554e-20
7.5267677623346575e-20
7.86313375419308221e-20
8.1857197683126024e-20
8.49945893830942958e-20
8.79686779399547663e-20
9.07485912486949858e-20
9.330537941434237e-20
9.56794648140280294e-20
9.77048602790006693e-20
9.94822500191068056e-20
1.01071408475355687e-19
1.02479258118273902e-19
1.03609950727873529e-19
1.04551196143052532e-19
1.05295619971391196e-19
1.05717806341833262e-19
1.05782179343902236e-19
1.05655047660167329e-19
1.05407484527513612e-19
1.04999905979885224e-19
1.0439671270946781e-19
1.03596074963060817e-19
1.02655447586621217e-19
1.01495607734615724e-19
1.00252882294418243e-19
9.88904940813157772e-20
9.73364252515283676e-20
9.57542101124529691e-20
9.40963138853182562e-20
9.20681732413538141e-20
8.9687729478106965e-20
8.74482353146061237e-20
8.51566326336163145e-20
8.28388620269946799e-20
8.03732206952394253e-20
7.80372007121613614e-20
7.57220392216089923e-20
7.29445678561737686e-20
7.05192976604210355e-20
6.75036634034025195e-20
6.42389586396628471e-20
3.7447253474874622e-23
1.14479852447968405e-22
2.73150047807507529e-22
5.54357626992968971e-22
1.0033216171209928e-21
1.66274159030024227e-21
2.70752268365874281e-21
4.21530547028295761e-21
5.89978839333906328e-21
8.27003859734495694e-21
1.13409038649246223e-20
1.55114851326903216e-20
2.05481944735082141e-20
2.70996212876606869e-20
3.4978135365419181e-20
4.31845936555628254e-20
5.13479565078805295e-20
5.96419499815525257e-20
6.8274513495476257e-20
7.71790173087574704e-20
8.62800784935141521e-20
9.54818196187626248e-20
1.04507446646494488e-19
1.1344057739247198e-19
1.22301732685714352e-19
1.31058163066479032e-19
1.39658976319032941e-19
1.48014825486970492e-19
1.55986162719200341e-19
1.63737145913785497e-19
1.71270016601442564e-19
1.78367773385435446e-19
1.84939297074334666e-19
1.90928916994363025e-19
1.96276618457353323e-19
2.00817035898041146e-19
2.04844058662336644e-19
2.08487122118606932e-19
2.11603967323730728e-19
2.14137867572614678e-19
2.16104943637324647e-19
2.17501279866802794e-19
2.1818407443771171e-19
2.18220299549153687e-19
2.17847864608189924e-19
2.17158519497131355e-19
2.16079193235639413e-19
2.14597793972320254e-19
2.12619598995530441e-19
2.10165416826356147e-19
2.07290498399544501e-19
2.04162713628486217e-19
2.00974209663612504e-19
1.9756461457085513e-19
1.93841802368041468e-19
1.90101580573001456e-19
1.86388391412178087e-19
1.82359225219031693e-19
1.78498658301710585e-19
1.74375267287038351e-19
1.70041440605499422e-19
1.65870249637886918e-19
1.61567665921327201e-19
1.56419110612945618e-19
1.50840164688567896e-19
1.45644194009928339e-19
1.41134147357579359e-19
1.36740795816251049e-19
1.32267779568103382e-19
1.28170027757281978e-19
1.23544700694833954e-19
1.18267181561678887e-19
1.12974678999166109e-19
1.08566531961920376e-19
1.05053374860448462e-19
3.77671711812687355e-22
1.10389071174143824e-21
2.37530709882180427e-21
4.52435155643005296e-21
7.83883704937044331e-21
1.25426603307722336e-20
1.88601238960086192e-20
2.72322261370398368e-20
3.78607116930625753e-20
5.04453198824642779e-20
6.50612230640399756e-20
8.2737562963748531e-20
1.04254055857995179e-19
1.29393765510809251e-19
1.54624807510355855e-19
1.78141931965072248e-19
1.99934331511649453e-19
2.2163085523666277e-19
2.4303352032900147e-19
2.63957250237321489e-19
2.84223699740401488e-19
3.03625265560960983e-19
3.21635029699614962e-19
3.3857301627853662e-19
3.54476011370056075e-19
3.69323254178320416e-19
3.8306106128595592e-19
3.95514145019175656e-19
4.06391576519267854e-19
4.16122489523509529e-19
4.2473800427976274e-19
4.31790079932701285e-19
4.37207417243343869e-19
4.40994142486207912e-19
4.43188458986622923e-19
4.43802284015169704e-19
4.43179530433633065e-19
4.41857338211431571e-19
4.39659350533923003e-19
4.36360339282273551e-19
4.31997811058494883e-19
4.26885421117030561e-19
4.20817189493448516e-19
4.13898488321640643e-19
4.06341945072474437e-19
3.98022330735305275e-19
3.89618930523208354e-19
3.81347396741090015e-19
3.72567649518950093e-19
3.63146860813262129e-19
3.53523214867086721e-19
3.44210597583091264e-19
3.35596057768205316e-19
3.27436577219093223e-19
3.19174065590184307e-19
3.10937328388052486e-19
3.03083378439607437e-19
2.94941627443625031e-19
2.87062489268956837e-19
2.78820615529191837e-19
2.7029246018012928e-19
2.62980971811246594e-19
2.54901026593530987e-19
2.45158432956933266e-19
2.34160585198623903e-19
2.27861048161597065e-19
2.22895165976738056e-19
2.16641482325096993e-19
2.10277776546652239e-19
2.0398961206366614e-19
1.98253333809674151e-19
1.91857253095508333e-19
1.85915306302294626e-19
1.7971109015922685e-19
1.74322733578744374e-19
3.91385767715799725e-21
1.03751752753333248e-20
2.1338407182875249e-20
3.81646235911402131e-20
6.12771802269455697e-20
9.10272576639277272e-20
1.25891808873705764e-19
1.69769476878962035e-19
2.17975394014917182e-19
2.69040751544766178e-19
3.17545825715348279e-19
3.77788343975674774e-19
4.43759744661475792e-19
5.07948871940714914e-19
5.63491454440491315e-19
6.09899945818002989e-19
6.53164819692851219e-19
6.93190101129997984e-19
7.29792551860906675e-19
7.62828762979794289e-19
7.9219336486693325e-19
8.17783039308950281e-19
8.39255986312140517e-19
8.57187596741135017e-19
8.71766146944027902e-19
8.8323874703017308e-19
8.91575668749032011e-19
8.96363098296667584e-19
8.97308603368049679e-19
8.95114160119319629e-19
8.90711964620524714e-19
8.83028813513937726e-19
8.72212483876887893e-19
8.58710067314382477e-19
8.43406889134237497e-19
8.26691111688141994e-19
8.0877939494155092e-19
7.90121896779237652e-19
7.71948955022610221e-19
7.52247379612427452e-19
7.31254291649204854e-19
7.10439408318272791e-19
6.89105856359810456e-19
6.68271173634032928e-19
6.47601040158096749e-19
6.27018082328718792e-19
6.08714588032464075e-19
5.91438954088171495e-19
5.71591525612436114e-19
5.52124646266166738e-19
5.32980828108971948e-19
5.19523226376039404e-19
5.07978633296758625e-19
4.97270495804594075e-19
4.86488440803104317e-19
4.74212409198896983e-19
4.61751304887192304e-19
4.49524676257295723e-19
4.37486897814181741e-19
4.27339199705678585e-19
4.16095839631059996e-19
4.0543047899056561e-19
3.94966141858488611e-19
3.84415653227080355e-19
3.72729140869921041e-19
3.61229025069167229e-19
3.53437099534807227e-19
3.47389911292635982e-19
3.42200790910299646e-19
3.37353849722526273e-19
3.32122552754686254e-19
3.26980142883441669e-19
3.23220021298971202e-19
3.18604998303627133e-19
3.13748264296405337e-19
4.23438907787700454e-20
1.03428388830475951e-19
1.90705505767046814e-19
3.03231419580273632e-19
4.34663432077161869e-19
5.75601964112888491e-19
7.19038490724283209e-19
8.58142610210180633e-19
9.95083977620289136e-19
1.11719944731338527e-18
1.23558282537952439e-18
1.35966303081656134e-18
1.47374183257245789e-18
1.56305463928897672e-18
1.62968446185993488e-18
1.68383940778401025e-18
1.72760690891005776e-18
1.76118705891300688e-18
1.78516859661350597e-18
1.80021656506117556e-18
1.80697549963601206e-18
1.80604922968319177e-18
1.79843480164142329e-18
1.78471999460621102e-18
1.76560358440432499e-18
1.74123594135141279e-18
1.71128369131169988e-18
1.67582469435015375e-18
1.63532551871288052e-18
1.59031178636608402e-18
1.54132887142337668e-18
1.48841038567532188e-18
1.43322309192035928e-18
1.37699436549488546e-18
1.3211676765098759e-18
1.27239570007189747e-18
1.23055171531374891e-18
1.19150632392646578e-18
1.15230739498982344e-18
1.11092592777411613e-18
1.06919540754906598e-18
1.02933168052217345e-18
9.9351365641724186e-19
9.61166154728428623e-19
9.31790505532449989e-19
9.05366576206318468e-19
8.81693851087819442e-19
8.59831334196852838e-19
8.39225549265760989e-19
8.19882519360298905e-19
8.01191034711755958e-19
7.84025122056691679e-19
7.69512935073053218e-19
7.55637238765947563e-19
7.41633355943699298e-19
7.27453665201795398e-19
7.13603198373660533e-19
7.0030757553967606e-19
6.88197474194403905e-19
6.76474104215690427e-19
6.6538469016242212e-19
6.55664367885095136e-19
6.44595206455012395e-19
6.35036677295482908e-19
6.24888750857283656e-19
6.16919981495862336e-19
6.12067360188845922e-19
6.10069776484545104e-19
6.08863112896837414e-19
6.06973839126109557e-19
6.04616872441195694e-19
6.0200915557272975e-19
6.00195386746215566e-19
5.99585622997779308e-19
5.98662361910436888e-19
4.55003770348152331e-19
9.53965627488273096e-19
1.43026906224968129e-18
1.8336404819889823e-18
2.17778313620566866e-18
2.46890297797913396e-18
2.71724328849591504e-18
2.92477082889563741e-18
3.09162649799355727e-18
3.23202298518462729e-18
3.35592073570370365e-18
3.45170355622087152e-18
3.51232339123881588e-18
3.54315127538070991e-18
3.55467754841324064e-18
3.54786309601195394e-18
3.52057705522004615e-18
3.4764619932423132e-18
3.42027477772394703e-18
3.35431862997428251e-18
3.28005842236487899e-18
3.19812389055694569e-18
3.10974781544911486e-18
3.01553664890173459e-18
2.91515293521242727e-18
2.81236604036632239e-18
2.71296507513329072e-18
2.60820766136420979e-18
2.49340145907336487e-18
2.37472336337659112e-18
2.25466387432890176e-18
2.13376272543317991e-18
2.02882048661639383e-18
1.93628126997838868e-18
1.85422491696300491e-18
1.78323088090134327e-18
1.72333953406241982e-18
1.67323805563522945e-18
1.62236831273228323e-18
1.57508054459668616e-18
1.53437841945676039e-18
1.49921783041187567e-18
1.46892641782110016e-18
1.44238421778062541e-18
1.41877785223051347e-18
1.39750094940223098e-18
1.37788075211829198e-18
1.35948577060835173e-18
1.342099320794187e-18
1.32557857524259969e-18
1.30984867913150253e-18
1.29509205338475969e-18
1.28117275268875631e-18
1.26785430247400109e-18
1.2550227593409048e-18
1.24268706355032053e-18
1.23097279325549682e-18
1.21983444858227881e-18
1.20948684322220315e-18
1.19950993058480381e-18
1.18995480133928512e-18
1.18078662829766824e-18
1.17212126484983636e-18
1.16392077296238e-18
1.15672077164378277e-18
1.15477463062387035e-18
1.1559420362557913e-18
1.15632143078509425e-18
1.15557020037284916e-18
1.1546107493663328e-18
1.15384146054439222e-18
1.15373510095282587e-18
1.15435015051164986e-18
1.15566474227000111e-18
1.15765518722366067e-18
)
;

boundaryField
{
    reactingWall
    {
        type            catalyticWall;
        gradient        uniform 0;
    }
    inertWall
    {
        type            zeroGradient;
    }
    inlet
    {
        type            fixedValue;
        value           uniform 0;
    }
    outlet
    {
        type            zeroGradient;
    }
    defaultFaces
    {
        type            empty;
    }
}


// ************************************************************************* //
