/*--------------------------------*- C++ -*----------------------------------*\
  =========                 |
  \\      /  F ield         | OpenFOAM: The Open Source CFD Toolbox
   \\    /   O peration     | Website:  https://openfoam.org
    \\  /    A nd           | Version:  8
     \\/     M anipulation  |
\*---------------------------------------------------------------------------*/
FoamFile
{
    version     2.0;
    format      ascii;
    class       volScalarField;
    location    "0.4";
    object      N2;
}
// * * * * * * * * * * * * * * * * * * * * * * * * * * * * * * * * * * * * * //

dimensions      [0 0 0 0 0 0 0];

internalField   nonuniform List<scalar> 
1800
(
0.919999999999999929
0.919999999999999818
0.919999999999999929
0.92000000000000004
0.92000000000000004
0.92000000000000004
0.920000000000000151
0.919999999999999929
0.919999999999999929
0.919999999999999818
0.919999999999999707
0.919999999999999707
0.919999999999999818
0.919999999999999929
0.919999999999999929
0.919999999999999818
0.919999999999999929
0.919999999999999929
0.919999999999999929
0.92000000000000004
0.92000000000000004
0.920000000000000151
0.92000000000000004
0.920000000000000262
0.92000000000000004
0.92000000000000004
0.92000000000000004
0.919999999999999929
0.92000000000000004
0.919999999999999929
0.919999999999999929
0.919999999999999929
0.92000000000000004
0.92000000000000004
0.919999999999999929
0.92000000000000004
0.92000000000000004
0.920000000000000151
0.920000000000000151
0.92000000000000004
0.919999999999999929
0.919999999999999929
0.92000000000000004
0.919999999999999929
0.92000000000000004
0.919999999999999929
0.919999999999999929
0.919999999999999818
0.92000000000000004
0.92000000000000004
0.92000000000000004
0.92000000000000004
0.920000000000000151
0.92000000000000004
0.92000000000000004
0.92000000000000004
0.919999999999999929
0.919999999999999929
0.919999999999999929
0.919999999999999929
0.919999999999999929
0.919999999999999929
0.92000000000000004
0.92000000000000004
0.920000000000000151
0.92000000000000004
0.92000000000000004
0.92000000000000004
0.92000000000000004
0.92000000000000004
0.92000000000000004
0.919999999999999929
0.92000000000000004
0.92000000000000004
0.92000000000000004
0.92000000000000004
0.92000000000000004
0.919999999999999929
0.919999999999999929
0.919999999999999929
0.919999999999999929
0.92000000000000004
0.920000000000000151
0.920000000000000151
0.92000000000000004
0.92000000000000004
0.920000000000000151
0.920000000000000151
0.920000000000000151
0.920000000000000151
0.919999999999999929
0.919999999999999929
0.919999999999999929
0.92000000000000004
0.919999999999999929
0.919999999999999929
0.920000000000000151
0.920000000000000151
0.92000000000000004
0.920000000000000151
0.920000000000000151
0.920000000000000151
0.920000000000000151
0.920000000000000373
0.920000000000000262
0.919999999999999929
0.919999999999999929
0.92000000000000004
0.92000000000000004
0.919999999999999929
0.919999999999999929
0.919999999999999929
0.919999999999999929
0.919999999999999929
0.92000000000000004
0.919999999999999929
0.919999999999999929
0.919999999999999929
0.92000000000000004
0.919999999999999929
0.920000000000000151
0.920000000000000151
0.920000000000000151
0.920000000000000151
0.92000000000000004
0.920000000000000151
0.92000000000000004
0.92000000000000004
0.920000000000000151
0.920000000000000151
0.92000000000000004
0.919999999999999929
0.919999999999999818
0.919999999999999929
0.919999999999999818
0.919999999999999929
0.919999999999999929
0.919999999999999929
0.919999999999999929
0.919999999999999929
0.919999999999999929
0.92000000000000004
0.92000000000000004
0.92000000000000004
0.920000000000000151
0.92000000000000004
0.92000000000000004
0.92000000000000004
0.920000000000000151
0.920000000000000151
0.919999999999999818
0.919999999999999929
0.919999999999999818
0.919999999999999818
0.919999999999999929
0.92000000000000004
0.92000000000000004
0.920000000000000151
0.920000000000000262
0.920000000000000151
0.920000000000000262
0.920000000000000262
0.920000000000000151
0.920000000000000151
0.920000000000000151
0.919999999999999818
0.919999999999999929
0.919999999999999818
0.919999999999999929
0.919999999999999929
0.919999999999999929
0.92000000000000004
0.920000000000000151
0.920000000000000151
0.920000000000000262
0.920000000000000151
0.92000000000000004
0.92000000000000004
0.919999999999999929
0.919999999999999929
0.919999999999999818
0.919999999999999929
0.92000000000000004
0.919999999999999929
0.920000000000000151
0.920000000000000151
0.92000000000000004
0.920000000000000151
0.920000000000000151
0.920000000000000151
0.92000000000000004
0.920000000000000151
0.920000000000000151
0.920000000000000262
0.920000000000000262
0.92000000000000004
0.92000000000000004
0.919999999999999929
0.92000000000000004
0.920000000000000151
0.92000000000000004
0.92000000000000004
0.92000000000000004
0.920000000000000151
0.920000000000000151
0.920000000000000262
0.920000000000000373
0.920000000000000262
0.920000000000000151
0.92000000000000004
0.919999999999999929
0.92000000000000004
0.92000000000000004
0.92000000000000004
0.920000000000000151
0.92000000000000004
0.920000000000000151
0.92000000000000004
0.92000000000000004
0.92000000000000004
0.92000000000000004
0.920000000000000151
0.920000000000000151
0.920000000000000151
0.920000000000000151
0.919999999999999929
0.919999999999999818
0.919999999999999929
0.919999999999999929
0.92000000000000004
0.920000000000000151
0.92000000000000004
0.92000000000000004
0.92000000000000004
0.919999999999999929
0.92000000000000004
0.92000000000000004
0.919999999999999929
0.92000000000000004
0.919999999999999929
0.92000000000000004
0.92000000000000004
0.92000000000000004
0.92000000000000004
0.920000000000000151
0.92000000000000004
0.92000000000000004
0.919999999999999929
0.920000000000000151
0.92000000000000004
0.920000000000000151
0.92000000000000004
0.92000000000000004
0.919999999999999929
0.92000000000000004
0.919999999999999929
0.919999999999999818
0.919999999999999818
0.919999999999999818
0.919999999999999929
0.919999999999999929
0.92000000000000004
0.92000000000000004
0.919999999999999929
0.919999999999999929
0.919999999999999818
0.919999999999999929
0.919999999999999818
0.919999999999999818
0.920000000000000262
0.92000000000000004
0.919999999999999929
0.919999999999999818
0.919999999999999929
0.92000000000000004
0.92000000000000004
0.919999999999999929
0.919999999999999929
0.92000000000000004
0.920000000000000151
0.920000000000000151
0.920000000000000262
0.920000000000000151
0.920000000000000151
0.920000000000005591
0.919999999999999929
0.919999999999999818
0.919999999999999818
0.919999999999999929
0.919999999999999929
0.92000000000000004
0.920000000000000151
0.920000000000000151
0.919999999999999929
0.919999999999999929
0.919999999999999818
0.919999999999999929
0.919999999999999818
0.920000000000001261
0.920000000000098073
0.919999999999999818
0.919999999999999818
0.919999999999999818
0.92000000000000004
0.919999999999999929
0.920000000000000262
0.920000000000001261
0.920000000000006035
0.920000000000033347
0.920000000000172236
0.920000000000834373
0.920000000003799334
0.920000000016228503
0.920000000064855272
0.920000000241856908
0.920000000839392928
0.920000002704046915
0.9200000080640236
0.920000022201570178
0.920000056254335119
0.920000130598307431
0.92000027988208366
0.920000573927718723
0.92000114136064215
0.920002213399022217
0.920004196843205224
0.920007791400354935
0.920014172887497539
0.920025270643613613
0.920044173743505111
0.920075704326338895
0.920127194368408841
0.92020949020411491
0.920338182641824321
0.920535025440786026
0.920829482493301654
0.921259868294358242
0.921862360396381253
0.922635457804670267
0.923598122469448612
0.924765786244088006
0.926070602879144111
0.927630396904762233
0.929323740141873911
0.931193264044167246
0.933129108129468698
0.935156245952581511
0.937157965111938052
0.939124432228060968
0.941000991953440002
0.942788301327550871
0.944453222180015262
0.94601419699696665
0.947423540772067252
0.948732696021168609
0.949968748008243824
0.951137366979384113
0.952220432553225749
0.953255949868414221
0.95422297785827892
0.95519448026535303
0.956323513873884812
0.957586174197694318
0.958983897314669043
0.960334788460058486
0.961451334637625221
0.96257136538036614
0.963714321219422243
0.964762169076643028
0.965747406891921401
0.966693956778103991
0.967585177895150972
0.968398770669813946
0.969338776751210385
0.970722702782334856
0.919999999999999929
0.919999999999999818
0.919999999999999818
0.919999999999999818
0.919999999999999929
0.919999999999999818
0.919999999999999818
0.920000000000000373
0.920000000000002038
0.920000000000010809
0.920000000000052109
0.920000000000234519
0.92000000000099158
0.920000000003933893
0.920000000014620789
0.920000000050789746
0.920000000164553522
0.920000000496195458
0.920000001389676192
0.920000003605978334
0.920000008622886445
0.920000018790558594
0.920000038812138876
0.920000077421381235
0.920000150336503952
0.920000285315894284
0.920000530433774943
0.920000967304611006
0.920001731684414681
0.920003044714119644
0.920005258969856521
0.920008924284032359
0.920014878725717633
0.920024369781689222
0.92003920895976099
0.920061957650900264
0.920096132076157591
0.920146472345160227
0.920220132658514767
0.920316369091124242
0.920457037078256546
0.920615363750107218
0.920833184263531779
0.92107836451458569
0.921408712400310415
0.921766867087142061
0.922176408310761642
0.922685467575705243
0.923260884880516275
0.92375906027620891
0.924419759067726332
0.925131337918717822
0.925796291064013177
0.926435499800730256
0.927291488103478057
0.928123249039528475
0.928754090709764113
0.929529204380370011
0.930553903510693559
0.931422127467009808
0.93209275757616683
0.932953112990507538
0.933844832653170753
0.934636674310988069
0.935354561009854923
0.936271679219564446
0.937369094084071097
0.938665280730332174
0.939888076444034604
0.940730146435748038
0.941387797968676665
0.942270090496575952
0.94354905512757048
0.944756639470872739
0.945607445841908589
0.919999999999999929
0.919999999999999929
0.919999999999999929
0.92000000000000004
0.92000000000000004
0.919999999999999929
0.919999999999999929
0.92000000000000004
0.920000000000000151
0.920000000000000817
0.920000000000004037
0.920000000000017693
0.920000000000074092
0.920000000000292473
0.920000000001083618
0.920000000003764251
0.920000000012232699
0.92000000003711957
0.920000000104991722
0.920000000276225638
0.92000000067237786
0.920000001484231222
0.920000003083947804
0.920000006168346984
0.920000011989625333
0.920000022758927116
0.920000042310453292
0.920000077171421626
0.920000138247734522
0.920000243417801733
0.920000421425978709
0.92000071757570967
0.92000120182783951
0.920001979999861552
0.920003208863843458
0.92000511624910275
0.920008028534953115
0.920012412871986984
0.920018962331858092
0.920027888011044404
0.920040879938069711
0.920057572501110199
0.920081133108033966
0.920112087902362097
0.920145672888536992
0.920191291071920658
0.920255870355755845
0.920317636492922087
0.920403218369824749
0.920490494122917613
0.920605609020044735
0.920716087715942488
0.920866930654282156
0.921019994730032598
0.921170535290228742
0.921377272947457637
0.921567456146330732
0.921763749303605717
0.922027283737819836
0.92230386251790053
0.922493490405710048
0.922713119936941162
0.922920457605977074
0.923129935682229785
0.923409753099672326
0.923795157575384551
0.924188024753993087
0.924545101687210824
0.925019055182084049
0.925467381379689868
0.925834528535660506
0.926238447658766284
0.926780465746102511
0.927323703565303359
0.92780915630574412
0.919999999999999929
0.92000000000000004
0.92000000000000004
0.92000000000000004
0.920000000000000151
0.920000000000000262
0.920000000000000151
0.92000000000000004
0.920000000000000151
0.920000000000000151
0.920000000000000262
0.92000000000000115
0.920000000000005036
0.920000000000019913
0.920000000000073759
0.920000000000255502
0.920000000000830709
0.920000000002531793
0.920000000007220819
0.920000000019236763
0.920000000047598965
0.920000000106452109
0.920000000222525594
0.92000000044631236
0.920000000868320456
0.920000001648175747
0.920000003062714788
0.920000005584001856
0.920000010003452107
0.92000001762532635
0.920000030562024063
0.920000052174816729
0.920000087716536408
0.920000145246365975
0.920000236900049728
0.920000380610286106
0.920000602379094201
0.920000939188573508
0.920001442447528239
0.920002180442003326
0.92000325683913986
0.920004755927756657
0.920006912139916699
0.920010035157602046
0.920013526410675686
0.920018340800858092
0.920025369564875906
0.920032732025371613
0.920043164978976868
0.920054393601115961
0.920070294441278858
0.920085524911117281
0.920105691943868598
0.920131488825970956
0.920155431977158322
0.920189132509042884
0.920220471659049966
0.920261002002119577
0.920307615321198202
0.920352722341333696
0.920407402839377498
0.92046647285226868
0.920515968860688649
0.920582583149892941
0.920646793092343541
0.92071717903980288
0.920812151130559142
0.920906187761385331
0.921003765612932623
0.921124213340347442
0.921238843728135581
0.921347915038272625
0.921494177527938274
0.9216635190314727
0.921811404632675191
0.920000000000000151
0.92000000000000004
0.920000000000000151
0.920000000000000151
0.920000000000000151
0.92000000000000004
0.92000000000000004
0.919999999999999818
0.919999999999999818
0.919999999999999929
0.919999999999999929
0.919999999999999929
0.920000000000000262
0.92000000000000115
0.920000000000004814
0.920000000000016915
0.920000000000055551
0.920000000000170126
0.920000000000489093
0.920000000001317764
0.920000000003308394
0.920000000007508367
0.920000000015811503
0.920000000031850007
0.920000000062128565
0.920000000118118888
0.920000000219731939
0.920000000400979512
0.920000000719049638
0.920000001268590717
0.920000002203780087
0.920000003771770158
0.920000006362370448
0.920000010580366401
0.920000017348650556
0.920000028052405439
0.920000044736925648
0.920000070373599543
0.920000109205018513
0.920000167148496306
0.920000252594862289
0.92000037725597783
0.920000558932691059
0.92000082587235843
0.920001158361421156
0.920001614455137728
0.920002284877149301
0.920003070478105034
0.920004174947197884
0.920005423750284379
0.920007202058912954
0.920009087757603594
0.920011507571509624
0.920014875524925224
0.920018120895739422
0.920022656272137196
0.920027403645032882
0.920033061215132619
0.920040943010432044
0.920047646059535928
0.92005553224097969
0.92006624466957454
0.920074889002465923
0.92008635631865765
0.920100282806444625
0.92011434926864577
0.920132780617068824
0.920152221066518616
0.920173160459570094
0.920196800730627928
0.920220944847228273
0.920246954287574748
0.920275865248907365
0.920312641397506459
0.920352098876240254
0.920000000000000151
0.92000000000000004
0.92000000000000004
0.92000000000000004
0.919999999999999929
0.919999999999999929
0.919999999999999929
0.92000000000000004
0.92000000000000004
0.919999999999999929
0.92000000000000004
0.92000000000000004
0.919999999999999929
0.920000000000000151
0.920000000000000373
0.92000000000000115
0.920000000000003704
0.920000000000011031
0.920000000000031681
0.920000000000086193
0.920000000000219531
0.920000000000506746
0.920000000001076179
0.920000000002179741
0.920000000004268292
0.920000000008138308
0.920000000015173791
0.920000000027744957
0.920000000049850053
0.920000000088134318
0.92000000015348149
0.920000000263457407
0.92000000044599517
0.920000000744860214
0.92000000122760639
0.920000001996961858
0.920000003206850048
0.920000005084575245
0.920000007961140009
0.920000012312581661
0.920000018819419396
0.920000028450595031
0.920000042600104595
0.920000063175415272
0.920000091848307666
0.920000131807151678
0.920000188187234835
0.920000263226041781
0.92000036259274387
0.920000489590562021
0.920000665048532174
0.920000880538012211
0.920001134548052768
0.920001501504452701
0.920001884529964342
0.920002412937855119
0.92000299685694209
0.920003711388793222
0.920004719301201646
0.920005645391386073
0.920006789577862749
0.920008365741739609
0.920009718428236756
0.920011504585870554
0.920013637868762113
0.920016036418575878
0.920018780944438119
0.920021904944458457
0.920025603087740951
0.92002976031021777
0.920033868959024836
0.920038746396227514
0.92004412714995476
0.920051129886609864
0.920059464391808635
0.920000000000000151
0.920000000000000151
0.920000000000000262
0.920000000000000151
0.92000000000000004
0.920000000000000151
0.920000000000000151
0.92000000000000004
0.92000000000000004
0.919999999999999929
0.919999999999999929
0.919999999999999929
0.919999999999999929
0.92000000000000004
0.920000000000000151
0.920000000000000151
0.920000000000000262
0.920000000000000706
0.920000000000001927
0.920000000000005369
0.920000000000013918
0.920000000000032792
0.920000000000070095
0.920000000000142704
0.920000000000280815
0.92000000000053761
0.920000000001005791
0.920000000001844898
0.920000000003324603
0.92000000000589599
0.920000000010301022
0.920000000017745623
0.920000000030161469
0.920000000050602007
0.920000000083828762
0.920000000137165541
0.920000000221729897
0.920000000354176506
0.920000000559141995
0.920000000872639778
0.920000001346790497
0.92000000205637622
0.920000003107843245
0.920000004650024517
0.920000006881889543
0.920000010091578391
0.92000001471122439
0.920000021443518223
0.920000029448036827
0.92000004057487117
0.92000005588819056
0.920000077341004308
0.920000102001811371
0.920000137507107407
0.920000177967851385
0.920000233812149126
0.92000029533440919
0.920000376423833033
0.920000490389215275
0.92000059841882964
0.920000738814041874
0.920000928262634687
0.920001099734649164
0.920001331624835106
0.920001611985468148
0.920001971810718633
0.92000236617054032
0.920002796992183902
0.920003368200086435
0.920004021108771552
0.920004634222167383
0.92000536857122861
0.920006250242258239
0.920007353680385775
0.920008805725822443
0.92000000000000004
0.920000000000000151
0.92000000000000004
0.92000000000000004
0.92000000000000004
0.919999999999999929
0.919999999999999929
0.919999999999999929
0.919999999999999929
0.919999999999999929
0.92000000000000004
0.920000000000000151
0.92000000000000004
0.92000000000000004
0.92000000000000004
0.92000000000000004
0.92000000000000004
0.920000000000000151
0.920000000000000151
0.920000000000000262
0.920000000000000595
0.920000000000001927
0.920000000000004259
0.920000000000008922
0.920000000000017581
0.920000000000033791
0.920000000000063434
0.920000000000116946
0.920000000000211759
0.920000000000377294
0.920000000000661622
0.920000000001144569
0.920000000001953921
0.92000000000329385
0.920000000005485763
0.92000000000902904
0.920000000014689845
0.920000000023630804
0.920000000037594301
0.920000000059163603
0.920000000092127901
0.920000000141993568
0.920000000216689373
0.92000000032750251
0.920000000490257319
0.920000000727499656
0.920000001072337037
0.920000001578514581
0.920000002227302716
0.920000003148986889
0.92000000443686214
0.920000006252672975
0.920000008450062023
0.920000011588715916
0.920000015346324806
0.920000020564089249
0.920000026411016747
0.920000034335533678
0.920000045561566671
0.920000057402898141
0.92000007359694258
0.920000092810447478
0.920000113556775911
0.92000014166475752
0.920000174286867645
0.920000216940951576
0.920000264755318709
0.920000318673191098
0.920000391004769047
0.920000477853064047
0.920000562463731852
0.920000655904603448
0.920000782285373409
0.920000938659279566
0.920001164681855887
0.919999999999999929
0.919999999999999929
0.919999999999999818
0.919999999999999818
0.919999999999999929
0.919999999999999929
0.92000000000000004
0.919999999999999929
0.920000000000000151
0.920000000000000151
0.920000000000000151
0.920000000000000262
0.920000000000000262
0.920000000000000151
0.92000000000000004
0.919999999999999929
0.919999999999999929
0.92000000000000004
0.92000000000000004
0.92000000000000004
0.919999999999999929
0.920000000000000151
0.920000000000000373
0.920000000000000484
0.920000000000000928
0.920000000000001927
0.920000000000003704
0.920000000000007034
0.920000000000012919
0.920000000000023022
0.920000000000040674
0.920000000000070539
0.920000000000120832
0.920000000000204876
0.920000000000342988
0.920000000000567808
0.92000000000092963
0.920000000001505946
0.920000000002413776
0.920000000003828866
0.920000000006012564
0.920000000009348895
0.920000000014397523
0.920000000021966358
0.920000000033209697
0.920000000049765787
0.920000000073933899
0.920000000108865623
0.920000000158486153
0.920000000228324177
0.920000000325708944
0.920000000460798995
0.920000000644158211
0.920000000900477843
0.920000001211510487
0.920000001631555153
0.920000002153749108
0.920000002867254252
0.92000000386552816
0.920000005053232761
0.920000006659695058
0.920000008389658785
0.92000001050700575
0.920000013355903312
0.920000016811288623
0.920000021385722233
0.920000026481223254
0.920000032798518164
0.920000041238361765
0.920000051777820849
0.920000062005057351
0.920000073242875582
0.920000088483502565
0.920000107533075706
0.920000137524122574
0.920000000000000151
0.920000000000000151
0.920000000000000151
0.920000000000000151
0.920000000000000151
0.920000000000000151
0.920000000000000262
0.920000000000000151
0.92000000000000004
0.92000000000000004
0.92000000000000004
0.919999999999999929
0.92000000000000004
0.920000000000000151
0.920000000000000151
0.92000000000000004
0.92000000000000004
0.920000000000000151
0.920000000000000151
0.92000000000000004
0.92000000000000004
0.92000000000000004
0.920000000000000151
0.919999999999999929
0.919999999999999929
0.919999999999999929
0.919999999999999929
0.92000000000000004
0.920000000000000262
0.920000000000000928
0.920000000000002038
0.920000000000003815
0.920000000000006812
0.920000000000011919
0.920000000000020468
0.920000000000034568
0.920000000000057216
0.920000000000093299
0.920000000000150808
0.920000000000241291
0.920000000000382068
0.920000000000599116
0.920000000000930629
0.920000000001432339
0.920000000002185181
0.920000000003304175
0.9200000000049533
0.920000000007360486
0.920000000010832819
0.92000000001579374
0.920000000022809905
0.920000000032629717
0.920000000046208966
0.920000000064790213
0.920000000089527536
0.920000000122405792
0.920000000166601217
0.920000000227507941
0.920000000310681298
0.920000000411957508
0.920000000555000086
0.920000000723924516
0.920000000931894379
0.920000001214467233
0.920000001562919389
0.92000000198707288
0.920000002486793367
0.920000003167866676
0.920000004074441269
0.920000005250996233
0.920000006385575775
0.920000007659153463
0.920000009392838658
0.920000011673558049
0.92000001538882048
0.919999999999999929
0.92000000000000004
0.92000000000000004
0.919999999999999929
0.919999999999999929
0.92000000000000004
0.919999999999999929
0.92000000000000004
0.919999999999999929
0.919999999999999818
0.919999999999999929
0.919999999999999929
0.919999999999999929
0.92000000000000004
0.919999999999999929
0.919999999999999929
0.919999999999999929
0.92000000000000004
0.920000000000000151
0.920000000000000262
0.920000000000000262
0.920000000000000151
0.92000000000000004
0.92000000000000004
0.92000000000000004
0.92000000000000004
0.919999999999999929
0.919999999999999929
0.92000000000000004
0.920000000000000151
0.920000000000000595
0.920000000000001372
0.920000000000002816
0.920000000000005258
0.920000000000009255
0.920000000000015694
0.920000000000025908
0.920000000000042117
0.920000000000067431
0.920000000000106399
0.92000000000016624
0.920000000000257168
0.920000000000393947
0.920000000000597673
0.920000000000897433
0.920000000001334639
0.92000000000196569
0.920000000002868412
0.920000000004148832
0.920000000005951724
0.920000000008472152
0.920000000011970798
0.920000000016789499
0.920000000023378339
0.920000000032360932
0.920000000044660315
0.920000000061757417
0.920000000085865577
0.920000000115474781
0.920000000156774078
0.920000000213741398
0.920000000291609443
0.92000000039833485
0.920000000549525687
0.920000000724558786
0.920000000937382101
0.920000001225305564
0.92000000160852613
0.920000002125514471
0.920000002747567769
0.920000003479812145
0.920000004394938453
0.920000005562966461
0.920000007049187496
0.920000009506718341
0.92000000000000004
0.919999999999999929
0.919999999999999929
0.92000000000000004
0.919999999999999929
0.92000000000000004
0.92000000000000004
0.919999999999999929
0.92000000000000004
0.92000000000000004
0.919999999999999929
0.919999999999999929
0.919999999999999929
0.919999999999999929
0.919999999999999929
0.92000000000000004
0.92000000000000004
0.92000000000000004
0.920000000000000151
0.92000000000000004
0.92000000000000004
0.92000000000000004
0.919999999999999929
0.92000000000000004
0.920000000000000262
0.920000000000000706
0.920000000000001594
0.920000000000003149
0.920000000000005702
0.920000000000010254
0.920000000000017915
0.920000000000031015
0.920000000000052887
0.920000000000088969
0.920000000000147589
0.920000000000241736
0.920000000000391283
0.920000000000625762
0.920000000000988916
0.920000000001544693
0.920000000002385687
0.920000000003645013
0.920000000005509522
0.920000000008237673
0.920000000012179298
0.920000000017803354
0.920000000025735121
0.920000000036810039
0.920000000052150435
0.920000000073260771
0.92000000010213423
0.920000000141327101
0.920000000193973211
0.920000000263486717
0.920000000356125947
0.920000000480763358
0.920000000650400995
0.920000000881058377
0.920000001190295458
0.920000001602373829
0.920000002151804219
0.920000002888747948
0.920000003884115847
0.920000005235240725
0.92000000707023577
0.920000009112685202
0.920000011810788831
0.920000015495849421
0.920000020682831599
0.920000028372554679
0.920000033620035573
0.920000038792953667
0.920000046222863799
0.920000056696545498
0.920000074395074807
0.92000000000000004
0.92000000000000004
0.919999999999999929
0.919999999999999818
0.919999999999999929
0.919999999999999929
0.92000000000000004
0.919999999999999929
0.919999999999999818
0.919999999999999818
0.919999999999999707
0.919999999999999707
0.919999999999999818
0.919999999999999929
0.92000000000000004
0.92000000000000004
0.920000000000000151
0.92000000000000004
0.92000000000000004
0.92000000000000004
0.920000000000000151
0.920000000000000706
0.920000000000001927
0.920000000000004148
0.920000000000008367
0.92000000000001636
0.920000000000030793
0.920000000000056772
0.920000000000102292
0.920000000000180895
0.920000000000314899
0.920000000000539164
0.920000000000910312
0.92000000000151716
0.920000000002497931
0.920000000004063234
0.920000000006527596
0.920000000010351537
0.920000000016204522
0.920000000025052445
0.920000000038278865
0.920000000057841993
0.920000000086455771
0.920000000127755735
0.92000000018647099
0.920000000268702212
0.920000000382240612
0.920000000537631535
0.9200000007493917
0.920000001037639237
0.920000001429791214
0.920000001957660518
0.920000002641824355
0.920000003466014071
0.920000004544688443
0.920000005993079628
0.920000007960490862
0.920000010642703314
0.920000014213069872
0.92000001881380622
0.920000024994690468
0.920000033552835994
0.920000046155194928
0.920000066985628195
0.920000084956460018
0.920000102359219918
0.920000124913499917
0.920000151209070416
0.920000181471285483
0.92000022286306038
0.920000280285316441
0.920000336835065102
0.920000409513638262
0.920000508487403446
0.920000665154261377
0.92000000000000004
0.92000000000000004
0.919999999999999929
0.919999999999999929
0.919999999999999929
0.920000000000000151
0.920000000000000151
0.920000000000000151
0.920000000000000151
0.92000000000000004
0.919999999999999929
0.919999999999999929
0.92000000000000004
0.920000000000000262
0.920000000000000151
0.920000000000000262
0.920000000000000484
0.920000000000000817
0.920000000000001261
0.920000000000002927
0.920000000000006812
0.920000000000016138
0.920000000000035678
0.920000000000073981
0.920000000000147589
0.920000000000285034
0.920000000000535501
0.920000000000981699
0.920000000001760077
0.920000000003092566
0.920000000005334884
0.920000000009056018
0.920000000015161135
0.920000000025075204
0.920000000041003685
0.920000000066270807
0.920000000105712035
0.92000000016622796
0.920000000257678696
0.920000000394229023
0.92000000059630338
0.920000000893127501
0.920000001324406513
0.920000001937644751
0.920000002783149307
0.920000003927454957
0.920000005456520165
0.92000000748045907
0.92000001018065114
0.920000013797007909
0.920000018684065335
0.920000025278726152
0.92000003289236143
0.920000042027895759
0.920000054288991564
0.920000071420165821
0.920000096876571916
0.920000138914755516
0.920000174129068871
0.92000021259591136
0.920000261513378215
0.920000333092265032
0.920000433950511898
0.920000541750299217
0.920000673835064897
0.920000853498796345
0.92000110387812617
0.920001360969109117
0.920001655102627547
0.920002049572253844
0.920002519315312406
0.920002980734641818
0.92000354095603365
0.92000431173070174
0.920005519391078108
0.920000000000000262
0.920000000000000262
0.920000000000000151
0.920000000000000151
0.92000000000000004
0.920000000000000262
0.920000000000000262
0.920000000000000151
0.920000000000000262
0.920000000000000373
0.920000000000000484
0.920000000000000706
0.920000000000001039
0.920000000000001372
0.920000000000001816
0.920000000000002816
0.920000000000004925
0.920000000000009366
0.920000000000020024
0.920000000000047113
0.920000000000115392
0.920000000000278595
0.920000000000615548
0.92000000000127713
0.920000000002539564
0.920000000004882579
0.920000000009120522
0.920000000016605979
0.920000000029540299
0.920000000051436229
0.920000000087876968
0.920000000147807251
0.920000000245604022
0.92000000040424057
0.920000000659666251
0.92000000106519586
0.920000001689141533
0.920000002621386925
0.920000003995061322
0.920000006004268567
0.920000008930140667
0.92000001317504998
0.920000019275746261
0.920000027829603106
0.920000039342550147
0.920000054735802708
0.920000073372067906
0.920000098145530631
0.920000131793824893
0.920000180020148828
0.920000258405078819
0.920000321397399734
0.920000386433622253
0.920000465689184033
0.920000560008303658
0.920000689684247197
0.92000086436730899
0.920001098291482911
0.920001410760602489
0.920001828583616232
0.920002382168453869
0.92000306258691178
0.920003880017506992
0.9200048340153828
0.920006060339878196
0.920007692114255038
0.92000983670899017
0.920011814295041197
0.920014153053139827
0.920017062403108876
0.920020041694160962
0.920023268107747594
0.920027546042968325
0.920032962572307489
0.920041164595484462
0.92000000000000004
0.92000000000000004
0.920000000000000151
0.920000000000000262
0.920000000000000484
0.920000000000000817
0.920000000000001261
0.920000000000001927
0.920000000000003038
0.920000000000004592
0.92000000000000659
0.920000000000009255
0.920000000000013252
0.920000000000018359
0.920000000000026907
0.920000000000042228
0.920000000000071649
0.920000000000139595
0.920000000000316231
0.920000000000779417
0.920000000001957252
0.920000000004761898
0.920000000010496644
0.920000000021720998
0.920000000043047828
0.92000000008239935
0.920000000153083364
0.920000000277021779
0.9200000004892116
0.92000000084139899
0.920000001413471158
0.920000002338629774
0.920000003834907987
0.920000006254527825
0.920000010151385661
0.920000016333608839
0.920000025726648518
0.92000003946470621
0.920000059356479105
0.920000088252242554
0.920000130916035941
0.920000195787871511
0.920000295197956341
0.920000444901282521
0.920000568441301514
0.920000712826446132
0.920000891065513415
0.920001139327134676
0.920001467373246617
0.920001830244336016
0.920002290078217211
0.920002895334665172
0.920003616124594692
0.920004412750731082
0.920005347497485415
0.920006562172326348
0.920008183383105749
0.92001032817447892
0.920013137146060034
0.920016904755363019
0.920021452397246309
0.920026658390107555
0.920032800564088427
0.920040422916953538
0.920050651419251908
0.920063665155644084
0.920076790226427965
0.920089578661372753
0.920104962451553265
0.920121286832345731
0.920139363119190423
0.920164322100001431
0.920202628691022206
0.920236676653691243
0.920265172051672353
0.920000000000000373
0.920000000000000928
0.920000000000002371
0.920000000000004925
0.920000000000008589
0.920000000000014362
0.920000000000022911
0.920000000000034013
0.920000000000049667
0.920000000000068874
0.920000000000093632
0.920000000000127049
0.920000000000169349
0.920000000000232299
0.920000000000336327
0.920000000000527618
0.920000000000935625
0.920000000002015317
0.920000000004953522
0.920000000012770269
0.920000000032637599
0.920000000079629898
0.92000000017451633
0.920000000359439962
0.920000000708253829
0.920000001344986273
0.920000002473571832
0.920000004426245743
0.920000007728532854
0.920000013115729987
0.920000021723815453
0.920000035601181376
0.920000058355931571
0.920000096526145783
0.920000162713200398
0.920000283313020861
0.920000434566086933
0.920000599025602384
0.920000842527139873
0.920001200058260804
0.920001709100292886
0.920002410064824305
0.920003357082611606
0.920004560664971383
0.920006021021416709
0.920007790028138039
0.920009981369640406
0.920012574212678458
0.920015318568849327
0.920018384325117622
0.920022444179139587
0.920027698679729777
0.920033643790009514
0.920039926767305283
0.920047272724254905
0.920056974562885488
0.920069983147266068
0.92008761062874167
0.920109209695745833
0.920138332162285688
0.920170723039599792
0.920203789595251953
0.920249795706195028
0.92031647765457647
0.920408727100927582
0.920458970021386325
0.9205001325215314
0.920563887882544174
0.920629474728589581
0.920717575660754628
0.920819529615177101
0.920926628426333549
0.921069530458056951
0.921242580620156182
0.921403866002974192
0.920000000000007256
0.920000000000023022
0.920000000000051332
0.920000000000096518
0.920000000000157914
0.920000000000247176
0.920000000000361973
0.920000000000508744
0.920000000000704921
0.920000000000928964
0.920000000001170548
0.920000000001494178
0.920000000001910512
0.920000000002561436
0.920000000003719176
0.920000000006013341
0.920000000012217156
0.92000000002986948
0.920000000079157054
0.920000000210760227
0.920000000543167218
0.920000001324322803
0.920000002904765579
0.920000005987593128
0.92000001179814761
0.920000022323137046
0.920000040869147995
0.920000073743071578
0.920000134520492674
0.920000217983354629
0.920000324584454798
0.920000506999823275
0.92000080927729222
0.920001299947828866
0.920002083266062698
0.920003287472107578
0.920005066486861089
0.920007623193282886
0.920011221788880174
0.920016143285862453
0.9200227545596531
0.920031621985563208
0.92004214662588002
0.920053301900996656
0.920066428254344704
0.920082712402300995
0.92009943499821667
0.920115259454934886
0.920134635905982101
0.920161765947712151
0.92020534309972446
0.920240067209680213
0.9202741400918385
0.920310390756109542
0.920351688885945762
0.920412808102150759
0.920505264150205393
0.920645930911914268
0.92079496049574705
0.920911167879574277
0.921076468774234214
0.921324365303101134
0.921573865001579451
0.921776041321117456
0.921963112393699658
0.922193132031754681
0.922505608965498269
0.922838236738406592
0.923269758840537524
0.92376851334840715
0.924157869022339651
0.924540140040158831
0.92506851877432672
0.925583457047493119
0.926037860512999411
0.920000000000167795
0.920000000000475993
0.920000000000982587
0.920000000001722551
0.92000000000264659
0.920000000003882823
0.92000000000532256
0.920000000006847118
0.920000000008662111
0.920000000010570806
0.920000000012617059
0.920000000015051889
0.92000000001863258
0.920000000024657316
0.920000000036220511
0.920000000067627277
0.920000000161694698
0.920000000438087384
0.920000001213198804
0.92000000326819209
0.920000008394740609
0.920000020330045354
0.920000043955148894
0.920000089640636065
0.920000174094347423
0.920000320314549369
0.920000558516068767
0.920000937614588898
0.920001542413970252
0.920002513872973049
0.920004086220572614
0.920006657665187189
0.920010939159763064
0.920018308289120124
0.920031743689888826
0.920049883398156743
0.920071647669667758
0.920100270967536549
0.920141591305111972
0.920197023215455712
0.920273767470493387
0.920353720339889714
0.920430991683389488
0.920517407677689414
0.920601917813548831
0.920673961564723475
0.920750284724547341
0.920833316923967748
0.92092126714319622
0.921012511031204517
0.92111555549249835
0.921249712150532418
0.921430577897598413
0.921656699571989813
0.921911055835552551
0.922238354799802429
0.922677001954004039
0.923157416167742273
0.923587732402336048
0.924023209898463538
0.924595518158969898
0.925381705625387685
0.926297101842687653
0.926792268663582441
0.927243928880048807
0.927948201508052906
0.929056373849393324
0.930096655448762411
0.930741367938444419
0.931324850817197292
0.931802999767533224
0.932358592607370085
0.933197053968415347
0.934159295479262575
0.934624641687770596
0.920000000005680496
0.92000000001350124
0.920000000022683784
0.920000000031364285
0.920000000040513299
0.920000000049746358
0.920000000058499912
0.920000000067487833
0.920000000077042634
0.920000000085714587
0.920000000095366754
0.920000000109638227
0.920000000133804785
0.920000000180929756
0.920000000326639866
0.920000000799864659
0.920000002285190188
0.920000006697605066
0.920000019026155358
0.920000051331388513
0.920000130481958722
0.92000031100019275
0.920000690905058871
0.920001455583214334
0.920002980885387678
0.920005378618616865
0.920008363036779131
0.920012667446182153
0.920019934666584605
0.920031853485639317
0.9200511247162656
0.920081937598259625
0.920130683584868603
0.920206957141740722
0.920324854386916247
0.920504463079031776
0.920773195948326295
0.921165832339484125
0.921733134749705751
0.922186967470664309
0.922456956100964787
0.922604146166301264
0.922689730484630544
0.922745946264535433
0.922800394403161639
0.922859105493439191
0.9229352407095196
0.923014173041049935
0.923115833316703105
0.923234607573926502
0.923371329115439732
0.923514902418439365
0.923687190991019147
0.923870570671538327
0.924063939287453007
0.924282747115746095
0.924521699449324053
0.924764921790866667
0.925031342840013759
0.925362209072840503
0.925706866883784563
0.926023997757533968
0.926302800485566569
0.926562115897091365
0.926800720609012862
0.927002834819666055
0.927260791797733241
0.927509937900262815
0.92771500660054218
0.927957734198077477
0.928267280118748261
0.92852735254335117
0.928810807181056686
0.929111383986863437
0.929509884164263389
)
;

boundaryField
{
    reactingWall
    {
        type            catalyticWall;
        gradient        uniform 0;
    }
    inertWall
    {
        type            zeroGradient;
    }
    inlet
    {
        type            fixedValue;
        value           uniform 0.92000000000000004;
    }
    outlet
    {
        type            zeroGradient;
    }
    defaultFaces
    {
        type            empty;
    }
}


// ************************************************************************* //
