/*--------------------------------*- C++ -*----------------------------------*\
  =========                 |
  \\      /  F ield         | OpenFOAM: The Open Source CFD Toolbox
   \\    /   O peration     | Website:  https://openfoam.org
    \\  /    A nd           | Version:  8
     \\/     M anipulation  |
\*---------------------------------------------------------------------------*/
FoamFile
{
    version     2.0;
    format      ascii;
    class       surfaceScalarField;
    location    "0.4";
    object      phi;
}
// * * * * * * * * * * * * * * * * * * * * * * * * * * * * * * * * * * * * * //

dimensions      [1 0 -1 0 0 0 0];

internalField   nonuniform List<scalar> 
3490
(
2.06166509460683659e-07
7.12707616564566652e-09
1.98545880257289564e-07
7.62062870191884062e-09
1.91656163810176441e-07
6.88971594714149667e-09
1.84555182565594576e-07
7.10098074424905724e-09
1.77270734121600699e-07
7.28444794218176076e-09
1.70118165901570703e-07
7.15256771539476336e-09
1.63241028887455366e-07
6.8771365035822775e-09
1.56629448568871274e-07
6.61157980056140993e-09
1.50268675577938937e-07
6.36077246898953332e-09
1.44173507766560625e-07
6.09516729065788474e-09
1.3836010833934281e-07
5.81339891008317809e-09
1.32835099271879444e-07
5.52500855419889378e-09
1.27600389395220927e-07
5.23470936746162992e-09
1.2265999055164252e-07
4.94039833450986297e-09
4.63650775571787591e-09
1.18023482287667753e-07
2.14976183963968818e-07
5.44441575753026517e-09
2.1567970693527348e-07
6.9171052283850084e-09
2.15653669265939358e-07
6.91575311552513825e-09
2.15407748514780467e-07
7.34690099579844634e-09
2.14772274291923923e-07
7.91992166531407754e-09
2.13772603196885007e-07
8.15223830686935846e-09
2.12519612753786235e-07
8.13012643696937628e-09
2.11074239568751226e-07
8.0569524658245205e-09
2.0945888612638664e-07
7.97612538741912057e-09
2.07702613943933268e-07
7.85143895064555368e-09
2.05843955555525151e-07
7.67205678251533982e-09
2.03914568114283304e-07
7.45439548488343688e-09
2.01937892673074744e-07
7.21138430007081586e-09
1.99936758526022807e-07
6.94153197449817385e-09
6.63042650009641033e-09
1.97942839275160068e-07
2.15181503326353904e-07
3.55643384651504287e-09
2.16856684138106802e-07
5.24192391318063795e-09
2.18028395956302741e-07
5.7440407946501215e-09
2.19117560709081994e-07
6.25773574246598504e-09
2.2012903395453449e-07
6.90844792040123957e-09
2.20946829149137979e-07
7.33444261096185141e-09
2.21597796878501331e-07
7.47915819604975379e-09
2.22136097009605439e-07
7.51865180909766246e-09
2.22568841083577156e-07
7.5433807806907647e-09
2.22887999531369099e-07
7.53227997562030642e-09
2.23099658580089147e-07
7.4603972158541435e-09
2.23216896326704657e-07
7.33715722699535472e-09
2.23248928096588828e-07
7.17935202239282044e-09
2.23200140366159497e-07
6.99031919832230408e-09
6.76336308649192621e-09
2.23067203271959426e-07
2.14358962561605438e-07
2.49096673604459569e-09
2.15502657175572083e-07
4.0982287934209932e-09
2.16532081292871858e-07
4.71461617474236221e-09
2.17622969155880753e-07
5.16684737875312584e-09
2.18816400216785497e-07
5.71501636462666384e-09
2.2001325969926928e-07
6.13758263302033808e-09
2.21160203248392542e-07
6.33221413820486156e-09
2.22268610949823312e-07
6.41024357177013297e-09
2.23343755302220299e-07
6.46823588203561522e-09
2.24373201788045078e-07
6.50283295631442391e-09
2.25347839960539318e-07
6.48575852631019422e-09
2.26266682569634536e-07
6.41831411061607734e-09
2.27128628043109658e-07
6.31740604416601424e-09
2.27927961246486844e-07
6.19098549095479588e-09
6.03832544650997318e-09
2.2865299838168003e-07
2.13989668288388976e-07
1.79479150823425567e-09
2.15056026973965657e-07
3.03186959824058443e-09
2.16088822605115771e-07
3.68182003502731915e-09
2.17131315849115343e-07
4.12435363224834057e-09
2.18260919742483295e-07
4.58541197756379626e-09
2.19422467704392511e-07
4.97603418712050703e-09
2.20560507815366538e-07
5.19417352509127064e-09
2.21681049164628163e-07
5.28970166626906827e-09
2.2279946372982166e-07
5.3498207420807679e-09
2.23910636233009343e-07
5.39165990818048822e-09
2.25002526047555892e-07
5.39386819750068324e-09
2.26069115222562173e-07
5.35172443293455463e-09
2.27107304520160644e-07
5.27921624632714844e-09
2.28110751930437284e-07
5.18753757799595068e-09
5.08132893023174981e-09
2.29067747941810937e-07
2.13845086782638526e-07
1.24318540250665184e-09
2.14600002293414314e-07
2.27695357485711901e-09
2.15415753404504877e-07
2.86606840984995064e-09
2.16300954992405365e-07
3.23915153575647512e-09
2.1729012518684116e-07
3.59624129444673535e-09
2.18358837127602226e-07
3.90732178516861921e-09
2.19458713847658849e-07
4.09429633544749285e-09
2.20568418801351403e-07
4.17999611668599613e-09
2.21688063795009173e-07
4.23017511801684662e-09
2.22812525679246066e-07
4.26719746868095299e-09
2.2393020089494508e-07
4.27619247809814652e-09
2.25032566789675146e-07
4.24935804995419042e-09
2.26115153247972266e-07
4.19662929619345006e-09
2.27173151917487014e-07
4.12953841004214272e-09
4.0534407453504962e-09
2.28201039599499826e-07
2.13638964107763714e-07
8.9770037531177288e-10
2.14312212398473251e-07
1.60370476249042975e-09
2.15123850688305696e-07
2.05442959269073327e-09
2.16009899115718668e-07
2.35310258495021687e-09
2.16983245921769172e-07
2.62289399529998484e-09
2.18027219321737045e-07
2.86334796397995558e-09
2.19097262558838501e-07
3.02425272334274841e-09
2.20171170169880532e-07
3.10608781937986454e-09
2.21250325703548518e-07
3.15101883702375736e-09
2.22335161080618757e-07
3.182361533992327e-09
2.23417841507725235e-07
3.19351158119031918e-09
2.24489721136068048e-07
3.17747795321750949e-09
2.25545782925404542e-07
3.14056702239315428e-09
2.26582546505334833e-07
3.09277433341409318e-09
3.03999150075012091e-09
2.27595995243289995e-07
2.13652699309490441e-07
5.38474213317003294e-10
2.14224245669103077e-07
1.03215787742387373e-09
2.14920612627732244e-07
1.3580620883621168e-09
2.15705691462815682e-07
1.56802319522584512e-09
2.16582685033456581e-07
1.74589989888130409e-09
2.17542653350999908e-07
1.90337928400881772e-09
2.18557899599302434e-07
2.00900639785173871e-09
2.19602388699210863e-07
2.06159780635673258e-09
2.2066438400786032e-07
2.08902252341433227e-09
2.21738220310625352e-07
2.10852472715047307e-09
2.22815423756056658e-07
2.11630774300303162e-09
2.23886215953245965e-07
2.10668532131641961e-09
2.24943863502850571e-07
2.08291899872826292e-09
2.25984640527293745e-07
2.05199681322105578e-09
2.01792448920251511e-09
2.27006707029566279e-07
2.13540061391979612e-07
2.91885775022928319e-10
2.14053539810369564e-07
5.18678925193797747e-10
2.14747387511833222e-07
6.64213808865767607e-10
2.15555553792552206e-07
7.59856275336903686e-10
2.16455229735405359e-07
8.46223293724198391e-10
2.1743259260991477e-07
9.2601602032953286e-10
2.18457518909418944e-07
9.84079503835512654e-10
2.19501666610999946e-07
1.01745002266566079e-09
2.20553975506023855e-07
1.03671351365421796e-09
2.21612645627285095e-07
1.04985438042886039e-09
2.22672809777216462e-07
1.05614335085995461e-09
2.2372637268353751e-07
1.05312200561376235e-09
2.24766852868382872e-07
1.04243833634093556e-09
2.25790999977442599e-07
1.02784919873306812e-09
1.01179193932322485e-09
2.26797132001637968e-07
2.13582536028543421e-07
2.82054285154772606e-12
2.14098822538820481e-07
2.39188954309434482e-12
2.14762605889104516e-07
4.29863351857487646e-13
2.15522129703736738e-07
3.31806205206835136e-13
2.16368188344452555e-07
1.63807630613560534e-13
2.17294447598165185e-07
-2.43310546730000563e-13
2.18278359771229424e-07
1.67221662915132706e-13
2.19295260646185179e-07
5.4859003403879885e-13
2.20331529852733693e-07
4.43579550917817784e-13
2.21381583909037995e-07
-1.99662679965506156e-13
2.22437946454588725e-07
-2.19201767338167612e-13
2.23491054994493929e-07
1.30296064643669768e-14
2.24533270282114715e-07
2.22569804061525789e-13
2.25560818680943358e-07
3.00304496292389506e-13
1.1367875303853071e-13
2.26572496404312117e-07
2.13588861021066126e-07
-2.92569727342411267e-10
2.14109662465778992e-07
-5.1840992904267324e-10
2.14773635708200688e-07
-6.63543680269025626e-10
2.15533156938741454e-07
-7.59189647480148464e-10
2.16378916474532945e-07
-8.45595773444635392e-10
2.17304059600288491e-07
-9.25387245084174082e-10
2.18287805203440648e-07
-9.83579219983509191e-10
2.19305499204701474e-07
-1.01714592072739923e-09
2.20342234818195556e-07
-1.03629234095032261e-09
2.21391281574410378e-07
-1.04924738107297483e-09
2.22446506750116802e-07
-1.05544533817775692e-09
2.23498979977770933e-07
-1.05246072845014482e-09
2.24541044566102082e-07
-1.0418424790212289e-09
2.25568547459769825e-07
-1.02720303157113671e-09
-1.01100690269169498e-09
2.2657966763355054e-07
2.13540505180419815e-07
-5.39601877835253631e-10
2.14055080373243393e-07
-1.03298549213837142e-09
2.14749403302645658e-07
-1.3578669380021967e-09
2.15558104614068377e-07
-1.5678912441917119e-09
2.16458167916090262e-07
-1.74565933810428288e-09
2.17435635052270021e-07
-1.90285493998844468e-09
2.18460720742141499e-07
-2.00866524769064779e-09
2.19504929556772477e-07
-2.06135552395902031e-09
2.2055734919860485e-07
-2.08871277256812495e-09
2.21616012777906332e-07
-2.10791169996218682e-09
2.22676209993145117e-07
-2.11564326047561809e-09
2.23729758506712369e-07
-2.1060097840827047e-09
2.24770188292964808e-07
-2.08227275723251421e-09
2.25794301805537568e-07
-2.05131701306545817e-09
-2.01707257070973091e-09
2.26800367026378327e-07
2.1365210180601835e-07
-8.98230425507731567e-10
2.14223334619147963e-07
-1.60421868402297014e-09
2.14919954714274363e-07
-2.05448739580401675e-09
2.1570503531241895e-07
-2.35297220619853941e-09
2.16582112676876425e-07
-2.62273710033679847e-09
2.1754236464541801e-07
-2.8631074759556985e-09
2.18557722974750893e-07
-3.02402442389255553e-09
2.1960223669912897e-07
-3.10586923749489269e-09
2.20664258031304067e-07
-3.15073401747281812e-09
2.21738268183679772e-07
-3.18192229037022637e-09
2.22815620192292837e-07
-3.19299582288373114e-09
2.23886522128192651e-07
-3.17691223792310871e-09
2.24944211491225247e-07
-3.13996260994203348e-09
2.25984971921309844e-07
-3.09207791633585849e-09
-3.03909986456886654e-09
2.27006998752171909e-07
2.13638676946102464e-07
-1.24342817027145031e-09
2.14311687069761551e-07
-2.27722919276211479e-09
2.15123338805837601e-07
-2.86613951500901317e-09
2.16009421790199661e-07
-3.23905558383010922e-09
2.16982787251372459e-07
-3.59610298818598413e-09
2.1802684223687187e-07
-3.90716296374545348e-09
2.19096936377514828e-07
-4.09411911127093725e-09
2.20170853806699345e-07
-4.1797868960006189e-09
2.21250023856402617e-07
-4.22990424204531399e-09
2.22334934660394701e-07
-4.26683347394610791e-09
2.23417693697337576e-07
-4.27575533348595232e-09
2.24489635699667657e-07
-4.24885472350439223e-09
2.25545725881125423e-07
-4.1960532681108999e-09
2.26582494419336871e-07
-4.12884692329004037e-09
-4.05256033848164772e-09
2.27595954429574758e-07
2.13844966630879565e-07
-1.79491401256816381e-09
2.14599752712542594e-07
-3.03201566789235536e-09
2.1541547829646353e-07
-3.68186549510972811e-09
2.16300707154983254e-07
-4.12428484801888015e-09
2.17289900303325824e-07
-4.58529656402901422e-09
2.18358642458819406e-07
-4.97590557629486881e-09
2.19458546020844608e-07
-5.19402312274733199e-09
2.2056826841287222e-07
-5.28950961207150467e-09
2.21687935308717988e-07
-5.3495714325761127e-09
2.22812443590898829e-07
-5.39134213484176471e-09
2.23930171462978818e-07
-5.39348364522837906e-09
2.25032584105805533e-07
-5.35126782575216939e-09
2.26115202609182683e-07
-5.27867223550691992e-09
2.27173225921931691e-07
-5.186870698355338e-09
-5.08048544747567297e-09
2.28201150566827653e-07
2.13989605344671572e-07
-2.49102618639438879e-09
2.1505589266327293e-07
-4.0983033848606944e-09
2.16088665933334566e-07
-4.71463916816016833e-09
2.17131178402703548e-07
-5.16679772796643396e-09
2.18260807622024243e-07
-5.71492620560886261e-09
2.19422378453098741e-07
-6.13747683956468273e-09
2.20560441518844204e-07
-6.33208660776535027e-09
2.21681007959889245e-07
-6.41007641824232974e-09
2.22799453809873861e-07
-6.46801763408631664e-09
2.23910669441562685e-07
-6.50255815502743436e-09
2.25002608654251875e-07
-6.4854232836425695e-09
2.26069248204730309e-07
-6.4179078215968325e-09
2.27107485906570161e-07
-6.31691039073602297e-09
2.28110985595564346e-07
-6.19037084600797204e-09
-6.0375516457537678e-09
2.29068051333000915e-07
2.14358933625242971e-07
-3.55646425952614451e-09
2.15502590474615764e-07
-5.24196063540923933e-09
2.16531999316764586e-07
-5.74404841593902898e-09
2.17622899613674517e-07
-6.25769843657630574e-09
2.18816352512302307e-07
-6.90837952182251093e-09
2.20013233005193686e-07
-7.33435775187026405e-09
2.21160199425665274e-07
-7.47905343685301799e-09
2.22268636709126633e-07
-7.51851408820673545e-09
2.2334381953666869e-07
-7.54320084054061442e-09
2.2437331452792024e-07
-7.53205354313931163e-09
2.25348009851814839e-07
-7.46011902674076415e-09
2.26266917629937967e-07
-7.33681603686898659e-09
2.27128937458179661e-07
-7.1789306662325927e-09
2.27928359825950277e-07
-6.98979366617401517e-09
-6.76270340737880393e-09
2.28653511129040311e-07
2.15181486932561506e-07
-5.44442967998517176e-09
2.16856647990682758e-07
-6.91712209859876188e-09
2.18028352734349777e-07
-6.9157535679158773e-09
2.19117529288517186e-07
-7.34687540158629207e-09
2.20129024867143342e-07
-7.91987551533119622e-09
2.20946845235734874e-07
-8.15217853502787439e-09
2.2159784271649525e-07
-8.13005132306700389e-09
2.22136182176880355e-07
-8.0568539423530043e-09
2.225689779340662e-07
-7.97599699035752131e-09
2.22888201406618449e-07
-7.85127741829560498e-09
2.23099939732280599e-07
-7.67185777204510378e-09
2.2321727368422762e-07
-7.45415041914103886e-09
2.23249423627332971e-07
-7.21108105075158644e-09
2.23200782978252292e-07
-6.94115346617296919e-09
-6.62995191434975972e-09
2.23068031030165175e-07
2.14976175363244817e-07
-7.12708139404648685e-09
2.15679687669279522e-07
-7.62063481170606508e-09
2.15653648096257486e-07
-6.88971440393479885e-09
2.15407740318115402e-07
-7.10096803444368647e-09
2.14772290124010076e-07
-7.28442573260692054e-09
2.13772649840870215e-07
-7.15253866111922544e-09
2.12519698254593265e-07
-6.87710014192967668e-09
2.1107437638477164e-07
-6.61153247197729611e-09
2.09459090208458281e-07
-6.36071121296517063e-09
2.07702903173490171e-07
-6.09509078916894352e-09
2.05844350262130306e-07
-5.81330527825021741e-09
2.03915091727718029e-07
-5.52489231386978592e-09
2.01938577094087381e-07
-5.23456685631190204e-09
1.99937643945708582e-07
-4.94022076427638459e-09
-4.63628406725522383e-09
1.97943975646591128e-07
2.06166504326479846e-07
1.98545869108227131e-07
1.91656154296321674e-07
1.84555185852041331e-07
1.77270759709463466e-07
1.70118220640809798e-07
1.63241120095430316e-07
1.56629587224814539e-07
1.50268875612808859e-07
1.44173784417939915e-07
1.38360478724969401e-07
1.32835585986533784e-07
1.27601018695656928e-07
1.22660797489631783e-07
1.18024512973306412e-07
1.1447810573360503e-07
3.54537614849679406e-09
1.110755496063506e-07
3.40255572103553815e-09
1.07824038549568177e-07
3.2515106514338426e-09
1.04731401883692611e-07
3.09263626051098759e-09
1.01794562854511287e-07
2.93683862415210052e-09
9.90068701188791544e-08
2.78769233109415373e-09
9.63636607911496567e-08
2.64320892470440461e-09
9.38613259313320321e-08
2.50233445798402229e-09
9.14953697608438259e-08
2.36595576973944756e-09
8.92603051092432036e-08
2.23506425238336754e-09
8.71504725593536926e-08
2.10983215279578424e-09
8.51604380633561754e-08
1.99003410092472637e-09
8.32847903836701779e-08
1.87564728810870442e-09
8.1517962922280241e-08
1.76682707020721884e-09
7.9854326236636719e-08
1.66363629141191363e-09
7.82883509882053792e-08
1.56597483901929009e-09
7.68146626056769785e-08
1.47368792161946511e-09
7.54280154378398871e-08
1.38664656132269214e-09
7.41232838827437924e-08
1.30473057805580193e-09
7.28954927518807632e-08
1.22778931788875883e-09
7.17398514577580134e-08
1.15563779665995333e-09
7.06517674599870039e-08
1.08807722833050436e-09
6.96268450577921834e-08
1.0249092781705805e-09
6.86608844035653914e-08
9.65935508596458064e-10
6.77498837353499263e-08
9.10953282571862799e-10
6.68900392862589217e-08
8.59756796253671761e-10
6.60777384673257525e-08
8.12141828146334708e-10
6.5309546485679376e-08
7.67909376709766605e-10
6.45821874897419751e-08
7.26866921715873502e-10
6.38925196188636099e-08
6.88828797294974142e-10
6.32375019366195093e-08
6.53616935105327449e-10
6.26141515699250325e-08
6.21061753462269675e-10
6.20194909460885387e-08
5.91002288205960118e-10
6.14504876148575015e-08
5.63284634169361578e-10
6.09039942883687988e-08
5.3775632987215324e-10
6.03766942974604749e-08
5.14245080982618873e-10
5.98649311318469134e-08
4.92512402322573159e-10
5.93670609932980779e-08
4.72445395582162909e-10
5.88810449145510589e-08
4.53854396340546555e-10
5.84040203822178052e-08
4.36388540955961198e-10
5.79368910715931235e-08
4.20455146903666428e-10
5.7476762660640736e-08
4.05457464886056742e-10
5.70232000393957585e-08
3.91043125738339646e-10
5.65767960299881746e-08
3.77129357434476492e-10
5.61378756858709921e-08
3.6378929336967153e-10
5.57080173140391729e-08
3.50622570346377898e-10
5.52881635399255094e-08
3.374731242615164e-10
5.48799572692174069e-08
3.24969692794082396e-10
5.44850663667203824e-08
3.12209011398540819e-10
5.4103504451825175e-08
2.99165861704634652e-10
5.37371614935768733e-08
2.86149097977412048e-10
5.33858263430220226e-08
2.73448698452181004e-10
5.30507597586471592e-08
2.59846055759041393e-10
5.27328870105629708e-08
2.45526553947621107e-10
5.24315689584399322e-08
2.31110089326350291e-10
5.21447381335379707e-08
2.18283261134767558e-10
5.18597421781177803e-08
2.18018828855148141e-10
5.15404584337021944e-08
2.54022207352835706e-10
5.11258431058652253e-08
3.5148458665247718e-10
5.06418718169096562e-08
4.22010667312572918e-10
5.04921230569064288e-08
8.45184189515061047e-11
5.0697203615617831e-08
-2.78032065438479672e-10
5.10233999513575132e-08
-4.0520023047267261e-10
5.14392106587554521e-08
-4.98726157744832835e-10
5.16325526628435609e-08
-2.69875919223094313e-10
5.12175103336061349e-08
3.46798146369460308e-10
5.05893727328522542e-08
5.55776013672958744e-10
4.99916296735329779e-08
5.29268134618849482e-10
4.94757961151724995e-08
4.50179793621156721e-10
4.90898292395698621e-08
3.21767881883941878e-10
4.88339565749520398e-08
1.9268342995377958e-10
4.86659858830495416e-08
1.06664941906932843e-10
4.84506162825691968e-08
1.56021305468914206e-10
4.80355748559667864e-08
3.54136791336467805e-10
3.0646083621446057e-10
1.96340155704112763e-07
5.14805931423971974e-09
1.94710081384536921e-07
5.03262963512264023e-09
1.93067492370360394e-07
4.89409925879472826e-09
1.91434694394965503e-07
4.72543383145852186e-09
1.89819782426334888e-07
4.55175018781988437e-09
1.88222190701109053e-07
4.38528365270642113e-09
1.86643003890569829e-07
4.22239533218887572e-09
1.85086692541213994e-07
4.05864540563316741e-09
1.8355735124787552e-07
3.89529666287473179e-09
1.82056934941232513e-07
3.73548016116552467e-09
1.80586275396844854e-07
3.5804913007972614e-09
1.79146196804867122e-07
3.43011229914334629e-09
1.77737623612979912e-07
3.28422008822929897e-09
1.76361205200939908e-07
3.14324509230426393e-09
1.75017169244133307e-07
3.00767186220370576e-09
1.73705459240940431e-07
2.87768445686781438e-09
1.72425882689348666e-07
2.75326408846239272e-09
1.71178141525385958e-07
2.63438733597165583e-09
1.69961810966932416e-07
2.52106072551509054e-09
1.68776339467041223e-07
2.41326035531160641e-09
1.67621079719822268e-07
2.31089696561152261e-09
1.66495319937423911e-07
2.21383621135765128e-09
1.65398298196825025e-07
2.12192978785113162e-09
1.64329208957099613e-07
2.03502269552802659e-09
1.63287211184345335e-07
1.95294747727648292e-09
1.62271438356822646e-07
1.87552327599180275e-09
1.61281006497722564e-07
1.80256241189014555e-09
1.60315018562843999e-07
1.73387744353792591e-09
1.59372566193161491e-07
1.66928472802863838e-09
1.58452729963248401e-07
1.60860582787677267e-09
1.57554578188669166e-07
1.5516690292751438e-09
1.56677163967761536e-07
1.49831114132566041e-09
1.55819520706130189e-07
1.44837804473703659e-09
1.54980657171967517e-07
1.4017223475828088e-09
1.54159552415131392e-07
1.35819645054857091e-09
1.5335514029897541e-07
1.31764029282440392e-09
1.52566255833773166e-07
1.27987773926182174e-09
1.51791791792349635e-07
1.24474198828064922e-09
1.51030800312926065e-07
1.2120022980561432e-09
1.50281673366722068e-07
1.18136326710372121e-09
1.49543594252743132e-07
1.15257277355694779e-09
1.4881611437457273e-07
1.1256927687173967e-09
1.480980571343601e-07
1.1002003760820241e-09
1.47388503954807481e-07
1.07584476004911487e-09
1.46686342596524161e-07
1.05217112997394605e-09
1.45993647932184528e-07
1.02906653611352926e-09
1.45307468453718753e-07
1.00655675056986466e-09
1.44625488253811341e-07
9.83589511406590441e-10
1.43956177263770482e-07
9.60745702799756038e-10
1.43294421533907106e-07
9.37838826701377114e-10
1.42635993611697133e-07
9.15264456533374888e-10
1.41986663771406995e-07
8.9285488089269683e-10
1.41348825768307724e-07
8.72130507749171205e-10
1.40707840599232314e-07
8.54227347189844471e-10
1.40055997469495311e-07
8.42104384164434888e-10
1.39402010031439748e-07
8.41422551784320462e-10
1.38728599936534444e-07
8.61157455134363897e-10
1.38026530955136386e-07
9.12251886349640863e-10
1.37364776445079624e-07
9.66270197015260079e-10
1.37044058221834241e-07
7.08976874108646925e-10
1.36801856806068227e-07
2.89229549791775225e-10
1.3635779559262547e-07
1.20376508680941907e-10
1.35824416228394877e-07
8.51118221501383435e-11
1.35126432170822002e-07
1.62510573562198891e-10
1.34117013333102857e-07
6.99229286917032525e-10
1.33362095655695749e-07
1.05036069629967773e-09
1.32852936998806598e-07
1.00168804614893501e-09
1.32380861887218465e-07
9.31660908902292643e-10
1.31948496446521264e-07
8.27113224910268011e-10
1.31498078295711612e-07
7.37757345833525921e-10
1.30959430931962902e-07
6.9026930612540677e-10
1.30318339533747543e-07
6.94704495249018748e-10
1.29663585057166934e-07
7.38143789180952564e-10
1.29294144454812765e-07
6.68255296155700413e-10
3.74659336393747387e-10
2.22924844760963451e-07
5.29041742008566789e-09
2.22745611367579682e-07
5.21186262416882435e-09
2.22524243515055717e-07
5.11546670578204842e-09
2.2226425850179372e-07
4.9854184403970798e-09
2.21972494699089262e-07
4.84351358596758387e-09
2.21652233469666776e-07
4.70554447879058581e-09
2.21305145772680109e-07
4.56948262619524438e-09
2.20933878928986818e-07
4.42991184854740118e-09
2.20541662269339598e-07
4.28751292189202262e-09
2.20131136035676251e-07
4.14600599654350401e-09
2.19704344238323172e-07
4.00728270283504479e-09
2.19263186063583543e-07
3.87127008028191882e-09
2.18809614531878525e-07
3.73779122920622432e-09
2.18345491611410267e-07
3.60736762337972005e-09
2.17872444821015936e-07
3.48071826637881865e-09
2.17391884342445383e-07
3.35824455260444969e-09
2.16905084137914787e-07
3.24006391353563207e-09
2.16413216052256251e-07
3.12625504492478743e-09
2.15917333669649164e-07
3.01694273327209788e-09
2.15418362835160556e-07
2.91223081497533719e-09
2.14917114268670494e-07
2.81214515179408212e-09
2.1441430193432984e-07
2.71664815175534835e-09
2.13910554528770732e-07
2.62567676905696184e-09
2.1340642005305596e-07
2.5391566847465086e-09
2.12902370378099548e-07
2.45699654623488833e-09
2.12398808237618272e-07
2.37908459317255363e-09
2.11896074611709179e-07
2.30529481955509716e-09
2.11394454679492821e-07
2.23549546800156004e-09
2.10894182595775983e-07
2.16955371859805692e-09
2.10395446188480265e-07
2.10733714319046081e-09
2.09898391985021424e-07
2.04871483548401127e-09
2.09403130535589925e-07
1.99355883005617657e-09
2.08909741963872377e-07
1.94174432330691772e-09
2.08418281619969878e-07
1.8931470972407353e-09
2.07928784628429697e-07
1.84763755148901329e-09
2.07441265857066654e-07
1.80507290265192424e-09
2.06955718555958095e-07
1.76529477165236665e-09
2.06472134585237967e-07
1.72813266216339759e-09
2.05990475225539763e-07
1.69337579181940864e-09
2.05510655780549635e-07
1.66079722426253544e-09
2.05032573282647794e-07
1.63013644067092866e-09
2.04556311538041269e-07
1.60116754697606592e-09
2.04081684820220152e-07
1.57360085941168571e-09
2.03609267449944189e-07
1.54715794400584461e-09
2.03138631257277167e-07
1.52139656115476184e-09
2.02669651156079034e-07
1.49611649774731683e-09
2.02202893603196762e-07
1.47080400598847223e-09
2.01738299539353367e-07
1.44519170820615856e-09
2.01276206231157291e-07
1.41915353969402719e-09
2.00817303404252302e-07
1.39264353510219774e-09
2.00363127938975558e-07
1.36540326972318003e-09
1.99913495458456947e-07
1.33714182102639304e-09
1.99469514814216359e-07
1.30862199757020037e-09
1.99036949007304082e-07
1.28135028546759822e-09
1.98615122626667189e-07
1.25653241197692794e-09
1.9820967150738467e-07
1.23716139699731424e-09
1.97838812396317592e-07
1.22418719473547995e-09
1.97529285144726931e-07
1.21168674396255965e-09
1.97297961021959424e-07
1.1838674367726065e-09
1.96865052172738936e-07
1.13197899602084823e-09
1.96144056064764672e-07
1.00211301766196115e-09
1.95397538376192166e-07
8.56289463839360592e-10
1.94625358578972443e-07
8.47929993486501601e-10
1.93916032042961178e-07
8.6003233525514183e-10
1.93634956246459482e-07
9.64894851836983741e-10
1.93512415787358883e-07
1.15175719574341201e-09
1.93290888986309381e-07
1.20633505833680274e-09
1.92990840023463196e-07
1.21151062945974642e-09
1.92613702542771286e-07
1.17921705270429194e-09
1.92209935797038814e-07
1.12241353298540243e-09
1.91802704232500961e-07
1.07937797459369118e-09
1.91388527201722404e-07
1.0826848642398879e-09
1.91002584455620458e-07
1.09548923306289201e-09
1.90693522586374003e-07
9.57376790327732295e-10
6.75692522148749631e-10
2.29195970384831056e-07
4.74744501206813814e-09
2.29721106629788912e-07
4.68672597366125364e-09
2.3021690809775635e-07
4.61966483298090618e-09
2.30675848156840166e-07
4.52647797689665653e-09
2.31099948731674466e-07
4.41941260797536584e-09
2.3149233562779045e-07
4.31315718053012214e-09
2.3185335982193336e-07
4.20845802942093581e-09
2.32182829737411502e-07
4.10044153276685044e-09
2.32481775334576884e-07
3.988566926567053e-09
2.3275189099551686e-07
3.87588993766945593e-09
2.3299464795999786e-07
3.76452534296509296e-09
2.33211281790833605e-07
3.65463585570921468e-09
2.33403054037125983e-07
3.54601859159349298e-09
2.3357131558415815e-07
3.43910568772876362e-09
2.33717401050180614e-07
3.33463241507385296e-09
2.33842558776638179e-07
3.23308644313881078e-09
2.33947975103146365e-07
3.13464720820884617e-09
2.34034805820784665e-07
3.03942395170570459e-09
2.34104171270938207e-07
2.94757691042508476e-09
2.34157138808139068e-07
2.85926290958130914e-09
2.34194716355921725e-07
2.77456723925865341e-09
2.34217856138936267e-07
2.6935080062418982e-09
2.34227458206472292e-07
2.61607434178182887e-09
2.34224369646463865e-07
2.54224488515845125e-09
2.34209383005772492e-07
2.47198282182722473e-09
2.34183236963825406e-07
2.4052302577474535e-09
2.34146618790408295e-07
2.34191259146440001e-09
2.34100166930815522e-07
2.28194687913278811e-09
2.34044473342492872e-07
2.22524677531092577e-09
2.33980086176733903e-07
2.17172363155536742e-09
2.33907513284848828e-07
2.12128680953117169e-09
2.33827226434177461e-07
2.07384436422783791e-09
2.33739665870752996e-07
2.02930293000571461e-09
2.33645244605191313e-07
1.98756539446169387e-09
2.33544351324417317e-07
1.9485262955302867e-09
2.33437350762872018e-07
1.91206654572004564e-09
2.33324584743721298e-07
1.87805031947117012e-09
2.3320637760270613e-07
1.8463241485888954e-09
2.3308302150701446e-07
1.81670883826083542e-09
2.32954788654256701e-07
1.78899702380286948e-09
2.32821928549520984e-07
1.76295225792960491e-09
2.32684692624673262e-07
1.73833145906336543e-09
2.32543309063854561e-07
1.71488114205070946e-09
2.32398049192156922e-07
1.69227980164962707e-09
2.3224909607358716e-07
1.67020699596531349e-09
2.32096661613922629e-07
1.64834139011682262e-09
2.31940849373971988e-07
1.62631432973944431e-09
2.31781851911187136e-07
1.60383912756148021e-09
2.31619912778470981e-07
1.58066814981589287e-09
2.31455398088473642e-07
1.55661953406927048e-09
2.31288517411859019e-07
1.53159672704562836e-09
2.31118935345350098e-07
1.5059505533721328e-09
2.30945622447951509e-07
1.48089605455322013e-09
2.30767506714106955e-07
1.45865392395793041e-09
2.30580821413054695e-07
1.44212780997281432e-09
2.30382505401269428e-07
1.4339148826935326e-09
2.30172404267376473e-07
1.43270054834444701e-09
2.29958325728650869e-07
1.42366629401547624e-09
2.29776224045190502e-07
1.3641254781921627e-09
2.29704284568193937e-07
1.20176711543544126e-09
2.29687789032601597e-07
1.01577294474246754e-09
2.29596884339500537e-07
9.45025806072833836e-10
2.29500768573126358e-07
9.41370171719480977e-10
2.29270386669726702e-07
1.08702047122138559e-09
2.28932352741876356e-07
1.29999434633133334e-09
2.28631940397891397e-07
1.44842325388008634e-09
2.2836394779636501e-07
1.46940858328671001e-09
2.28124952826698463e-07
1.44595169538103078e-09
2.27921447426140608e-07
1.377321028372798e-09
2.27718058268958795e-07
1.32008053430165035e-09
2.27527984690232927e-07
1.26411017145546919e-09
2.27406225873129781e-07
1.1982372767041318e-09
2.27395102856517366e-07
1.09850787851016586e-09
2.27405175471363873e-07
9.41176421157359915e-10
7.30647093895090435e-10
2.29815400986940495e-07
3.99979156243237569e-09
2.30552544729015026e-07
3.94958182714485047e-09
2.31276971297759597e-07
3.89523785995330138e-09
2.31978639083696228e-07
3.82480978635196501e-09
2.32654704707809344e-07
3.74334658024152843e-09
2.33306969508554749e-07
3.66089197816355553e-09
2.33935922470904148e-07
3.57950466751510251e-09
2.34540516275872252e-07
3.49584732780259261e-09
2.35120359962641439e-07
3.40872284235556639e-09
2.35676021958811063e-07
3.32022754529160675e-09
2.36208149648226775e-07
3.23239725861913893e-09
2.36717145954000832e-07
3.14563915817462238e-09
2.37203413340454913e-07
3.0597508143419492e-09
2.37667543225820166e-07
2.97497541537749746e-09
2.38110260943127375e-07
2.89191431282390338e-09
2.38532298401941675e-07
2.81104860209786951e-09
2.38934389778383914e-07
2.73255545281321078e-09
2.39317289634151506e-07
2.65652372065438948e-09
2.39681775826729799e-07
2.58309034663907225e-09
2.40028632309535406e-07
2.51240605959527235e-09
2.40358632104655027e-07
2.44456708132196137e-09
2.40672531327245958e-07
2.37960842336405815e-09
2.4097106851702947e-07
2.31753679796934817e-09
2.4125496216925552e-07
2.25835088193405328e-09
2.41524906443496886e-07
2.20203820138759405e-09
2.41781568056158293e-07
2.14856830056745296e-09
2.42025585317136894e-07
2.09789498845549516e-09
2.42257568182373465e-07
2.04996367243135951e-09
2.42478098529179513e-07
2.00471608447421496e-09
2.42687730718951807e-07
1.96209109010660279e-09
2.42886992880292034e-07
1.92202428139355819e-09
2.43076388771034878e-07
1.88444807806623554e-09
2.43256399635843423e-07
1.84929162514110588e-09
2.43427485365705561e-07
1.81647914824572431e-09
2.43590084258108793e-07
1.78592676767827725e-09
2.43744611071932561e-07
1.75753891148681829e-09
2.43891454421064977e-07
1.73120586917527887e-09
2.44030974852502115e-07
1.70680219828727831e-09
2.4416349913681935e-07
1.68418241960809495e-09
2.44289318171109748e-07
1.66317496594873237e-09
2.44408686992466335e-07
1.64357914231048039e-09
2.44521840629111301e-07
1.62517169081094984e-09
2.44629007187950244e-07
1.60770582600683549e-09
2.44730380221061356e-07
1.59089373504389213e-09
2.44826140216496198e-07
1.57443487771129913e-09
2.44916446898645812e-07
1.55801194184466244e-09
2.45001428818628044e-07
1.54129711299522554e-09
2.45081297195022733e-07
1.52393314956457657e-09
2.45156412570964277e-07
1.50551018122761263e-09
2.45227437928046831e-07
1.48553323572680305e-09
2.4529551885613961e-07
1.46342494458279916e-09
2.45362732959552042e-07
1.43864778348174695e-09
2.45432459201325618e-07
1.41106052497143688e-09
2.45509614362624448e-07
1.38137367716991859e-09
2.45600210933674038e-07
1.35136678624947938e-09
2.45710486076911079e-07
1.32339695003580499e-09
2.45844045300337388e-07
1.29893280012478644e-09
2.45990158123455461e-07
1.27728311328122361e-09
2.46096132395666518e-07
1.25779346810881614e-09
2.46060144193046711e-07
1.23744990377011498e-09
2.45875150357385076e-07
1.20030443462406139e-09
2.4566439751234906e-07
1.15537964565156579e-09
2.45417911069152275e-07
1.18740737814006501e-09
2.4531618305720707e-07
1.1881278391889916e-09
2.45398442197924098e-07
1.21713050962986988e-09
2.45575609922389034e-07
1.27047249777329889e-09
2.45748506835345078e-07
1.2955638260068368e-09
2.45904458688112649e-07
1.28903639403268827e-09
2.46019572687662915e-07
1.26110283179451841e-09
2.46103952451713409e-07
1.23463089597224189e-09
2.46171174638341562e-07
1.19566075690006854e-09
2.46215178579143129e-07
1.15288161227843011e-09
2.46223890038263833e-07
1.088145140383219e-09
2.46197462476910968e-07
9.66196012257080839e-10
8.07513963927391817e-10
2.29004978063514452e-07
3.19585269386907866e-09
2.29801535715158986e-07
3.1530237704947396e-09
2.30587344970144001e-07
3.10942820108335465e-09
2.31355767059526589e-07
3.05638729413058817e-09
2.32104027332080052e-07
2.99508590554519691e-09
2.32833223356955956e-07
2.93169555310459118e-09
2.33544021242608858e-07
2.86870638334371686e-09
2.34235499284503084e-07
2.8043688876226756e-09
2.34906794415425106e-07
2.73742731548249265e-09
2.35557849729363586e-07
2.66917183670497e-09
2.36188989791422493e-07
2.60125680306481086e-09
2.36800439681802846e-07
2.53418887618814896e-09
2.3739237331825724e-07
2.46781678954975136e-09
2.37965102712701807e-07
2.40224563360197227e-09
2.38519086360856749e-07
2.33793028097220897e-09
2.39054852498405606e-07
2.27528208284478806e-09
2.39572932602550931e-07
2.21447496953152597e-09
2.40073877389693853e-07
2.15557855891200883e-09
2.40558268800677212e-07
2.09869856503393707e-09
2.41026709405862727e-07
2.04396508621995476e-09
2.41479806736740787e-07
1.99146938786120326e-09
2.41918165602875488e-07
1.94124919850848649e-09
2.42342387634614992e-07
1.89331441021699837e-09
2.42753070006611349e-07
1.84766815942183918e-09
2.43150801135317322e-07
1.80430672648934359e-09
2.43536156264611612e-07
1.76321282947350176e-09
2.43909694945353269e-07
1.72435597053990768e-09
2.44271959905789362e-07
1.68769837690778804e-09
2.44623476272603564e-07
1.6531993862430228e-09
2.44964750976071233e-07
1.62081605909496186e-09
2.45296272688039181e-07
1.59050224177109222e-09
2.45618512273266594e-07
1.5622081655077089e-09
2.45931923212918533e-07
1.53588035667205555e-09
2.46236941386211959e-07
1.51146064168134264e-09
2.46533983798024806e-07
1.48888401295005674e-09
2.46823445977781945e-07
1.46807637447890066e-09
2.47105698278719162e-07
1.44895318828678693e-09
2.47381081555278152e-07
1.43141850705253771e-09
2.47649901357154813e-07
1.41536215185330749e-09
2.47912422152572126e-07
1.40065362948100761e-09
2.48168865971637519e-07
1.38713467510463482e-09
2.48419422146927994e-07
1.37461471185699583e-09
2.48664256543590314e-07
1.36287039816664598e-09
2.48903500592917401e-07
1.35164823823961366e-09
2.49137253665728623e-07
1.34068020907813106e-09
2.49365570104772615e-07
1.32969307054703089e-09
2.49588461893751026e-07
1.31840148146196469e-09
2.49805924978056314e-07
1.30646594632838482e-09
2.50017996162310618e-07
1.29343483800432979e-09
2.50224857943790437e-07
1.2786647676743674e-09
2.50426976538332572e-07
1.26129623684872205e-09
2.50625185518728025e-07
1.24043166946883737e-09
2.50820480102584596e-07
1.21575407040971496e-09
2.51013305272426648e-07
1.18853106473238362e-09
2.51202348342553273e-07
1.16230280705400154e-09
2.51383680783730231e-07
1.14203630498935511e-09
2.51552134491099761e-07
1.13045508989584627e-09
2.5170645665205494e-07
1.12292367772635113e-09
2.51856764763476794e-07
1.10743640904446783e-09
2.52037200427534672e-07
1.05697097205861421e-09
2.52249097545362857e-07
9.88346742556202083e-10
2.52451685197378461e-07
9.52727378763631532e-10
2.52702199288852386e-07
9.36823668316125683e-10
2.52907358167506434e-07
9.82874309837409283e-10
2.53041560965026902e-07
1.08281772301295303e-09
2.53156828816388466e-07
1.15508152187583786e-09
2.5327037056589801e-07
1.18188574881810473e-09
2.53384492014038405e-07
1.17474775477563691e-09
2.5349669764664578e-07
1.14869448814284101e-09
2.53618457687847218e-07
1.11268099056055796e-09
2.53758090787609269e-07
1.05582715362116468e-09
2.53926172188610079e-07
9.84548050441709355e-10
2.54121768399943662e-07
8.92235194888310673e-10
2.54304848743539237e-07
7.82835136174978728e-10
6.64190457115990582e-10
2.28395645309152611e-07
2.39620222157226192e-09
2.29184864068243784e-07
2.36380460510338701e-09
2.29964892514370723e-07
2.32939935179657512e-09
2.30731517410663092e-07
2.28976199527796376e-09
2.31481793585575871e-07
2.24480932796165899e-09
2.32215675341130825e-07
2.19781339800923696e-09
2.32933574024546568e-07
2.15080730090016721e-09
2.33634852113614441e-07
2.1030904017244091e-09
2.34318551245880385e-07
2.05372778817016728e-09
2.34984409901213578e-07
2.00331278709975506e-09
2.35632648886331435e-07
1.95301742626496094e-09
2.36263482771794032e-07
1.90335460050320898e-09
2.36877036421812543e-07
1.85426275019729831e-09
2.37473507426636266e-07
1.80577424331558797e-09
2.38053234761800094e-07
1.75820256163594551e-09
2.38616641925227316e-07
1.71187453816554332e-09
2.39164172330595714e-07
1.66694418611212548e-09
2.39696290865067706e-07
1.62345965060637983e-09
2.40213490017647467e-07
1.58149904114903476e-09
2.40716293482623862e-07
1.54116125427629347e-09
2.41205242961931351e-07
1.50251954655745747e-09
2.41680884419927391e-07
1.46560738205854026e-09
2.42143765848197745e-07
1.43043262707658461e-09
2.42594435239646795e-07
1.39699841821391608e-09
2.43033436160549533e-07
1.3653054602627365e-09
2.43461303108089927e-07
1.33534554010141661e-09
2.43878558480151632e-07
1.30710026053839913e-09
2.44285711061855883e-07
1.28054546279921386e-09
2.44683255066971077e-07
1.25565505084324307e-09
2.45071669289719337e-07
1.23240150924137892e-09
2.45451416757054668e-07
1.21075445015290491e-09
2.45822944831744796e-07
1.19067976837488424e-09
2.46186685137604104e-07
1.17213973027675383e-09
2.46543052901425899e-07
1.1550925581810435e-09
2.46892445458876219e-07
1.13949113498760837e-09
2.47235239542404083e-07
1.12528196887962703e-09
2.47571787041277408e-07
1.1124053642942702e-09
2.47902408798323037e-07
1.100796419689314e-09
2.48227385856274325e-07
1.09038475610313478e-09
2.48546949735284402e-07
1.08108940251196994e-09
2.48861278886391442e-07
1.07280516320670491e-09
2.49170509894697232e-07
1.06538332526845808e-09
2.49474752046694864e-07
1.05862784493288681e-09
2.49774090436215621e-07
1.05230941655352236e-09
2.50068581107239668e-07
1.0461890619551111e-09
2.50358234631275206e-07
1.04003901461360751e-09
2.5064299823600471e-07
1.03363726818124469e-09
2.50922751821469387e-07
1.02671167120908148e-09
2.51197365128680501e-07
1.01882072602000657e-09
2.51466878820622902e-07
1.00915010824212503e-09
2.51731925774927084e-07
9.96248120933506872e-10
2.51994525018320289e-07
9.77831177963962552e-10
2.52259212242692579e-07
9.51065137912433707e-10
2.52533717938085848e-07
9.14023020968311402e-10
2.52827422562912037e-07
8.68595387546055304e-10
2.53146500027720023e-07
8.22955191602417691e-10
2.53488584680511379e-07
7.88366553798694795e-10
2.5383369300486985e-07
7.77810388452691048e-10
2.54111378895673456e-07
8.29744275415779738e-10
2.54275961280283345e-07
8.92382482320814087e-10
2.54345267442683064e-07
9.19032257341108174e-10
2.54396450757067978e-07
9.01538266265151029e-10
2.54465332297217809e-07
8.67934058254130898e-10
2.54588622878531862e-07
8.5957145677271436e-10
2.54833717861551459e-07
8.37707137711388604e-10
2.55143810310457107e-07
8.44970120107448224e-10
2.55466889853719202e-07
8.58787655979335405e-10
2.55781369422941465e-07
8.60243199584458691e-10
2.56080531998711846e-07
8.49498154000150257e-10
2.56376968396435861e-07
8.16215287137553699e-10
2.56649642109928449e-07
7.83125014160527366e-10
2.56889285395766212e-07
7.44864626603512237e-10
2.57084596379481367e-07
6.96873144129685065e-10
2.57227639126856518e-07
6.3974660384177629e-10
5.84239099728740969e-10
2.27810732652559988e-07
1.59217618820895107e-09
2.2860483792695603e-07
1.56969892408218328e-09
2.29387543257989532e-07
1.54669361732007022e-09
2.30156454756866891e-07
1.52085009553250836e-09
2.30909607177349507e-07
1.49165650716542157e-09
2.31646531587576091e-07
1.4608885895051686e-09
2.32367383841020567e-07
1.42995465163214485e-09
2.33071848353164579e-07
1.39862549600161382e-09
2.33759307348891042e-07
1.36626839986085973e-09
2.34429487840786378e-07
1.33313190298784804e-09
2.35082527590447602e-07
1.29997728614634442e-09
2.35718648339556333e-07
1.26723346104093141e-09
2.36338007132203824e-07
1.23490356960233243e-09
2.36940792073198937e-07
1.20298891638079711e-09
2.37527314759235316e-07
1.1716794927894764e-09
2.38097987416516009e-07
1.14120150012571926e-09
2.38653260201686383e-07
1.11167102403707229e-09
2.39193595783292425e-07
1.08312369477830515e-09
2.39719490735945881e-07
1.05560371894798423e-09
2.40231474354147203e-07
1.02917726932071349e-09
2.40730089791531607e-07
1.00390374606659589e-09
2.41215884420863974e-07
9.79812393526100601e-10
2.41689403616771693e-07
9.56913077309174878e-10
2.4215118892078215e-07
9.35212764103737535e-10
2.42601776809133198e-07
9.14717225817991117e-10
2.43041696133387992e-07
8.95425874150035015e-10
2.434714653900724e-07
8.77330665480727773e-10
2.43891591029395216e-07
8.60419489644560093e-10
2.44302566380783848e-07
8.44679368658907385e-10
2.44704870198403384e-07
8.30097363671719065e-10
2.45098966076011889e-07
8.16658248832131622e-10
2.45485302295284964e-07
8.04343227356522618e-10
2.45864311240614506e-07
7.93130465611413066e-10
2.46236408526839518e-07
7.8299495320301955e-10
2.46601991828370185e-07
7.73907515644258577e-10
2.46961438894632451e-07
7.65834583900390953e-10
2.47315104062252787e-07
7.58739876981393356e-10
2.47663311886357804e-07
7.52588273314995199e-10
2.48006345690551642e-07
7.47350626483224279e-10
2.48344430643062743e-07
7.43004121960744135e-10
2.48677722082764141e-07
7.39513390536547363e-10
2.49006323654718703e-07
7.36781414227010481e-10
2.49330312698583161e-07
7.34638456039240566e-10
2.49649756567998831e-07
7.32865194445799714e-10
2.49964710824696353e-07
7.31234446046850953e-10
2.50275187905961611e-07
7.2956156436490929e-10
2.50581098327563864e-07
7.27726468746889946e-10
2.50882182057780202e-07
7.25627550185396456e-10
2.51177968020406285e-07
7.23034353923079082e-10
2.51467825172192811e-07
7.19292516895485449e-10
2.5175123457745025e-07
7.12838241206292489e-10
2.52028476549802195e-07
7.0058868824098245e-10
2.52301812788787479e-07
6.77728288631355053e-10
2.52576393768499117e-07
6.39441292112339981e-10
2.52858467496257757e-07
5.86520799587390527e-10
2.53148612439539221e-07
5.32809330970991191e-10
2.53451362287805702e-07
4.85615722825209827e-10
2.53787617678590952e-07
4.41552787272431498e-10
2.54048414117639846e-07
5.6894661113556407e-10
2.54264936479987909e-07
6.7585955793783727e-10
2.54475254207994369e-07
7.08713733008104125e-10
2.54703574511818936e-07
6.73217237975357357e-10
2.54988839004917244e-07
5.82668295358104757e-10
2.55351445462054694e-07
4.96963212938509534e-10
2.55667552035079737e-07
5.21598069140312867e-10
2.55937506355533986e-07
5.75013200518977303e-10
2.56176312551674859e-07
6.19979147347888558e-10
2.5639280280649605e-07
6.43749716114809868e-10
2.56604563791398596e-07
6.37732623786847234e-10
2.56814024091370788e-07
6.06750818758585981e-10
2.57027106084986789e-07
5.70039458064044266e-10
2.57260745485064605e-07
5.11220415474900837e-10
2.57511725781222291e-07
4.4588565358401959e-10
2.57762572577092665e-07
3.88892761046965013e-10
3.48803391973698881e-10
2.27591391234047385e-07
7.97916535690642296e-10
2.28373963046144425e-07
7.87126700678332907e-10
2.29145317625764585e-07
7.75338635836118353e-10
2.29903946087124229e-07
7.62221232513138358e-10
2.30647996914881531e-07
7.47605279443718692e-10
2.31376768851338363e-07
7.3211625445215716e-10
2.32090196630403985e-07
7.16526480518426185e-10
2.32788028022299018e-07
7.00793712678766098e-10
2.33469692356102848e-07
6.84603675153191292e-10
2.3413476138123352e-07
6.68062488337588647e-10
2.34783193661615745e-07
6.51544615919619172e-10
2.3541514946773999e-07
6.35277267526948696e-10
2.36030788895047595e-07
6.19263755061753652e-10
2.3663028826862539e-07
6.03489158392851486e-10
2.37213928995792473e-07
5.88038382022994874e-10
2.37782101350268321e-07
5.73028765606656861e-10
2.38335245817881499e-07
5.58526180451741506e-10
2.38873817262718753e-07
5.44551876599657005e-10
2.39398293300949153e-07
5.3112731038324179e-10
2.39909184804041142e-07
5.1828539937217349e-10
2.40407012056714766e-07
5.06076130860278281e-10
2.40892306729194871e-07
4.94517362670863204e-10
2.41365601803323004e-07
4.83617649944790043e-10
2.41827428755091679e-07
4.73385462089011132e-10
2.42278318215799493e-07
4.63827418914498766e-10
2.42718796831606273e-07
4.54946916324469576e-10
2.43149382904164299e-07
4.46744255673403168e-10
2.43570583802234699e-07
4.3921825785449606e-10
2.43982894750519586e-07
4.32368090079988467e-10
2.44386795260148912e-07
4.26196527502864191e-10
2.44782749438091441e-07
4.2070374669681962e-10
2.45171205806722485e-07
4.15886538292155025e-10
2.45552596133517399e-07
4.11739818663926182e-10
2.4592733482070483e-07
4.08255948579054405e-10
2.46295818419597728e-07
4.05423598063254505e-10
2.46658424877522494e-07
4.0322780985054974e-10
2.4701551205088378e-07
4.016523858809114e-10
2.47367413484517361e-07
4.00686520822254541e-10
2.47714425715706309e-07
4.00338074124712622e-10
2.48056776969249231e-07
4.00652546171568649e-10
2.48394589436103105e-07
4.01700597561667858e-10
2.48727922264942705e-07
4.03448257821558274e-10
2.49056809603129492e-07
4.05750786362013833e-10
2.49381304335236416e-07
4.08370129126885911e-10
2.49701496108517619e-07
4.11042337681715016e-10
2.50017468284040943e-07
4.13589051677093051e-10
2.50329194266856122e-07
4.16000143979906326e-10
2.50636388850172422e-07
4.18432621921394575e-10
2.50938341416013098e-07
4.21081435028135039e-10
2.51233802987586241e-07
4.23830582754605503e-10
2.51521152113436573e-07
4.25488730439578175e-10
2.51799465604642594e-07
4.22274770395240681e-10
2.52071737687715746e-07
4.05455690788635128e-10
2.52350631052256605e-07
3.60547247555473526e-10
2.52660678506071228e-07
2.76472439337998401e-10
2.53013663419093122e-07
1.79823505229831054e-10
2.53403370360328214e-07
9.59092056804509289e-11
2.53860388256969523e-07
-1.54618058386322777e-11
2.54174561150816685e-07
2.54775350110397478e-10
2.54368775645293916e-07
4.81645396433640121e-10
2.54439006449971683e-07
6.38483210326123899e-10
2.5446288789073869e-07
6.49336157577428912e-10
2.54599226384541326e-07
4.46330400626571914e-10
2.54824466535531872e-07
2.71723331732113272e-10
2.55107544573096084e-07
2.38519803992161259e-10
2.55436102141270972e-07
2.46455295548463371e-10
2.55753494869832129e-07
3.02585808758164329e-10
2.56061004279986973e-07
3.36239611192596632e-10
2.56368539540394586e-07
3.30196610289729938e-10
2.56687398029331999e-07
2.87891587832667397e-10
2.57008542597484443e-07
2.4889399157010114e-10
2.57292403267562016e-07
2.27358566700562619e-10
2.57543480164220564e-07
1.94807385795488745e-10
2.57751392420429947e-07
1.8097933696350725e-10
2.04410218016294196e-10
2.27370296619166571e-07
1.15896549733133903e-13
2.28157370256210753e-07
5.26558485712055634e-14
2.28932401896159641e-07
3.06607931203675826e-13
2.29694486194826162e-07
1.36537923934499086e-13
2.30441953306849472e-07
1.37763996488580028e-13
2.3117388123238703e-07
1.87934414072147894e-13
2.3189013114913351e-07
2.76177746829469829e-13
2.32590424656935589e-07
4.99817546140900716e-13
2.33274254668526891e-07
7.73275942284519888e-13
2.33941229420492434e-07
1.08734696258515444e-12
2.34591341506619358e-07
1.43214121671152656e-12
2.3522481018619006e-07
1.80820084772884597e-12
2.35841854612554086e-07
2.21894173203622772e-12
2.36442675226057166e-07
2.66816163459400621e-12
2.37027552783740938e-07
3.16044230612939736e-12
2.37596879492653597e-07
3.70167827545472745e-12
2.38151106223275834e-07
4.29907311706720501e-12
2.38690697025778881e-07
4.96070065033568066e-12
2.39216128742537752e-07
5.69522361178726486e-12
2.39727901936047798e-07
6.51184020930531858e-12
2.40226557539618147e-07
7.42016556875979767e-12
2.40712645634178917e-07
8.42891009274182247e-12
2.41186714228728114e-07
9.54870169634425314e-12
2.41649308431892016e-07
1.07909090454405291e-11
2.42100968494185963e-07
1.21670118070332507e-11
2.42542226478637435e-07
1.368858965896262e-11
2.42973603205704074e-07
1.5367190917267597e-11
2.43395607579253826e-07
1.72135505589198543e-11
2.43808738564588473e-07
1.92367744718155384e-11
2.44213473948010114e-07
2.14608170133831128e-11
2.44610278291009889e-07
2.38990794887570012e-11
2.44999600216052391e-07
2.65642914460624076e-11
2.45381870464119949e-07
2.94692507330920324e-11
2.45757502353726348e-07
3.26237418465043084e-11
2.46126891787511246e-07
3.60338487822862399e-11
2.46490418078427429e-07
3.9701202898217344e-11
2.46848446751117416e-07
4.36233977734068061e-11
2.47201333983946302e-07
4.77989718067842059e-11
2.47549427636245571e-07
5.2244105496486919e-11
2.47893026797958343e-07
5.70530668283043619e-11
2.4823227177992197e-07
6.24552975502687606e-11
2.48567288830410366e-07
6.84308885332297409e-11
2.4889817788334299e-07
7.48614147784574668e-11
2.49225103083519923e-07
8.14446112448832641e-11
2.49548319517531782e-07
8.78255879543969589e-11
2.49868106459518986e-07
9.38017954001023614e-11
2.50184623108833962e-07
9.9483182000955216e-11
2.50497692298891423e-07
1.05363118636639625e-10
2.5080650773857312e-07
1.12265680182179904e-10
2.51109254217013359e-07
1.21083787016728648e-10
2.51402649162704139e-07
1.32093460417188632e-10
2.5168148972002474e-07
1.43433863476156286e-10
2.51939435021702817e-07
1.47509965573085297e-10
2.52176712602777666e-07
1.23269040307470627e-10
2.5241815096493082e-07
3.50328789486988613e-11
2.52547899547169702e-07
5.00723104983954964e-11
2.52264960619692219e-07
3.78846609561173224e-10
2.51817809816019346e-07
4.31688108241148744e-10
2.52089622953779515e-07
-1.70392629145617112e-11
2.52807813942548465e-07
-2.36549577861666788e-10
2.53811836923845876e-07
-3.65543833477587662e-10
2.54797515535493135e-07
-3.36345722299309288e-10
2.55374561038025603e-07
-1.30718496635628924e-10
2.55494126446583409e-07
1.52154849193218186e-10
2.55522319418926768e-07
2.1032610082176626e-10
2.555862764777482e-07
1.82497639760412252e-10
2.5574464972900538e-07
1.44212108529569831e-10
2.55987685107910063e-07
9.32042217931159181e-11
2.56267535161703628e-07
5.03467144039320573e-11
2.56528680691175825e-07
2.67463381124957173e-11
2.56780971972654632e-07
-3.3964688294252746e-12
2.57033521803606025e-07
-2.51901650377995923e-11
2.57266800342379994e-07
-3.8470418709491429e-11
2.57488523280941983e-07
-4.07433324809639836e-11
-4.27507106695305381e-11
2.27376698276555015e-07
-7.96915083231512768e-10
2.28162792907130507e-07
-7.86042333110059873e-10
2.28937317251783554e-07
-7.74218118845264903e-10
2.29698324413864011e-07
-7.60871002268757161e-10
2.30444428997273338e-07
-7.459671943052182e-10
2.31174916831883621e-07
-7.30300284024892692e-10
2.3188956384769453e-07
-7.14371232927696574e-10
2.32588253412172144e-07
-6.98190140792477024e-10
2.33270556317208176e-07
-6.81530022336267838e-10
2.33936129138488195e-07
-6.64485864104587361e-10
2.3458497777280597e-07
-6.47416882336911874e-10
2.352173221950222e-07
-6.30536609105859914e-10
2.35833375490814408e-07
-6.13834739916719311e-10
2.36433328877161283e-07
-5.9728560830332073e-10
2.37017452885127628e-07
-5.80963947178130876e-10
2.37586129643081905e-07
-5.64975458441649719e-10
2.38139801383088127e-07
-5.49373043470989265e-10
2.3867892590449935e-07
-5.34164193344803961e-10
2.3920397708851473e-07
-5.19356328932748042e-10
2.39715455812144251e-07
-5.04967249264189775e-10
2.40213890760193787e-07
-4.91015143942726288e-10
2.40699833691222832e-07
-4.77514379252079326e-10
2.41173831077651648e-07
-4.64449038146906873e-10
2.41636428044619153e-07
-4.51806407896603828e-10
2.42088165783782648e-07
-4.3957107264755396e-10
2.42529576614641662e-07
-4.27722583178836186e-10
2.42961179701934815e-07
-4.16236233790408239e-10
2.43383477899577114e-07
-4.05084980813343501e-10
2.43796954406312772e-07
-3.94240062474796887e-10
2.44202083638229812e-07
-3.83668741254133661e-10
2.44599323781787997e-07
-3.73341387407373197e-10
2.44989117022890217e-07
-3.6322927169049444e-10
2.45371889379118133e-07
-3.53303422982558356e-10
2.45748050108638653e-07
-3.43537304126268893e-10
2.46117994139454458e-07
-3.33910497241836033e-10
2.46482108691131072e-07
-3.24413662277762883e-10
2.46840786410997907e-07
-3.1505463418820286e-10
2.47194450844005785e-07
-3.05865772634573276e-10
2.47543614652896211e-07
-2.96920014539364116e-10
2.47889049715880824e-07
-2.8838230929449801e-10
2.48232004571294034e-07
-2.804998725349181e-10
2.48573861542480701e-07
-2.73426401364939565e-10
2.48915826910518524e-07
-2.67104282925331451e-10
2.49258498330459476e-07
-2.61227150783276407e-10
2.49601767772225184e-07
-2.55444210420684142e-10
2.49945141078936047e-07
-2.49571880618072918e-10
2.50288384813880939e-07
-2.43760935540017338e-10
2.50632356014014569e-07
-2.38608474363468643e-10
2.50979785391499795e-07
-2.35164104384861893e-10
2.51335549788447622e-07
-2.34681036459973181e-10
2.5170572860630765e-07
-2.38085803971064017e-10
2.5209412732145818e-07
-2.44965293371873079e-10
2.5249309333626393e-07
-2.51456417116477547e-10
2.52862069585766101e-07
-2.45707402697705505e-10
2.53097427421066689e-07
-2.00324946707669284e-10
2.53209273230532866e-07
-6.17739848931641989e-11
2.53493984617763126e-07
9.41344918331516708e-11
2.53705832861021625e-07
2.1983761781138043e-10
2.53856542890492435e-07
-1.67750052139080513e-10
2.54076025260398511e-07
-4.56031289752283068e-10
2.54314167286075459e-07
-6.03685703703931754e-10
2.54522835059238565e-07
-5.45013421584816426e-10
2.54605049768409458e-07
-2.12932514972512419e-10
2.54703741478365181e-07
5.34652296657460306e-11
2.5484583550926931e-07
6.82328546365100008e-11
2.55071653015101361e-07
-4.33201848551829914e-11
2.55417795496920232e-07
-2.01931117778627863e-10
2.55827432683961036e-07
-3.16434013834382017e-10
2.56266997723270757e-07
-3.89219206962178965e-10
2.56677992622445458e-07
-3.84249459223550907e-10
2.57034923316519573e-07
-3.60327937852643897e-10
2.57302175532594951e-07
-2.92443120219947032e-10
2.57456762377614525e-07
-1.93057795415285927e-10
2.5754968131645599e-07
-1.33662695503366744e-10
-1.27886836480156625e-10
2.27594584981803083e-07
-1.591133400926704e-09
2.28376986446380099e-07
-1.5684441677221036e-09
2.2914817128992251e-07
-1.54540334261074853e-09
2.29906514860839881e-07
-1.5192149555100857e-09
2.30650333787338493e-07
-1.48978650321280569e-09
2.31378805804465311e-07
-1.45877268807694788e-09
2.32091885466972564e-07
-1.42745128633638152e-09
2.32789350877471295e-07
-1.39565594267261893e-09
2.33470626619341312e-07
-1.36280615570829564e-09
2.34135288398025716e-07
-1.32914803346069685e-09
2.34783306141518814e-07
-1.29543501471284265e-09
2.35414851296912533e-07
-1.26208215138596894e-09
2.36030093111069468e-07
-1.22907693941572477e-09
2.36629213701613907e-07
-1.19640658187561247e-09
2.37212497684728011e-07
-1.16424831059777852e-09
2.37780337625542044e-07
-1.13281577664008876e-09
2.38333176311772946e-07
-1.10221210567191119e-09
2.38871471102565165e-07
-1.07245935576882318e-09
2.39395701659145008e-07
-1.04358725311351203e-09
2.39906379487243503e-07
-1.01564544260586838e-09
2.40404036960044597e-07
-9.88672978464232794e-10
2.40889205588085774e-07
-9.6268336401824438e-10
2.41362423677150418e-07
-9.37667481558606872e-10
2.41824227520715528e-07
-9.13610600809270805e-10
2.42275151421332249e-07
-8.90495319247882009e-10
2.42715724918207636e-07
-8.68296421394962934e-10
2.43146467943959932e-07
-8.46979596835596146e-10
2.43567887323427899e-07
-8.26504694502417895e-10
2.43980475408189539e-07
-8.0682847712483532e-10
2.44384711376050559e-07
-7.87905035642013679e-10
2.44781056983009441e-07
-7.69687317805112858e-10
2.45169954841800411e-07
-7.5212745046475482e-10
2.45551827814869447e-07
-7.3517671379399857e-10
2.45927077773737986e-07
-7.18787578743753804e-10
2.46296085134062725e-07
-7.02918171431066098e-10
2.46659210187595993e-07
-6.87539026637189561e-10
2.47016796529473859e-07
-6.72641286052399561e-10
2.47369175719672381e-07
-6.58245270409822187e-10
2.47716666675804628e-07
-6.44411277067473673e-10
2.48059536200787278e-07
-6.31252136776042662e-10
2.48397944717770459e-07
-6.18908690196030061e-10
2.48731968331106208e-07
-6.0745031167982013e-10
2.49061684179827956e-07
-5.96820422560879752e-10
2.49387305117583687e-07
-5.86848372356271303e-10
2.49709195005257185e-07
-5.77334373870992307e-10
2.50027785161731923e-07
-5.68162303255121084e-10
2.50343371597067386e-07
-5.59347628483066382e-10
2.50655831482514503e-07
-5.51068608263729647e-10
2.50964255748147087e-07
-5.4358860794416552e-10
2.51266468781384028e-07
-5.36894288263316495e-10
2.51558403821057929e-07
-5.30021037224183258e-10
2.518328101578407e-07
-5.19371784038480838e-10
2.52076484539539469e-07
-4.95130890999203739e-10
2.52265820503235879e-07
-4.35043314283230485e-10
2.52378466947925035e-07
-3.12970869759511148e-10
2.52572466161013012e-07
-2.55770857312131702e-10
2.53107593335593155e-07
-4.40991296808006946e-10
2.53826829553843691e-07
-4.99397705276595822e-10
2.54133593653665407e-07
-4.74514606506486962e-10
2.54186890834460989e-07
-5.09328126495236863e-10
2.54063787476487068e-07
-4.80581833659588057e-10
2.53987192331807043e-07
-4.68417856238843154e-10
2.54266191832551238e-07
-4.91930914264510206e-10
2.54820264299469722e-07
-5.00606920308045908e-10
2.55405827488941866e-07
-5.17330681963839727e-10
2.55884403196719984e-07
-5.21895940136147244e-10
2.56210926778186017e-07
-5.28454685183602202e-10
2.56442654449675264e-07
-5.48161851708414239e-10
2.56619539547755031e-07
-5.66104979678420193e-10
2.5679899558726036e-07
-5.63705711375821728e-10
2.56986778593548265e-07
-5.48111283913525478e-10
2.57218848059474974e-07
-5.24513072366227078e-10
2.57497064532410672e-07
-4.71274932665708232e-10
2.57778220734383466e-07
-4.14819715529731627e-10
-3.58087669506590707e-10
2.27811126532018438e-07
-2.39526155179138197e-09
2.28605332493895741e-07
-2.36265050338251695e-09
2.29388015609634167e-07
-2.3280868372942901e-09
2.30157000958036153e-07
-2.2882006855722887e-09
2.30910201267084929e-07
-2.24298719558560576e-09
2.31647129592880633e-07
-2.1957013997796575e-09
2.32368004123257264e-07
-2.1483262042770881e-09
2.33072524478873576e-07
-2.10017668772242562e-09
2.33760062031028415e-07
-2.0503440960137143e-09
2.34430336758252317e-07
-1.99942314915556841e-09
2.35083478291925698e-07
-1.94857693554852828e-09
2.35719703363954867e-07
-1.89830760857709398e-09
2.36339168370212568e-07
-1.84854232964997992e-09
2.36942063367935782e-07
-1.79930196092932793e-09
2.37528702908349252e-07
-1.75088823074290819e-09
2.38099502538757888e-07
-1.70361578433163031e-09
2.3865491580615765e-07
-1.65762574745102049e-09
2.3919540860231469e-07
-1.61295252385125735e-09
2.39721481071705208e-07
-1.56966008938640686e-09
2.40233666043288769e-07
-1.52783077937259906e-09
2.40732512734124268e-07
-1.4875200312820377e-09
2.41218572569683808e-07
-1.44874355666796744e-09
2.41692394755992778e-07
-1.41149002018794964e-09
2.42154524846224859e-07
-1.37574104070037975e-09
2.42605503014451301e-07
-1.3414738328870806e-09
2.43045861289730654e-07
-1.30865503744845111e-09
2.43476120753844673e-07
-1.27723939802575877e-09
2.43896789728079457e-07
-1.24717400261092114e-09
2.44308362866467836e-07
-1.21840194436062571e-09
2.44711320576156466e-07
-1.19086307180407429e-09
2.45106126952032983e-07
-1.1644940171977318e-09
2.45493227568407722e-07
-1.13922838670963483e-09
2.45873047791691314e-07
-1.11499725368228272e-09
2.46245991259563176e-07
-1.09173136008649535e-09
2.46612439648454612e-07
-1.06936687132387167e-09
2.46972755354449654e-07
-1.04785504198164596e-09
2.47327285698854833e-07
-1.02717193759734456e-09
2.47676362137163635e-07
-1.00732201223100915e-09
2.48020286610447326e-07
-9.88336050956599744e-10
2.48359302867379411e-07
-9.70268692331299531e-10
2.48693568073828568e-07
-9.53174190916982214e-10
2.49023110216507651e-07
-9.36992744623665509e-10
2.4934786033683701e-07
-9.21570826571386229e-10
2.4966775317082308e-07
-9.06741483061146559e-10
2.49982761049079818e-07
-8.92342519095907926e-10
2.50292865461444984e-07
-8.78266971409062214e-10
2.50597937245299009e-07
-8.64419654368478428e-10
2.50897629221150911e-07
-8.50760810888397413e-10
2.51191304745144022e-07
-8.37264337612313032e-10
2.51477711964096799e-07
-8.23301689601070872e-10
2.51755028463231985e-07
-8.07337683894682752e-10
2.5202177000455319e-07
-7.8611343001563709e-10
2.52280671660248397e-07
-7.54032581382073991e-10
2.52550964234451809e-07
-7.05335812649739311e-10
2.52885015892664735e-07
-6.47022262261004569e-10
2.53258412797799941e-07
-6.29167322481774444e-10
2.5351211861925817e-07
-6.94697463761101268e-10
2.53742920635161683e-07
-7.30200299746153174e-10
2.53990463425559939e-07
-7.22057641471033205e-10
2.54210434469848578e-07
-7.29299275357476267e-10
2.54461695647621246e-07
-7.3184306219161887e-10
2.54731281622943439e-07
-7.3800436168447155e-10
2.54989613911005648e-07
-7.50264682226526103e-10
2.55239674758994549e-07
-7.50669881012587808e-10
2.55483622728613577e-07
-7.61280353300079953e-10
2.55754149597622256e-07
-7.92424240974958607e-10
2.56059667724891102e-07
-8.33974536122793978e-10
2.5635151485449846e-07
-8.40010821230318675e-10
2.56617467738310922e-07
-8.32060080950040367e-10
2.56869031752031931e-07
-8.15272391821603615e-10
2.57105331611856004e-07
-7.84414469721960444e-10
2.57332178975103377e-07
-7.51364118021919501e-10
2.57575198459669063e-07
-7.14299161121505935e-10
2.57818904300072443e-07
-6.58531364447008027e-10
-5.92062704424449048e-10
2.28395663118551788e-07
-3.19497061305991708e-09
2.29184961699076211e-07
-3.15194945912607886e-09
2.29965042220774825e-07
-3.10816773726205646e-09
2.30731745588772793e-07
-3.05490443294583e-09
2.31482106273356559e-07
-2.99334826275414698e-09
2.32216069005738256e-07
-2.92966451602702657e-09
2.32934069111356032e-07
-2.86632669544486086e-09
2.33635481515671023e-07
-2.80158947859058743e-09
2.34319344600186264e-07
-2.7342075672521229e-09
2.34985391886320001e-07
-2.66547082162546474e-09
2.35633840513913583e-07
-2.59702594922397805e-09
2.36264902987264566e-07
-2.52937046597397025e-09
2.36878704155248352e-07
-2.46234388104484442e-09
2.37475443274817292e-07
-2.39604146115694218e-09
2.38055462072514469e-07
-2.33090740709778555e-09
2.38619187396738656e-07
-2.26734148544112141e-09
2.39167066282272341e-07
-2.20550500637971632e-09
2.39699567698009809e-07
-2.14545431113534079e-09
2.40217188130129917e-07
-2.08728088935024538e-09
2.40720456097708864e-07
-2.03109911157682639e-09
2.41209918882051295e-07
-1.97698317562501034e-09
2.41686127817007663e-07
-1.92495284920932466e-09
2.42149636134549209e-07
-1.87499869093608886e-09
2.42600997270302592e-07
-1.82710252529148501e-09
2.43040760382417047e-07
-1.78123729067496539e-09
2.43469465544503974e-07
-1.73736053978888532e-09
2.43887640669507981e-07
-1.69541486051023993e-09
2.44295800010967166e-07
-1.65533367693315567e-09
2.44694443218371102e-07
-1.61704548180031646e-09
2.45084054379162186e-07
-1.58047455960035355e-09
2.45465100524332876e-07
-1.54554048443973218e-09
2.45838029444445685e-07
-1.51215762628170348e-09
2.46203266286235048e-07
-1.48023441082603369e-09
2.46561208291523905e-07
-1.44967367778614526e-09
2.46912218938946905e-07
-1.42037782941230106e-09
2.47256625127303908e-07
-1.39226153916888505e-09
2.47594719514680645e-07
-1.36526662953538884e-09
2.47926763045377283e-07
-1.33936584554440675e-09
2.48252982430403732e-07
-1.31455573603798096e-09
2.48573561647720068e-07
-1.29084820574719464e-09
2.48888637755643101e-07
-1.26825059145541579e-09
2.49198395569591153e-07
-1.24675084817244052e-09
2.49503098051099981e-07
-1.22627359592502733e-09
2.49803022980860213e-07
-1.20666669767558889e-09
2.50098403432223893e-07
-1.18772325536079678e-09
2.5038931474561537e-07
-1.16917857326213163e-09
2.5067557252463394e-07
-1.15067772636751246e-09
2.50956682893622565e-07
-1.13187148065187097e-09
2.51231782867433642e-07
-1.11236462466571905e-09
2.51499930705199722e-07
-1.09144985746894767e-09
2.5176054310720762e-07
-1.06795043958863369e-09
2.52014660309164863e-07
-1.04023101529575771e-09
2.52267472608486562e-07
-1.00684522440796245e-09
2.52531226654273447e-07
-9.6909027059542443e-10
2.52820783058272894e-07
-9.36579245573332876e-10
2.53121202820136103e-07
-9.29588107650436018e-10
2.53382852289208315e-07
-9.56348898825055051e-10
2.53632690223315253e-07
-9.80040833001555376e-10
2.538983381386131e-07
-9.87707880433275923e-10
2.54164416306455169e-07
-9.95380597656486808e-10
2.54425679722249991e-07
-9.93111045747090606e-10
2.54656179952886431e-07
-9.68511246285894926e-10
2.54830064232999103e-07
-9.24157026460080719e-10
2.54958798217137196e-07
-8.79411308276341005e-10
2.55078217431560874e-07
-8.80709792583120079e-10
2.55221044115148419e-07
-9.35264605831143091e-10
2.55411489110488444e-07
-1.02443845107632075e-09
2.55675637369869932e-07
-1.1041747818996084e-09
2.55973190114742113e-07
-1.12963500997799176e-09
2.56280553154506549e-07
-1.1226650375526462e-09
2.56599469469820206e-07
-1.10335979231798993e-09
2.56891278601199683e-07
-1.04320325111666144e-09
2.57131502609690156e-07
-9.54562928579833338e-10
2.57311578042810712e-07
-8.3865599628000598e-10
-7.0296742893417895e-10
2.29005144679322116e-07
-3.99896509820951999e-09
2.29801776945079701e-07
-3.94858209965186478e-09
2.3058766336886802e-07
-3.89405453836872639e-09
2.31356177047410767e-07
-3.82341849060654602e-09
2.32104543069055641e-07
-3.74171466523811417e-09
2.32833859124677265e-07
-3.65898095483546419e-09
2.33544802394913667e-07
-3.57727035024960889e-09
2.3423645916897826e-07
-3.49324663761744649e-09
2.34907966822308437e-07
-3.40571560559696701e-09
2.35559267004651549e-07
-3.31677138899610021e-09
2.36190684008897571e-07
-3.22844333760452182e-09
2.36802444093418312e-07
-3.14113093366916981e-09
2.37394723529813064e-07
-3.05462369850536806e-09
2.37967837572819843e-07
-2.96915588463372017e-09
2.38522249075167133e-07
-2.88531928768458049e-09
2.39058491760530823e-07
-2.80358454643737834e-09
2.39577102962366755e-07
-2.72411658139364957e-09
2.400786401284534e-07
-2.64699184675911044e-09
2.40563692557817919e-07
-2.57233368606981763e-09
2.41032871061614944e-07
-2.50027797897495e-09
2.41486792323220345e-07
-2.43090479847223694e-09
2.41926070950722943e-07
-2.36423183406898653e-09
2.42351318959997403e-07
-2.30024705348725872e-09
2.4276314465505712e-07
-2.23892856849734771e-09
2.43162148400193552e-07
-2.18024138034045953e-09
2.4354891820702139e-07
-2.12413068725051591e-09
2.43924027281823717e-07
-2.070524273197964e-09
2.44288032992202781e-07
-2.01933972064475562e-09
2.44641476033355475e-07
-1.97048885232394029e-09
2.44984879566150976e-07
-1.92387841916630428e-09
2.45318748466307665e-07
-1.87940970885958013e-09
2.45643568128857422e-07
-1.83697760895571291e-09
2.45959801960431792e-07
-1.79646856269307001e-09
2.46267887688714819e-07
-1.75775972518704958e-09
2.46568235195092513e-07
-1.72072565658313383e-09
2.46861229864296683e-07
-1.68525653159375771e-09
2.47147237889928729e-07
-1.65127498582145384e-09
2.47426595885224891e-07
-1.61872418174779622e-09
2.47699589866980116e-07
-1.58755007563359614e-09
2.47966432215038098e-07
-1.55769093657233298e-09
2.48227191937932786e-07
-1.52901073594190699e-09
2.48481860492621428e-07
-1.50141987880033009e-09
2.48730427636515288e-07
-1.47484130256190579e-09
2.48972892404260444e-07
-1.44913211003639639e-09
2.4920931909650348e-07
-1.42415072481655317e-09
2.4943996030435784e-07
-1.3998206793770248e-09
2.49665045137400772e-07
-1.37576367146796933e-09
2.49884694830502192e-07
-1.35152262403320755e-09
2.50098884684541294e-07
-1.32655642238163558e-09
2.50307592142234748e-07
-1.30015996458011127e-09
2.50511136868463757e-07
-1.2714987680664311e-09
2.50710825876529309e-07
-1.23992294697067259e-09
2.50909649708676162e-07
-1.20567258124005577e-09
2.51111735493819808e-07
-1.17118005416028142e-09
2.51317920243122783e-07
-1.14276958120211735e-09
2.51517578498114421e-07
-1.12925451196113215e-09
2.51693922819527761e-07
-1.13270521177094517e-09
2.5185479691324795e-07
-1.14093214404303956e-09
2.52015213668573907e-07
-1.14814889861274043e-09
2.52179135722232977e-07
-1.15933679987347224e-09
2.52356538226826853e-07
-1.17055715938933009e-09
2.52551049077641596e-07
-1.16307484649628574e-09
2.52731359031126152e-07
-1.10452816800542376e-09
2.5286289672594649e-07
-1.01102512913098699e-09
2.52983013226984346e-07
-1.00092964838196593e-09
2.53161899888786568e-07
-1.11429613605436909e-09
2.53357242849601033e-07
-1.21992935424924391e-09
2.53520895030306707e-07
-1.26796618645373558e-09
2.53678489900808955e-07
-1.28740903582489981e-09
2.53818779172470199e-07
-1.26315186732145908e-09
2.53947972618187802e-07
-1.23274350693273979e-09
2.54104620638146744e-07
-1.20009338922465626e-09
2.54286970848704252e-07
-1.13724642278919694e-09
2.5447271073388328e-07
-1.02475158467681261e-09
-8.65671764665143406e-10
2.29815779949315342e-07
-4.74669408671642518e-09
2.30553019243448627e-07
-4.68582176730020623e-09
2.31277556631447199e-07
-4.6185923025158845e-09
2.31979354121543248e-07
-4.52521635719225714e-09
2.32655571939397279e-07
-4.4179328625258359e-09
2.33308015871552978e-07
-4.31142526876258091e-09
2.33937182629894818e-07
-4.20643749073678837e-09
2.34542031325801367e-07
-4.09809571795467031e-09
2.35122174761212868e-07
-3.98585942473070509e-09
2.35678183570916992e-07
-3.87278058204450927e-09
2.362107083953004e-07
-3.76096854490944163e-09
2.36720156797062134e-07
-3.65057971705265747e-09
2.37206936986836338e-07
-3.54140426918074294e-09
2.37671647337991665e-07
-3.43386661463584135e-09
2.38115021169591383e-07
-3.32869349716814085e-09
2.38537799426923214e-07
-3.22636317901634009e-09
2.38940727064199258e-07
-3.12704459193051171e-09
2.39324570559076218e-07
-3.030835711409871e-09
2.39690121159722263e-07
-2.93788465369265298e-09
2.40038177797011974e-07
-2.84833497954955309e-09
2.40369530180377959e-07
-2.76225754255378752e-09
2.40684952866781387e-07
-2.67965487758342179e-09
2.40985204603800087e-07
-2.60049914320475718e-09
2.41271025990403651e-07
-2.52475030442447834e-09
2.41543135276578936e-07
-2.45235101302388887e-09
2.41802225355946676e-07
-2.38322110958318715e-09
2.42048963056825823e-07
-2.31726231428399287e-09
2.4228398947909241e-07
-2.25436648108882526e-09
2.4250792024409514e-07
-2.19441995655562343e-09
2.42721346064852659e-07
-2.13730457924058924e-09
2.42924833706550802e-07
-2.08289769832010041e-09
2.43118925395572156e-07
-2.03106965794739001e-09
2.43304132608752701e-07
-1.98167616002561818e-09
2.4348092103636229e-07
-1.93454857536578223e-09
2.43649692199903411e-07
-1.88949730827021391e-09
2.43810783283565871e-07
-1.84634820187988952e-09
2.43964501415593901e-07
-1.8049938433730274e-09
2.44111144486715456e-07
-1.76536817180537627e-09
2.44251006658087084e-07
-1.72741344470516644e-09
2.44384466190022282e-07
-1.69115206585872338e-09
2.44512044676769756e-07
-1.65659146050414244e-09
2.44634212835059786e-07
-1.623592108648699e-09
2.4475137009156369e-07
-1.59200891804191782e-09
2.44863722408735099e-07
-1.5614850547255561e-09
2.44971306814266406e-07
-1.53173969890505423e-09
2.45073997528268513e-07
-1.50251828560624006e-09
2.45171685693113709e-07
-1.47346145936950545e-09
2.45264248490390643e-07
-1.44409900866613046e-09
2.45351588423479628e-07
-1.41391052297146e-09
2.45433794727134897e-07
-1.38238299482470713e-09
2.45511364460904565e-07
-1.34909281919216186e-09
2.45585589816092956e-07
-1.31418038464814535e-09
2.45658810928027365e-07
-1.27892810134686744e-09
2.45733732854851487e-07
-1.24614006009333891e-09
2.45810834615095378e-07
-1.21992538660500373e-09
2.45885764049550395e-07
-1.20426688406827709e-09
2.45953552916129471e-07
-1.20061704445625459e-09
2.46018799133515964e-07
-1.20634716153067585e-09
2.46091031005981253e-07
-1.22061769490685992e-09
2.46172300989561453e-07
-1.240917669526057e-09
2.46251620236187062e-07
-1.25022650683717577e-09
2.46296269824508323e-07
-1.20812450548395677e-09
2.46273824138398032e-07
-1.08257585391718733e-09
2.46158783638978264e-07
-8.96648578853074151e-10
2.45977640778026707e-07
-8.20720770713732949e-10
2.45822475898933718e-07
-9.60161402148350543e-10
2.45817049462955707e-07
-1.21542709794250932e-09
2.45953715014649678e-07
-1.40558721330750741e-09
2.4610469917559873e-07
-1.43948470648964914e-09
2.46273717376149364e-07
-1.43330067730084197e-09
2.46412475219151431e-07
-1.37289246719630672e-09
2.46513089833545202e-07
-1.30246235726252438e-09
2.46568256902287279e-07
-1.19700553333668522e-09
2.4657938188071596e-07
-1.03626729726162577e-09
-8.22803415283747874e-10
2.29196597880880865e-07
-5.28978120775373823e-09
2.29721875066220289e-07
-5.21109932368998178e-09
2.30217845660556153e-07
-5.1145632712616151e-09
2.30676986033086295e-07
-4.98435710645813886e-09
2.31101323260021942e-07
-4.84227046694432564e-09
2.31493990203945322e-07
-4.70409259287265785e-09
2.31855345938121297e-07
-4.56779360582892041e-09
2.32185205792873859e-07
-4.42795595480844477e-09
2.32484607320100299e-07
-4.28526133375612715e-09
2.32755251253437558e-07
-4.14342489785592806e-09
2.32998616741532735e-07
-4.00433441454342969e-09
2.33215948661455717e-07
-3.86791201835707376e-09
2.33408519223727922e-07
-3.7339752109911997e-09
2.33577691510638411e-07
-3.60303928015281138e-09
2.3372481403323937e-07
-3.47581639753554543e-09
2.33851150909793068e-07
-3.35270042979596708e-09
2.33957906450536255e-07
-3.23380050327301171e-09
2.34046256730579502e-07
-3.11918636043331999e-09
2.34117345088056604e-07
-3.00897337680888192e-09
2.34172264194543343e-07
-2.90325444996390685e-09
2.3421205027145691e-07
-2.802043979858131e-09
2.34237687043070896e-07
-2.70529200693604891e-09
2.34250109451405743e-07
-2.61292190743738799e-09
2.34250203155397239e-07
-2.52484436467792818e-09
2.34238803136061533e-07
-2.44095135157878085e-09
2.34216694601542193e-07
-2.36111294371271725e-09
2.34184616088329931e-07
-2.2851841881549203e-09
2.34143262549662766e-07
-2.21301336318119567e-09
2.34093287539998948e-07
-2.14444542320600052e-09
2.34035306918727685e-07
-2.07932452582561394e-09
2.33969904896646942e-07
-2.01749639082790725e-09
2.33897641883510622e-07
-1.95880760430161282e-09
2.33819061740028778e-07
-1.90309738525220035e-09
2.33734691578428118e-07
-1.85018048074006772e-09
2.33645023867769667e-07
-1.79983286445693527e-09
2.33550504452397543e-07
-1.75183421380849492e-09
2.33451539705875423e-07
-1.7060355442984389e-09
2.33348390872168959e-07
-1.66222755700069567e-09
2.33241113857099752e-07
-1.62014852847930361e-09
2.33129691199767362e-07
-1.57974655327577087e-09
2.33014144064074301e-07
-1.54106800031576536e-09
2.32894569700591267e-07
-1.50404976949469646e-09
2.32771251038666072e-07
-1.46873342077010669e-09
2.32644790227940413e-07
-1.43507536784968509e-09
2.32515799944111553e-07
-1.40281183693062491e-09
2.3238477831713852e-07
-1.37157729158890028e-09
2.32252159263497764e-07
-1.3409474617141983e-09
2.32118345413488419e-07
-1.31039944741843318e-09
2.3198369344575619e-07
-1.27937117899827433e-09
2.31848487984700675e-07
-1.24733022245590526e-09
2.31712788466832948e-07
-1.21361509609770213e-09
2.31576742896377328e-07
-1.17842348359955827e-09
2.3143990457415441e-07
-1.14239061297906663e-09
2.31300334514445759e-07
-1.10690369152676641e-09
2.31154940883162451e-07
-1.07502170528721006e-09
2.30999627835576364e-07
-1.04969629612798023e-09
2.30830671847646075e-07
-1.03273730888955025e-09
2.30647163460949238e-07
-1.02432648137745647e-09
2.30452826511850188e-07
-1.02814364962456325e-09
2.30258725341584491e-07
-1.04937541854026033e-09
2.30103626877870214e-07
-1.09708443550008311e-09
2.30053686337051194e-07
-1.16135025413899652e-09
2.30020404660358057e-07
-1.05377301829481451e-09
2.29747895421579696e-07
-6.26633823616826336e-10
2.29449787247427007e-07
-5.32256914106674396e-10
2.29299622008157881e-07
-8.13242224467327493e-10
2.29058245269684518e-07
-9.7813658165995396e-10
2.28820873895914025e-07
-1.17347651005448962e-09
2.28607056190871617e-07
-1.23098421005372017e-09
2.2836907824060809e-07
-1.20155018403025186e-09
2.28166848458062777e-07
-1.17877087874517864e-09
2.28024020557263344e-07
-1.1692105931782441e-09
2.27975532497226842e-07
-1.16041030778759178e-09
2.2798371893902919e-07
-1.05446904752718439e-09
-8.12294682239522084e-10
2.22925852519937661e-07
-5.14760306523242596e-09
2.22746838104085471e-07
-5.03208527841426851e-09
2.22525732597105233e-07
-4.8934581373086663e-09
2.22266058101424584e-07
-4.72468298488729522e-09
2.21974660297277448e-07
-4.55087303987589966e-09
2.21654829808102092e-07
-4.38426248162824817e-09
2.21308247525665558e-07
-4.22121170308755655e-09
2.20937571247672297e-07
-4.05728005684035714e-09
2.20546039109479516e-07
-3.89372957661212313e-09
2.20136302764209474e-07
-3.73368893401612912e-09
2.19710418653614649e-07
-3.57845068494744491e-09
2.19270300138739874e-07
-3.4277938828335462e-09
2.18817916396592718e-07
-3.28159184785326138e-09
2.18355147690568097e-07
-3.14027095072689142e-09
2.17883642198082168e-07
-3.00431128077486915e-09
2.17404833393290457e-07
-2.87389199917289684e-09
2.16920021390306598e-07
-2.74898887120805527e-09
2.16430406959147846e-07
-2.62957229832822906e-09
2.15937077289448891e-07
-2.51564407432234207e-09
2.15440994697212891e-07
-2.40717222510115835e-09
2.14943010845984722e-07
-2.30406050130298954e-09
2.14443885121393974e-07
-2.20616667035265594e-09
2.13944296558429302e-07
-2.11333376227323044e-09
2.13444848804630208e-07
-2.02539709118013953e-09
2.12946074836130082e-07
-1.94217797761921797e-09
2.12448444109116445e-07
-1.86348301790666237e-09
2.11952371227298075e-07
-1.78911246630976229e-09
2.11458222763024985e-07
-1.71886668398902471e-09
2.10966322216157423e-07
-1.65254780179602145e-09
2.10476955993163053e-07
-1.58996204201789175e-09
2.09990376892808041e-07
-1.53092285737031244e-09
2.0950680984751477e-07
-1.47524958042764042e-09
2.09026449760594952e-07
-1.42275158003279717e-09
2.08549445900533212e-07
-1.37319912390723558e-09
2.08075838843027048e-07
-1.32626108497952284e-09
2.07605605708942393e-07
-1.28165498812970298e-09
2.07138965608493903e-07
-1.23947496651499717e-09
2.0667627134953264e-07
-1.19964755747046057e-09
2.06217765475648303e-07
-1.16180246863473003e-09
2.05763831459397489e-07
-1.12603124561277183e-09
2.05314648656518061e-07
-1.09218144532202511e-09
2.04870140363967635e-07
-1.05994908897314122e-09
2.04430002941405115e-07
-1.02901444085287602e-09
2.03993977926259608e-07
-9.99497145891243592e-10
2.0356187181653562e-07
-9.7133373803517236e-10
2.03133900829756869e-07
-9.44356663829614878e-10
2.02710501250884261e-07
-9.18184718605023138e-10
2.0229168443118518e-07
-8.92269760873837349e-10
2.01877334912168797e-07
-8.66026126958047623e-10
2.01467594612255714e-07
-8.39056840893768736e-10
2.01063503664822241e-07
-8.11728906906343425e-10
2.0066735682522402e-07
-7.84520380331649622e-10
2.00280269500172069e-07
-7.57447010681216966e-10
1.99901586964916289e-07
-7.30726453944575178e-10
1.99527616133952009e-07
-7.04242589526151136e-10
1.99152261551340921e-07
-6.79959702174401616e-10
1.98770610622907118e-07
-6.595347897258365e-10
1.98379754389244397e-07
-6.47389694061381988e-10
1.97991231404134249e-07
-6.48844164288499096e-10
1.97608403130818268e-07
-6.77471779743165701e-10
1.972438791087148e-07
-7.46691036710040088e-10
1.96907344380412166e-07
-8.45035612857003146e-10
1.96618097264440273e-07
-7.81874732461019371e-10
1.96074820793976705e-07
-1.01971815322756936e-10
1.95204177311487511e-07
3.1959526643756816e-10
1.94211075588638107e-07
1.57794937864221559e-10
1.9377441305474783e-07
-5.67807837260402028e-10
1.93618717264660752e-07
-1.04680594577519051e-09
1.93408287023386119e-07
-1.05843643220546528e-09
1.93155327022171173e-07
-9.84399570883018592e-10
1.92819214240223609e-07
-8.73622978957762217e-10
1.92432622903503249e-07
-8.17447120943921953e-10
1.92052322169861004e-07
-8.23336768258047748e-10
1.91742683163629467e-07
-7.77230463367287039e-10
-5.41633542135233339e-10
1.96341535152091045e-07
-3.54516293724114633e-09
1.94711753476443573e-07
-3.40230397148702241e-09
1.93069511368700042e-07
-3.25121640184068196e-09
1.91437120894041642e-07
-3.09229288272531309e-09
1.89822686391215207e-07
-2.93643891284966383e-09
1.88225652399721428e-07
-2.78722886754641132e-09
1.86647114538955372e-07
-2.64267421975833765e-09
1.85091554650076397e-07
-2.50172054906406591e-09
1.83563078848069139e-07
-2.36525415340813545e-09
1.82063655130210961e-07
-2.23426559621861561e-09
1.80594130130379339e-07
-2.10892606422067863e-09
1.79155344799129736e-07
-1.98900893036036075e-09
1.77748242475128721e-07
-1.87448990064328531e-09
1.76373493817704487e-07
-1.76552267004028e-09
1.75031350456671858e-07
-1.66216829349145667e-09
1.73721782804901239e-07
-1.56432472042978461e-09
1.72444628584490698e-07
-1.47183502484642298e-09
1.71199623790099184e-07
-1.38456788250771918e-09
1.69986380272076035e-07
-1.3024009539232139e-09
1.68804388390650972e-07
-1.22518079197049012e-09
1.67653046863817733e-07
-1.15271954954364589e-09
1.66531694841214678e-07
-1.08481550383015704e-09
1.65439626971395858e-07
-1.02126724252257459e-09
1.64376100671085736e-07
-9.61873069148561215e-10
1.63340344112154054e-07
-9.06425340974933232e-10
1.6233156639341029e-07
-8.54711894665067025e-10
1.61348968839077443e-07
-8.06525650441091543e-10
1.60391749454166692e-07
-7.61664548048974209e-10
1.59459105393556451e-07
-7.19931380742981753e-10
1.58550233585600409e-07
-6.81134627884660585e-10
1.57664337311694446e-07
-6.45098206035141927e-10
1.5680064469907279e-07
-6.11673207396633636e-10
1.55958436163393019e-07
-5.80733534794000232e-10
1.55137035462831206e-07
-5.52116330616974209e-10
1.54335799637017082e-07
-5.25574566339756255e-10
1.53554106413105579e-07
-5.007578855258558e-10
1.52791010922455532e-07
-4.77345368859251103e-10
1.52045202330869122e-07
-4.55172529072612185e-10
1.51314825574339983e-07
-4.33095062492137298e-10
1.50599576591167596e-07
-4.1325737824079781e-10
1.49899106752591075e-07
-3.95133830287127688e-10
1.49214669045226841e-07
-3.78578829353212444e-10
1.48545798242349726e-07
-3.63539984264572487e-10
1.47892222714567287e-07
-3.49764796604793511e-10
1.47254554520729361e-07
-3.37057160262667157e-10
1.46632376804188432e-07
-3.25311493920011049e-10
1.46024934535938668e-07
-3.14403351158350232e-10
1.45432394498915589e-07
-3.03952316564585497e-10
1.44854993190672818e-07
-2.93242691611106557e-10
1.44292234012130896e-07
-2.81561765728736826e-10
1.43742128034643124e-07
-2.68630519556107351e-10
1.43202267253804823e-07
-2.546292013174827e-10
1.42670544213234199e-07
-2.40100034272729135e-10
1.42147884288537789e-07
-2.24997746280268543e-10
1.41631093054688787e-07
-2.09585933767474944e-10
1.41115286554437971e-07
-1.93528822891589685e-10
1.40596773881430395e-07
-1.77263973590434674e-10
1.40073551332977387e-07
-1.61010955117137703e-10
1.39533544900981373e-07
-1.44724208359232357e-10
1.38942479138827606e-07
-1.28323235092167064e-10
1.38257205953315407e-07
-1.14702436812294295e-10
1.37468399326669018e-07
-1.29841075889442337e-10
1.36948320370857507e-07
-3.18108398913435769e-10
1.37208184456239897e-07
-4.0151233584927983e-10
1.37178700593345928e-07
2.97045032976777363e-10
1.36497916840745973e-07
7.67316215618609489e-10
1.35409668024985863e-07
4.0583003617950789e-10
1.3463525721324562e-07
-3.27165204630488711e-10
1.34102286627151132e-07
-5.91418990593372801e-10
1.33629514776282426e-07
-5.73202280534257934e-10
1.33150582037296017e-07
-4.53748168164152842e-10
1.32589173750094277e-07
-3.30724014677622868e-10
1.31991047646306407e-07
-3.22026815583907623e-10
1.31592674387061937e-07
-4.44359073954402056e-10
-4.00590914531385537e-10
1.14479349672777542e-07
1.11077045335085811e-07
1.07825828563972364e-07
1.047335353097168e-07
1.01797096023848132e-07
9.90098667811479203e-08
9.636719218532979e-08
9.38654712588903678e-08
9.15002167276727649e-08
8.92659507537454673e-08
8.71570243117935544e-08
8.51680150041289285e-08
8.32935247264838784e-08
8.15280016803229575e-08
7.98658330087660085e-08
7.83015078970014394e-08
7.68296724403196304e-08
7.5445104002783739e-08
7.41427021639501837e-08
7.29175196552679243e-08
7.17647964544436273e-08
7.06799731362287221e-08
6.96586899750620421e-08
6.86967853820597536e-08
6.77902977869903341e-08
6.69354871822882565e-08
6.6128825625086158e-08
6.53669503019776446e-08
6.46466836988762419e-08
6.39650110039845134e-08
6.33190514679604503e-08
6.2706010321570833e-08
6.21231237432698918e-08
6.15676507767752437e-08
6.10368993705792273e-08
6.05282494137218886e-08
6.00390277754497209e-08
5.95667373040383923e-08
5.91119671186799034e-08
5.8683445894607555e-08
5.82778903106707132e-08
5.78918872745351972e-08
5.75224342033548725e-08
5.71673501975757197e-08
5.6824998231339336e-08
5.64940989664844792e-08
5.61737830714859983e-08
5.58635672424401598e-08
5.55634288468240578e-08
5.52744073971964301e-08
5.49978892044670979e-08
5.47348675068960948e-08
5.44857867750053685e-08
5.42515827089491605e-08
5.40324023240529543e-08
5.38287922203990432e-08
5.36414103857234339e-08
5.34702974772297846e-08
5.33145080173668488e-08
5.31740945814395599e-08
5.30478537190838716e-08
5.29082177745796012e-08
5.258222677614294e-08
5.21738450917292227e-08
5.24678860597561367e-08
5.32309588445478338e-08
5.36287208487896407e-08
5.33019592920883004e-08
5.27093343013108874e-08
5.21325953841790932e-08
5.16736104447902601e-08
5.13453366742976527e-08
5.10222167230620335e-08
5.0573622167572517e-08
)
;

boundaryField
{
    reactingWall
    {
        type            calculated;
        value           uniform 0;
    }
    inertWall
    {
        type            calculated;
        value           uniform 0;
    }
    inlet
    {
        type            calculated;
        value           nonuniform List<scalar> 
20
(
-2.13293586128751322e-07
-2.13293524057374066e-07
-2.13293521919389877e-07
-2.13293495955786497e-07
-2.13293493571029529e-07
-2.13293481187153042e-07
-2.13293479596410768e-07
-2.13293473659218504e-07
-2.13293473460355549e-07
-2.13293471273366931e-07
-2.13293471174059094e-07
-2.13293473425693532e-07
-2.13293473649411106e-07
-2.13293479590046506e-07
-2.13293481182897231e-07
-2.13293493567595525e-07
-2.13293495952857854e-07
-2.13293521916638952e-07
-2.13293524054709829e-07
-2.132935861261031e-07
)
;
    }
    outlet
    {
        type            calculated;
        value           nonuniform List<scalar> 
20
(
4.76631477105886038e-08
1.29189986215640569e-07
1.90375436648714796e-07
2.27345894753391512e-07
2.46119272391424449e-07
2.5444788464335504e-07
2.57307538118203324e-07
2.57997999095794346e-07
2.57895784317140523e-07
2.57735683841775401e-07
2.57634817161585896e-07
2.58008420715647395e-07
2.5805287226736595e-07
2.57422426362810149e-07
2.54635038512822078e-07
2.46534499055809134e-07
2.27964494930280809e-07
1.91442593853954856e-07
1.31402715960430198e-07
5.01732838191713697e-08
)
;
    }
    defaultFaces
    {
        type            empty;
        value           nonuniform List<scalar> 0();
    }
}


// ************************************************************************* //
